"Woonplaats","Indicatie Hoofdvestiging","Rechtsvorm","Rechtsvorm omschrijving","Hoofdactiviteit","Omschrijving hoofdactiviteit","Nevenactiviteit 1","Omschrijving nevenactiviteit 1","Nevenactiviteit 2","Omschrijving nevenactiviteit 2","Import","Export",Datum oprichting,Datum akte oprichting,Datum Inschrijving,Datum vestiging,Datum vestiging huidig adres,Datum opheffing,Datum voortzetting,"Indicator surseance - faillissement - schuldsanering",boekjaar,Datum deponering jaarstuk
"Tiel","H","41","Besloten vennootschap met gewone structuur","6420","Financiële holdings","","","","","","",20000526,20000526,20000529,20000526,20100801,0,0,"",2020,20210617
"Gennep","H","01","Eenmanszaak","7311","Reclamebureaus","4639","GH voedings-/genotmiddelen algemeen ass.","8121","Interieurreiniging van gebouwen","","",0,0,20180405,20000529,20180325,0,0,"",0,0
"Velddriel","H","01","Eenmanszaak","5630","Cafés","85592","Bedrijfsopleiding en -training","86929","Samenwerkingsorganen ohgv gez.zorg","","",0,0,20140412,19920302,0,0,20010402,"",0,0
"Roggel","","72","Vereniging met beperkte rechtsbevoegdheid","93144","Bowlen, kegelen, biljarten e.d.","","","","","","",19670128,0,0,0,0,0,0,"",0,0
"Roermond","","74","Stichting","94997","Overige belangenbehartiging (rest)","","","","","","",20000522,20000522,0,0,0,0,0,"",0,0
"Zoetermeer","H","41","Besloten vennootschap met gewone structuur","4941","Goederenvervoer over weg (geen verhuiz.)","","","","","N","N",20010406,20010406,20050211,20000301,20060426,0,20010406,"",2020,20210705
"Swolgen","","74","Stichting","70222","Advisering ohgv management/bedrijfsv.","","","","","","",20000522,20000522,0,0,0,0,0,"",0,0
"Venlo","H","01","Eenmanszaak","47591","Winkels in meubels","4941","Goederenvervoer over weg (geen verhuiz.)","","","J","J",0,0,20000529,20000901,0,0,0,"",0,0
"Amstenrade","H","01","Eenmanszaak","86919","Overige paramedische praktijken","","","","","N","N",0,0,20000526,19991001,0,0,0,"",0,0
"Maastricht","H","01","Eenmanszaak","1413","Vervaardiging van overige bovenkleding","","","","","N","N",0,0,20000529,20000529,20070503,0,0,"",0,0
"Sittard","H","41","Besloten vennootschap met gewone structuur","6201","Ontwikkelen/produceren/uitgeven software","70102","Holdings (geen financiële)","70221","Organisatie-adviesbureaus","N","N",19941213,19941213,20020628,19940701,20191201,0,19941213,"",2020,20210720
"'s-Hertogenbosch","H","41","Besloten vennootschap met gewone structuur","8292","Pakken, sorteren e.d. in loon","46696","Groothandel in emballage","","","N","N",20000831,20000831,20000523,20000426,20050401,0,20000831,"",2020,20211018
"Westerhoven","H","41","Besloten vennootschap met gewone structuur","6420","Financiële holdings","","","","","N","N",20000518,20000518,20000523,20000518,0,0,0,"",2020,20210614
"Nuenen","H","41","Besloten vennootschap met gewone structuur","70221","Organisatie-adviesbureaus","","","","","","",20000524,20000524,20000525,20000524,0,0,0,"",2020,20211217
"Veldhoven","H","41","Besloten vennootschap met gewone structuur","6420","Financiële holdings","","","","","N","N",20000518,20000518,20000523,20000518,20150729,0,0,"",2020,20220224
"Geldrop","H","01","Eenmanszaak","4120","Algemene burgerlijke en utiliteitsbouw","","","","","N","N",0,0,20000525,20000527,20210318,0,20070101,"",0,0
"Valkenswaard","H","11","Vennootschap onder firma","4333","Afwerking van vloeren en wanden","","","","","","",19990401,0,20000525,19990401,0,0,0,"",0,0
"Someren","H","41","Besloten vennootschap met gewone structuur","6420","Financiële holdings","","","","","N","N",20000524,20000524,20000525,20000524,20001001,0,0,"",2020,20211026
"Eindhoven","H","41","Besloten vennootschap met gewone structuur","70221","Organisatie-adviesbureaus","6420","Financiële holdings","","","N","N",20000524,20000524,20000525,20000524,0,0,0,"",2020,20210727
"Bergeijk","H","01","Eenmanszaak","2830","Verv. mach./werktuigen land- en bosbouw","4120","Algemene burgerlijke en utiliteitsbouw","","","","",0,0,20000526,20000526,20071207,0,0,"",0,0
"Heeswijk-Dinther","H","01","Eenmanszaak","7311","Reclamebureaus","","","","","","",0,0,20000526,20000601,20060601,0,0,"",0,0
"Soerendonk","H","11","Vennootschap onder firma","4333","Afwerking van vloeren en wanden","","","","","","",20000601,0,20000526,20000601,0,0,0,"",0,0
"Oss","H","41","Besloten vennootschap met gewone structuur","6420","Financiële holdings","","","","","N","N",20000522,20000522,20000525,20000522,0,0,0,"",2020,20211221
"Eindhoven","H","01","Eenmanszaak","0161","Dienstverl. akker- en/of tuinbouw","2561","Oppervlaktebeh. en bekleding van metaal","","","N","N",0,0,20080721,20000602,20080716,0,0,"",0,0
"'s-Hertogenbosch","H","41","Besloten vennootschap met gewone structuur","6420","Financiële holdings","","","","","","",20010227,20010227,20030310,20000601,20030227,0,20010227,"",2020,20210614
"Eindhoven","H","01","Eenmanszaak","69203","Boekhoudkantoren","4942","Verhuisvervoer","8121","Interieurreiniging van gebouwen","N","N",0,0,20000526,20000601,20200504,0,0,"",0,0
"Veghel","H","41","Besloten vennootschap met gewone structuur","2651","Verv. meet-/regel-/navigatie-/contr.app,","","","","","J","J",20050530,20050530,20000526,20000601,20071205,0,20050530,"",2020,20210727
"Boxmeer","H","11","Vennootschap onder firma","47716","Winkels in onderkleding, foundations ed.","","","","","","",20000601,0,20000526,20000601,0,0,0,"",0,0
"Westerhoven","H","41","Besloten vennootschap met gewone structuur","6420","Financiële holdings","","","","","N","N",20000518,20000518,20000526,20000518,0,0,0,"",2020,20211105
"Veldhoven","H","41","Besloten vennootschap met gewone structuur","6420","Financiële holdings","","","","","","",20000518,20000518,20000524,20000518,20030101,0,0,"",2021,20220301
"Gemonde","H","11","Vennootschap onder firma","4616","HB textiel/kleding/schoeisel/lederwaren","6311","Gegevensverw./webhosting/aanverw. activ.","","","N","N",20030701,0,20000529,20000529,20200701,0,20030701,"",0,0
"Beek en Donk","H","01","Eenmanszaak","70221","Organisatie-adviesbureaus","","","","","N","N",0,0,20000529,20000501,20111026,0,0,"",0,0
"Amersfoort","H","41","Besloten vennootschap met gewone structuur","6420","Financiële holdings","","","","","","",20000810,20000810,20040413,20000601,20060831,0,20000810,"",2020,20220117
"Schijndel","H","11","Vennootschap onder firma","55102","Hotels (geen hotel-rest.)/pens./conf.o.","","","","","","",20080101,0,20000529,20000601,0,0,20080101,"",0,0
"Dongen","H","41","Besloten vennootschap met gewone structuur","1512","Verv. koffers, tassen, zadels e.d.","46242","GH leer en halffabrikaten van leer","","","","",20000517,20000517,20000526,20000517,20010411,0,0,"",2020,20210813
"Oisterwijk","H","01","Eenmanszaak","85519","Overig sport- en recreatieonderwijs","","","","","","",0,0,20000526,20000601,20041201,0,0,"",0,0
"Dongen","H","41","Besloten vennootschap met gewone structuur","70102","Holdings (geen financiële)","","","","","","",20000524,20000524,20000526,20000524,20101029,0,0,"",2021,20220322
"Chaam","H","01","Eenmanszaak","96022","Schoonheidsverzorging/pedi-/manicures","","","","","N","N",0,0,20071222,20000601,20140310,0,0,"",0,0
"Waalwijk","H","41","Besloten vennootschap met gewone structuur","4391","Dakdekken en bouwen van dakconstructies","4120","Algemene burgerlijke en utiliteitsbouw","","","","",20041208,20041208,20000529,20000605,20170101,0,20041208,"",2020,20210902
"Hank","H","01","Eenmanszaak","5530","Kampeerterreinen","","","","","","",0,0,20000529,20000601,0,0,0,"",0,0
"Goirle","H","41","Besloten vennootschap met gewone structuur","70102","Holdings (geen financiële)","","","","","","",20000331,20000331,20000529,20000331,20101104,0,0,"",2020,20211019
"Dongen","","71","Vereniging met volledige rechtsbevoegdheid","64303","Beleggingsinst. met beperkte toetreding","","","","","","",20000207,20000524,0,0,0,0,0,"",0,0
"Rotterdam","N","41","Besloten vennootschap met gewone structuur","47593","Winkels art. woninginrichting alg. ass.","","","","","","",19740620,19740620,20000529,20000224,0,0,0,"",2022,0
"'s-Gravenhage","N","41","Besloten vennootschap met gewone structuur","47593","Winkels art. woninginrichting alg. ass.","","","","","","",19740620,19740620,20000529,20000406,0,0,0,"",2022,0
"Sellingen","H","11","Vennootschap onder firma","86919","Overige paramedische praktijken","9609","Overige dienstverlening (rest)","","","","",20060101,0,20040220,20000524,20150119,0,20060101,"",0,0
"Hoogerheide","H","41","Besloten vennootschap met gewone structuur","6612","Commissionairs/makelaars in effecten ed","","","","","","",20000825,20000825,20000526,20000525,0,0,20000825,"",2020,20211110
"Oosterhout","H","41","Besloten vennootschap met gewone structuur","6420","Financiële holdings","","","","","","",20000825,20000825,20000526,20000525,20111128,0,20000825,"",2021,20220315
"Hoeven","H","01","Eenmanszaak","9609","Overige dienstverlening (rest)","","","","","","",0,0,20000526,20000526,0,0,0,"",0,0
"Oosterhout","H","41","Besloten vennootschap met gewone structuur","6420","Financiële holdings","","","","","N","N",20081222,20081222,20000526,20000526,20220401,0,20081222,"",2020,20220315
"Oosterhout","H","01","Eenmanszaak","8553","Auto- en motorrijscholen","","","","","","",0,0,20000529,20000606,0,0,0,"",0,0
"Nieuwerkerk","","74","Stichting","93111","Zwembaden","93211","Pret- en themaparken","","","","",20000512,20000512,0,0,0,0,0,"",0,0
"Oost-Souburg","H","01","Eenmanszaak","85519","Overig sport- en recreatieonderwijs","96022","Schoonheidsverzorging/pedi-/manicures","","","N","N",0,0,20000526,20000529,20150201,0,0,"",0,0
"Goes","","71","Vereniging met volledige rechtsbevoegdheid","94991","Gezelligheidsverenigingen","","","","","","",20000504,20000504,0,0,0,0,0,"",0,0
"Zierikzee","H","41","Besloten vennootschap met gewone structuur","47593","Winkels art. woninginrichting alg. ass.","","","","","N","N",20000524,20000524,20000526,19870601,20020810,0,20000524,"",2020,20211217
"Oostburg","H","01","Eenmanszaak","96021","Haarverzorging","","","","","N","N",0,0,20000529,19950906,20040105,0,20000601,"",0,0
"Noordgouwe","H","41","Besloten vennootschap met gewone structuur","6420","Financiële holdings","","","","","N","N",20000526,20000526,20000529,20000526,0,0,0,"",2020,20211214
"Zuidzande","","74","Stichting","9002","Dienstverlening voor uitvoerende kunst","","","","","","",20000522,20000522,0,0,0,0,0,"",0,0
"Heinkenszand","H","41","Besloten vennootschap met gewone structuur","6420","Financiële holdings","70222","Advisering ohgv management/bedrijfsv.","","","N","N",20000525,20000525,20000529,20000525,20071004,0,0,"",2020,20210610
"Borssele","H","41","Besloten vennootschap met gewone structuur","2562","Algemene metaalbewerking","","","","","N","N",20000525,20000525,20000529,19190000,0,0,20000525,"",2021,20220506
"Wemeldinge","H","41","Besloten vennootschap met gewone structuur","6420","Financiële holdings","","","","","N","N",20000526,20000526,20000529,19371000,0,0,20000526,"",2020,20220225
"Tholen","H","01","Eenmanszaak","4120","Algemene burgerlijke en utiliteitsbouw","","","","","N","N",0,0,20000529,20000601,20180901,0,0,"",0,0
"Dordrecht","H","41","Besloten vennootschap met gewone structuur","6420","Financiële holdings","","","","","N","N",20000526,20000526,20030812,20000526,20030701,0,0,"",2020,20211214
"Amersfoort","H","01","Eenmanszaak","4120","Algemene burgerlijke en utiliteitsbouw","74201","Fotografie","7490","Overige special. zakelijke dienstverl.","N","N",0,0,20180918,19900901,20180903,0,20100322,"",0,0
"Capelle aan den IJssel","H","41","Besloten vennootschap met gewone structuur","46693","GH verbrandingsmotoren/pompen/compress.","7112","Ingenieurs/overig techn. ontwerp/advies","","","N","N",20000706,20000706,20000525,20000525,20180125,0,20000706,"",2020,20211108
"Gouda","H","41","Besloten vennootschap met gewone structuur","68204","Verh. onroerend goed (niet v woonruimte)","","","","","","",20000728,20000728,20000526,20000401,20180924,0,20000728,"",2019,20200905
"Rotterdam","","72","Vereniging met beperkte rechtsbevoegdheid","94997","Overige belangenbehartiging (rest)","","","","","","",20000519,0,0,0,0,0,0,"",0,0
"Zuidland","H","01","Eenmanszaak","96022","Schoonheidsverzorging/pedi-/manicures","","","","","N","N",0,0,20000526,20000526,20200704,0,0,"",0,0
"Schiedam","","74","Stichting","93195","Organiseren van sportevenementen","","","","","","",20000519,20000519,0,0,0,0,0,"",0,0
"Oostkapelle","H","11","Vennootschap onder firma","53202","Koeriers","2312","Vormen en bewerken van vlakglas","","","","",20080605,0,20210809,20000601,20210801,0,20080605,"",0,0
"Gouda","H","01","Eenmanszaak","7311","Reclamebureaus","4332","Bouwtimmeren","","","","",0,0,20000526,20000601,0,0,0,"",0,0
"Hoek van Holland","","74","Stichting","9002","Dienstverlening voor uitvoerende kunst","","","","","","",20000522,20000522,0,0,0,0,0,"",0,0
"Oud-Beijerland","H","41","Besloten vennootschap met gewone structuur","64303","Beleggingsinst. met beperkte toetreding","","","","","","",20000525,20000525,20000526,20000525,20140415,0,0,"",2019,20210519
"Hendrik-Ido-Ambacht","H","41","Besloten vennootschap met gewone structuur","6420","Financiële holdings","","","","","","",20000525,20000525,20000526,20000525,20040301,0,0,"",2021,20220321
"Rotterdam","H","41","Besloten vennootschap met gewone structuur","6420","Financiële holdings","","","","","N","N",20000524,20000524,20000526,20000524,20210604,0,0,"",2020,20211124
"Ridderkerk","H","41","Besloten vennootschap met gewone structuur","6420","Financiële holdings","","","","","N","N",20000810,20000810,20000526,20000518,20001101,0,20000810,"",2020,20210804
"Dordrecht","H","01","Eenmanszaak","4120","Algemene burgerlijke en utiliteitsbouw","","","","","","",0,0,20000526,20000601,20160813,0,0,"",0,0
"Capelle aan den IJssel","H","01","Eenmanszaak","9529","Reparatie van overige consumentenart.","88101","Thuiszorg","","","N","N",0,0,20000529,20000605,20170824,0,20051201,"",0,0
"Zevenhuizen","","74","Stichting","94996","Overige ideële organisaties (rest)","","","","","","",20000410,20000410,0,0,0,0,0,"",0,0
"Maassluis","H","41","Besloten vennootschap met gewone structuur","6420","Financiële holdings","","","","","","",20000331,20000331,20000529,20000331,0,0,0,"",2019,20201019
"Oud-Beijerland","H","01","Eenmanszaak","70221","Organisatie-adviesbureaus","","","","","N","N",0,0,20000529,20000601,0,0,0,"",0,0
"Amsterdam","H","41","Besloten vennootschap met gewone structuur","4652","GH elektronische/telecommunicatieapp.","","","","","J","J",20000626,20000626,20190717,20000301,20190701,0,20000626,"",2021,20211209
"Rotterdam","H","41","Besloten vennootschap met gewone structuur","52291","Expediteurs/cargadoors/bevrachters e.d.","","","","","N","N",20001109,20001109,20000529,20000529,20210329,0,20001109,"",2020,20211229
"Rotterdam","H","41","Besloten vennootschap met gewone structuur","6420","Financiële holdings","","","","","N","N",20001011,20001011,20000529,20000529,20210329,0,20001011,"",2020,20211229
"Gorinchem","H","41","Besloten vennootschap met gewone structuur","70222","Advisering ohgv management/bedrijfsv.","","","","","","",20000526,20000526,20080630,20000526,20080515,0,0,"",2017,20181221
"Rotterdam","H","01","Eenmanszaak","4120","Algemene burgerlijke en utiliteitsbouw","","","","","N","N",0,0,20000529,20000529,20060116,0,0,"",0,0
"Papendrecht","H","41","Besloten vennootschap met gewone structuur","6420","Financiële holdings","","","","","N","N",20010115,20010115,20000529,20000529,20151209,0,20010115,"",2020,20220308
"'s-Gravenhage","H","41","Besloten vennootschap met gewone structuur","47918","Internethandel overige non-food","6202","Advisering ohgv informatietechnologie","78202","Uitleenbureaus","N","N",20010330,20010330,20120124,20000101,20120124,0,20010330,"",2020,20220512
"Maasdijk","H","41","Besloten vennootschap met gewone structuur","93196","Overkoepelende organen e.d. (sport)","","","","","N","N",20000620,20000620,20000525,20000518,0,0,20000620,"",2020,20210311
"Delft","H","41","Besloten vennootschap met gewone structuur","6202","Advisering ohgv informatietechnologie","","","","","N","N",20000428,20000428,20000525,20000428,0,0,0,"",2020,20220223
"Dordrecht","H","41","Besloten vennootschap met gewone structuur","70222","Advisering ohgv management/bedrijfsv.","","","","","N","N",20000721,20000721,20180621,20000601,20180603,0,20000721,"",2020,20210331
"'s-Gravenhage","H","74","Stichting","90012","Producenten van podiumkunst","","","","","N","N",20000522,20000522,20160916,20090101,20160901,0,0,"",0,0
"Amsterdam","H","41","Besloten vennootschap met gewone structuur","6420","Financiële holdings","","","","","N","N",20000406,20000406,20200313,20000406,20191205,0,0,"",2020,20211220
"'s-Gravenhage","H","01","Eenmanszaak","7490","Overige special. zakelijke dienstverl.","5630","Cafés","","","N","N",0,0,20000526,20000526,20181001,0,0,"",0,0
"Naaldwijk","H","01","Eenmanszaak","4120","Algemene burgerlijke en utiliteitsbouw","","","","","N","N",0,0,20000526,20000529,0,0,0,"",0,0
"Zoetermeer","H","01","Eenmanszaak","6201","Ontwikkelen/produceren/uitgeven software","","","","","J","N",0,0,20000526,20000501,0,0,0,"",0,0
"'s-Gravenzande","","71","Vereniging met volledige rechtsbevoegdheid","93129","Overige buitensport","","","","","","",20000526,0,0,0,0,0,0,"",0,0
"Zoetermeer","H","71","Vereniging met volledige rechtsbevoegdheid","5629","Kantines en contractcatering","","","","","N","N",20000401,0,20190102,20190101,0,0,0,"",0,0
"'s-Gravenhage","H","01","Eenmanszaak","4932","Vervoer per taxi","","","","","N","N",0,0,20000526,20000526,20040401,0,0,"",0,0
"Delft","H","41","Besloten vennootschap met gewone structuur","7112","Ingenieurs/overig techn. ontwerp/advies","","","","","N","N",20000707,20000707,20000529,20000524,20060717,0,20000707,"F",2017,20181221
"Giethoorn","H","01","Eenmanszaak","4120","Algemene burgerlijke en utiliteitsbouw","","","","","N","N",0,0,20180112,20000504,20180101,0,0,"",0,0
"'s-Gravenhage","H","41","Besloten vennootschap met gewone structuur","69104","Deurwaarderskantoren","","","","","N","N",20000516,20000516,20000529,20000516,20070901,0,0,"",2020,20210820
"Zoetermeer","H","01","Eenmanszaak","6622","Assurantietussenpersonen","69203","Boekhoudkantoren","","","N","N",0,0,20000529,20000601,20001001,0,0,"",0,0
"'s-Gravenhage","H","11","Vennootschap onder firma","93299","Ov. recreatie (rest)(geen jachthavens)","85592","Bedrijfsopleiding en -training","","","","",20080101,0,20000529,20000522,0,0,20080101,"",0,0
"Lisse","","74","Stichting","69209","Overige administratiekantoren","","","","","","",20000525,20000525,0,0,0,0,0,"",0,0
"Noordwijk","H","01","Eenmanszaak","46462","GH med./tandheelk.instr./verpl.art. e.d.","86922","Arbobegeleiding en reïntegratie","","","N","N",0,0,20000525,20000601,0,0,0,"",0,0
"'s-Gravenhage","H","01","Eenmanszaak","4777","Winkels in juweliersartikelen/uurwerken","3212","Bewerken edelstenen en verv. sieraden","","","N","N",0,0,20010831,20000515,20010831,0,0,"",0,0
"Zoeterwoude","H","11","Vennootschap onder firma","52291","Expediteurs/cargadoors/bevrachters e.d.","","","","","N","N",20000523,0,20010511,20000522,0,0,20000523,"",0,0
"Leiderdorp","H","01","Eenmanszaak","69209","Overige administratiekantoren","","","","","N","N",0,0,20000526,20000601,0,0,0,"",0,0
"Lisse","H","21","Commanditaire vennootschap","94997","Overige belangenbehartiging (rest)","","","","","N","N",20000412,0,20000529,20000412,20140501,0,0,"",0,0
"Noordwijkerhout","H","41","Besloten vennootschap met gewone structuur","70102","Holdings (geen financiële)","","","","","N","N",20000511,20000511,20210713,20000511,20210707,0,0,"",2020,20220525
"Oegstgeest","H","01","Eenmanszaak","96022","Schoonheidsverzorging/pedi-/manicures","96021","Haarverzorging","","","N","N",0,0,20000529,20000601,20020315,0,0,"",0,0
"Benthuizen","","74","Stichting","93195","Organiseren van sportevenementen","","","","","","",20000523,20000523,20060713,0,0,0,0,"",0,0
"Oegstgeest","H","01","Eenmanszaak","70221","Organisatie-adviesbureaus","85592","Bedrijfsopleiding en -training","","","","",0,0,20000529,20000520,0,0,0,"",0,0
"Breukelen","H","11","Vennootschap onder firma","47221","Winkels in vlees en vleeswaren","","","","","","",19780501,0,20000526,19700423,0,0,20000515,"",0,0
"Rhenen","H","11","Vennootschap onder firma","42112","Stratenmaken","","","","","","",20000501,0,20000526,20000501,20090303,0,0,"",0,0
"Utrecht","","74","Stichting","6420","Financiële holdings","","","","","","",20000526,20000526,0,0,0,0,0,"",0,0
"Woerden","H","41","Besloten vennootschap met gewone structuur","66191","Admin.kantoren voor aandelen/obligaties","","","","","","",20000511,20000511,20000526,20000511,20120521,0,0,"",2021,20220408
"Werkhoven","H","01","Eenmanszaak","2830","Verv. mach./werktuigen land- en bosbouw","0161","Dienstverl. akker- en/of tuinbouw","","","","",0,0,20000526,20000101,0,0,0,"",0,0
"Ochten","H","41","Besloten vennootschap met gewone structuur","6420","Financiële holdings","","","","","","",20000522,20000522,20000526,20000522,20211201,0,0,"",2021,20220513
"Nieuwegein","","74","Stichting","88992","Maatschappelijk werk","","","","","","",20000518,20000518,0,0,0,0,0,"",0,0
"Houten","H","01","Eenmanszaak","6201","Ontwikkelen/produceren/uitgeven software","6202","Advisering ohgv informatietechnologie","","","","",0,0,20000526,20000526,20100311,0,0,"",0,0
"Woerden","H","11","Vennootschap onder firma","96021","Haarverzorging","4311","Slopen van bouwwerken","","","","",20070101,0,20000529,20000602,0,0,20070101,"",0,0
"Utrecht","H","01","Eenmanszaak","4941","Goederenvervoer over weg (geen verhuiz.)","","","","","","",0,0,20000529,20000601,0,0,0,"",0,0
"Woerden","H","01","Eenmanszaak","4332","Bouwtimmeren","","","","","","",0,0,20000529,20000605,0,0,0,"",0,0
"Utrecht","H","01","Eenmanszaak","7912","Reisorganisatie","70221","Organisatie-adviesbureaus","86919","Overige paramedische praktijken","","",0,0,20000529,20000301,0,0,0,"",0,0
"Amsterdam","H","01","Eenmanszaak","55201","Verh. vakantiehuisjes en appartementen","","","","","","",0,0,20190909,20000601,20190909,0,0,"",0,0
"Hoofddorp","","74","Stichting","66191","Admin.kantoren voor aandelen/obligaties","","","","","","",20000523,20000523,20101209,0,0,0,0,"",0,0
"Amsterdam","H","41","Besloten vennootschap met gewone structuur","4651","GH computers, randapparatuur en software","7320","Markt- en opinieonderzoekbureaus","","","N","N",20000525,20000525,20021104,20000525,20021101,0,0,"",2015,20170317
"Veenendaal","H","41","Besloten vennootschap met gewone structuur","6420","Financiële holdings","","","","","","",20000526,20000526,20000529,20000526,0,0,0,"",2020,20220310
"Voorschoten","","74","Stichting","9103","Monumentenzorg","","","","","","",20000519,20000519,0,0,0,0,0,"",0,0
"Amersfoort","H","01","Eenmanszaak","7112","Ingenieurs/overig techn. ontwerp/advies","","","","","","",0,0,20061102,20000601,20060801,0,0,"",0,0
"Utrecht","H","41","Besloten vennootschap met gewone structuur","6420","Financiële holdings","","","","","","",20000529,20000529,20000529,20000529,20200325,0,0,"",2021,20220613
"Hoevelaken","H","01","Eenmanszaak","96031","Uitvaartverzorging","","","","","","",0,0,20000526,20000526,20081014,0,20020701,"",0,0
"Laren","H","01","Eenmanszaak","4331","Stukadoren","","","","","","",0,0,20000526,20000526,0,0,0,"",0,0
"Amersfoort","H","41","Besloten vennootschap met gewone structuur","6420","Financiële holdings","","","","","","",20000524,20000524,20000526,20000524,20220413,0,0,"",2021,20220517
"Amersfoort","H","01","Eenmanszaak","4312","Grondverzet","4120","Algemene burgerlijke en utiliteitsbouw","","","","",0,0,20000526,20000526,0,0,0,"",0,0
"Laren","H","01","Eenmanszaak","4120","Algemene burgerlijke en utiliteitsbouw","","","","","","",0,0,20000526,20000601,0,0,0,"",0,0
"Hilversum","H","41","Besloten vennootschap met gewone structuur","6202","Advisering ohgv informatietechnologie","78202","Uitleenbureaus","","","","",20070731,20070731,20000526,20000501,20021217,0,20070801,"",2020,20220309
"Amersfoort","H","41","Besloten vennootschap met gewone structuur","6420","Financiële holdings","","","","","N","N",20000516,20000516,20030602,20000516,20160930,0,0,"",2020,20220513
"Ruurlo","H","41","Besloten vennootschap met gewone structuur","6420","Financiële holdings","","","","","","",20000523,20000523,20210112,20000523,20210112,0,0,"",2019,20201022
"Bussum","H","41","Besloten vennootschap met gewone structuur","70221","Organisatie-adviesbureaus","","","","","J","N",20000427,20000427,20000529,20000427,20130530,0,0,"",2020,20211108
"Weesp","","74","Stichting","9103","Monumentenzorg","","","","","","",20000522,20000522,0,0,0,0,0,"",0,0
"Hilversum","H","41","Besloten vennootschap met gewone structuur","4753","Winkels in vloerbedekking en gordijnen","4333","Afwerking van vloeren en wanden","","","","",20000717,20000717,20000529,20000601,20071201,0,20000717,"",2020,20211105
"Amsterdam","H","11","Vennootschap onder firma","4775","Winkels in parfums en cosmetica","4645","Groothandel in parfums en cosmetica","7320","Markt- en opinieonderzoekbureaus","J","J",20000713,0,20000526,20000201,20210624,0,20000713,"",0,0
"Leerdam","H","41","Besloten vennootschap met gewone structuur","6420","Financiële holdings","","","","","N","N",20000501,20000501,20031125,20000501,20031110,0,0,"",2020,20211119
"Amsterdam","H","41","Besloten vennootschap met gewone structuur","6420","Financiële holdings","","","","","N","N",20000511,20000511,20000526,20000511,20150101,0,0,"",2020,20211026
"Overveen","H","41","Besloten vennootschap met gewone structuur","6420","Financiële holdings","","","","","N","N",20000711,20000711,20000526,20000501,20090201,0,20000711,"",2020,20211231
"De Kwakel","H","41","Besloten vennootschap met gewone structuur","68204","Verh. onroerend goed (niet v woonruimte)","6810","Handel in eigen onroerend goed","","","N","N",20000531,20000531,20000525,20000101,20001211,0,20000531,"",2020,20211202
"Amsterdam","H","41","Besloten vennootschap met gewone structuur","64301","Beleggingsinstell. in financiële activa","64303","Beleggingsinst. met beperkte toetreding","70222","Advisering ohgv management/bedrijfsv.","N","N",20000523,20000523,20000526,20000523,20140101,0,0,"",2020,20211001
"Santpoort-Noord","H","01","Eenmanszaak","71112","Interieurarchitecten","","","","","N","N",0,0,20000525,20000601,0,0,0,"",0,0
"Amsterdam","H","01","Eenmanszaak","4941","Goederenvervoer over weg (geen verhuiz.)","","","","","N","N",0,0,20000526,20000601,0,0,0,"",0,0
"Westzaan","H","41","Besloten vennootschap met gewone structuur","46692","GH mach./app.warmte-/koel-/vriestechniek","2825","Verv. apparaten industriële koeltechniek","","","N","N",20000523,20000523,20000526,20000523,20080312,0,0,"",2020,20211105
"Born","","74","Stichting","6420","Financiële holdings","","","","","","",20000217,20000217,0,0,0,0,0,"",0,0
"Amsterdam","H","41","Besloten vennootschap met gewone structuur","70221","Organisatie-adviesbureaus","","","","","N","N",20020827,20020827,20000526,20000526,0,0,20020827,"",2021,20220513
"Amsterdam","","74","Stichting","94911","Religieuze organisaties","","","","","","",20000515,20000515,0,0,0,0,0,"",0,0
"Amsterdam","","74","Stichting","94993","Steunfondsen (niet ohgv welzijnszorg)","","","","","","",20000426,20000426,0,0,0,0,0,"",0,0
"Amsterdam","H","41","Besloten vennootschap met gewone structuur","6420","Financiële holdings","","","","","N","N",20000518,20000518,20000526,20000518,0,0,0,"",2020,20210603
"Westknollendam","H","41","Besloten vennootschap met gewone structuur","6201","Ontwikkelen/produceren/uitgeven software","78202","Uitleenbureaus","70221","Organisatie-adviesbureaus","N","N",20001213,20001213,20070419,20000510,20070414,0,20001213,"",2021,20220404
"Amsterdam","","74","Stichting","91019","Ov. cult. uitleencentra en openb. arch.","91021","Musea","7220","Speur-/ontw.werk ogv maats./geesteswet.","","",20000420,20000420,0,0,0,0,0,"",0,0
"Amsterdam","","74","Stichting","6420","Financiële holdings","","","","","","",20000524,20000524,0,0,0,0,0,"",0,0
"Amsterdam","","71","Vereniging met volledige rechtsbevoegdheid","94994","Vriendenkringen ohgv cultuur / fanclubs","","","","","","",20000420,20000420,0,0,0,0,0,"",0,0
"Badhoevedorp","H","41","Besloten vennootschap met gewone structuur","6420","Financiële holdings","","","","","N","N",20000516,20000516,20000526,20000516,20110707,0,0,"",2020,20211221
"Uithoorn","H","41","Besloten vennootschap met gewone structuur","6420","Financiële holdings","","","","","N","N",20000519,20000519,20000526,20000519,20210617,0,0,"",2020,20220610
"Heemstede","H","41","Besloten vennootschap met gewone structuur","6420","Financiële holdings","","","","","N","N",20000811,20000811,20000526,20000515,0,0,20000811,"",2015,20160602
"Amsterdam","H","11","Vennootschap onder firma","4711","Supermarkten e.d. winkels alg.ass.v.gm.","","","","","N","N",20000526,0,20000526,19900101,0,0,20000526,"",0,0
"Zaandam","","74","Stichting","90011","Beoefening van podiumkunst","","","","","","",20000522,20000522,0,0,0,0,0,"",0,0
"Haarlem","","74","Stichting","32991","Sociale werkvoorziening","","","","","","",20000526,20000526,0,0,0,0,0,"",0,0
"Castricum","H","01","Eenmanszaak","4932","Vervoer per taxi","","","","","N","N",0,0,20170706,20000526,20170614,0,0,"",0,0
"Amstelveen","H","41","Besloten vennootschap met gewone structuur","6420","Financiële holdings","","","","","N","N",20000526,20000526,20000526,20000526,0,0,0,"",2020,20210728
"Haarlem","H","01","Eenmanszaak","96022","Schoonheidsverzorging/pedi-/manicures","86919","Overige paramedische praktijken","","","N","N",0,0,20000526,20000601,0,0,20030101,"",0,0
"Amsterdam","H","01","Eenmanszaak","4311","Slopen van bouwwerken","4332","Bouwtimmeren","4941","Goederenvervoer over weg (geen verhuiz.)","N","N",0,0,20000526,20000301,0,0,0,"",0,0
"Hoofddorp","H","01","Eenmanszaak","7912","Reisorganisatie","","","","","N","N",0,0,20000526,20000601,0,0,0,"",0,0
"Almere","H","11","Vennootschap onder firma","6201","Ontwikkelen/produceren/uitgeven software","","","","","N","N",20000526,0,20190419,20000526,20190323,0,0,"",0,0
"Amsterdam","H","01","Eenmanszaak","70221","Organisatie-adviesbureaus","4941","Goederenvervoer over weg (geen verhuiz.)","52109","Opslag in distr.centra en overige opslag","N","N",0,0,20000526,20000526,20191201,0,0,"",0,0
"Amsterdam","H","41","Besloten vennootschap met gewone structuur","6201","Ontwikkelen/produceren/uitgeven software","","","","","N","J",20001030,20001030,20000526,20000526,20220301,0,20001030,"",2020,20220106
"Amsterdam","H","01","Eenmanszaak","7112","Ingenieurs/overig techn. ontwerp/advies","","","","","N","N",0,0,20120612,20000526,20120423,0,20100501,"",0,0
"Amsterdam","H","01","Eenmanszaak","4334","Schilderen en glaszetten","","","","","N","N",0,0,20000529,20000529,0,0,0,"",0,0
"Ede","H","41","Besloten vennootschap met gewone structuur","6420","Financiële holdings","","","","","N","N",20000526,20000526,20200224,20000526,20200107,0,0,"",2018,20191008
"IJmuiden","","71","Vereniging met volledige rechtsbevoegdheid","88993","Lokaal welzijnswerk","","","","","","",20000524,20000524,0,0,0,0,0,"",0,0
"Haarlem","H","41","Besloten vennootschap met gewone structuur","7810","Arbeidsbemiddeling","","","","","N","N",20000531,20000531,20000529,20000101,20100628,0,20000531,"",2020,20210511
"Nieuwegein","H","41","Besloten vennootschap met gewone structuur","86922","Arbobegeleiding en reïntegratie","86912","Praktijken van fysiotherapeuten","","","N","N",20040528,20040528,20220107,20000101,20220107,0,20040528,"",2020,20220307
"Amsterdam","H","01","Eenmanszaak","7311","Reclamebureaus","85592","Bedrijfsopleiding en -training","","","N","N",0,0,20000529,20000101,20180301,0,0,"",0,0
"Amsterdam","","74","Stichting","6420","Financiële holdings","","","","","","",20000525,20000525,0,0,0,0,0,"",2000,20020311
"Amsterdam","","74","Stichting","6420","Financiële holdings","","","","","","",20000525,20000525,0,0,0,0,0,"",0,0
"Leusden","H","41","Besloten vennootschap met gewone structuur","6201","Ontwikkelen/produceren/uitgeven software","6832","Beheer van onroerend goed","","","N","N",20010712,20010712,20171005,20000522,20170901,0,20010712,"",2020,20210808
"Amsterdam","N","41","Besloten vennootschap met gewone structuur","69101","Advocatenkantoren, bewindv. en curatoren","","","","","N","N",20000518,20000518,20100416,20000518,20150201,0,0,"",2020,20211105
"'s-Gravenhage","","74","Stichting","6832","Beheer van onroerend goed","","","","","","",20000510,20000510,0,0,0,0,0,"",0,0
"Soest","H","41","Besloten vennootschap met gewone structuur","6420","Financiële holdings","","","","","N","N",20000518,20000518,20211222,20000518,20211201,0,0,"",2020,20220107
"Wormer","H","11","Vennootschap onder firma","69204","Belastingconsulenten","69203","Boekhoudkantoren","6622","Assurantietussenpersonen","N","N",20000601,0,20000529,20000601,0,0,0,"",0,0
"Hoorn","H","01","Eenmanszaak","6312","Webportals","6201","Ontwikkelen/produceren/uitgeven software","7311","Reclamebureaus","N","N",0,0,20220221,20000529,20220101,0,0,"",0,0
"Heemstede","H","41","Besloten vennootschap met gewone structuur","6420","Financiële holdings","","","","","N","N",20000512,20000512,20000529,20000512,20130925,0,0,"",2020,20210701
"Alphen aan den Rijn","H","41","Besloten vennootschap met gewone structuur","46695","Groothandel in meet- en regelapparaten","46434","Groothandel in fotografische artikelen","4652","GH elektronische/telecommunicatieapp.","J","J",20010515,20010515,20100427,20000526,20100101,0,20010515,"",2020,20211230
"Amsterdam","H","01","Eenmanszaak","4932","Vervoer per taxi","","","","","N","N",0,0,20000529,20000601,0,0,20001001,"",0,0
"Beverwijk","H","41","Besloten vennootschap met gewone structuur","43222","Inst. verwarmings-/luchtbehandelingsapp.","","","","","N","N",20100331,20100331,20000529,20000601,20180629,0,20100331,"",2017,20190124
"Amsterdam","H","11","Vennootschap onder firma","47789","Winkels gespec. in overige art. (rest)","4726","Winkels in tabaksproducten","7911","Reisbemiddeling","N","N",20000606,0,20000529,19930601,20191208,0,20000606,"",0,0
"Assendelft","H","01","Eenmanszaak","4332","Bouwtimmeren","","","","","N","N",0,0,20000603,20000603,20031028,0,0,"",0,0
"Amsterdam","H","01","Eenmanszaak","46499","GH ov. consumentenart. (non-food) (rest)","","","","","N","N",0,0,20000529,20000101,20131223,0,0,"",0,0
"Hilvarenbeek","N","41","Besloten vennootschap met gewone structuur","4711","Supermarkten e.d. winkels alg.ass.v.gm.","","","","","N","N",19710318,19710318,20000529,19910201,0,0,20000425,"",2020,0
"Oterleek","H","01","Eenmanszaak","47597","Winkels in huishoudelijke art. alg. ass.","9003","Schrijven en overige scheppende kunst","","","","",0,0,20000526,20000526,20100305,0,0,"",0,0
"Oudeschild","H","01","Eenmanszaak","4120","Algemene burgerlijke en utiliteitsbouw","","","","","N","N",0,0,20000525,20000601,0,0,0,"",0,0
"Heerhugowaard","H","01","Eenmanszaak","9609","Overige dienstverlening (rest)","","","","","N","N",0,0,20000525,20000601,0,0,0,"",0,0
"Schoorl","","71","Vereniging met volledige rechtsbevoegdheid","93142","Zaalsport in teamverband","","","","","","",20000522,20000522,0,0,0,0,0,"",0,0
"Andijk","H","41","Besloten vennootschap met gewone structuur","70102","Holdings (geen financiële)","","","","","N","N",20000523,20000523,20000525,20000523,0,0,0,"",2020,20211202
"Egmond aan den Hoef","H","41","Besloten vennootschap met gewone structuur","6420","Financiële holdings","","","","","","",20000522,20000522,20000525,20000522,0,0,0,"",2020,20211217
"Bergen (NH)","","74","Stichting","94996","Overige ideële organisaties (rest)","","","","","","",20000523,20000523,0,0,0,0,0,"",0,0
"Middenmeer","H","41","Besloten vennootschap met gewone structuur","70102","Holdings (geen financiële)","","","","","N","N",20000517,20000517,20000526,20000517,20120102,0,0,"",2018,20200323
"Terneuzen","","71","Vereniging met volledige rechtsbevoegdheid","93152","Roei-, kano-, zeil- en surfsport e.d.","","","","","","",20000501,0,0,0,0,0,0,"",0,0
"Volendam","H","01","Eenmanszaak","4333","Afwerking van vloeren en wanden","","","","","","",0,0,20000526,20000601,0,0,0,"",0,0
"Burgerbrug","H","11","Vennootschap onder firma","01411","Houden van melkvee","","","","","","",20000101,0,20000526,20000101,0,0,0,"",0,0
"Berkhout","H","01","Eenmanszaak","96021","Haarverzorging","","","","","","",0,0,20000529,20000601,20060515,0,0,"",0,0
"Purmerend","H","41","Besloten vennootschap met gewone structuur","70221","Organisatie-adviesbureaus","","","","","","",20000616,20000616,20000529,20000529,0,0,20000616,"",2021,20220610
"Grootebroek","H","01","Eenmanszaak","96021","Haarverzorging","","","","","","",0,0,20000529,20000605,20200504,0,0,"",0,0
"Andijk","H","01","Eenmanszaak","96021","Haarverzorging","","","","","","",0,0,20000529,20000605,0,0,0,"",0,0
"Oldenzaal","H","41","Besloten vennootschap met gewone structuur","6420","Financiële holdings","","","","","N","N",20000524,20000524,20060501,20000524,20160715,0,0,"",2020,20211217
"Almere","H","41","Besloten vennootschap met gewone structuur","6420","Financiële holdings","","","","","","",20000922,20000922,20000526,20000501,20191015,0,20000922,"",2020,20220209
"Almere","H","41","Besloten vennootschap met gewone structuur","6420","Financiële holdings","","","","","","",20000712,20000712,20000526,20000521,0,0,20000712,"",2018,20200110
"Urk","H","01","Eenmanszaak","96022","Schoonheidsverzorging/pedi-/manicures","","","","","N","N",0,0,20000529,20000601,0,0,0,"",0,0
"Leeuwarden","H","41","Besloten vennootschap met gewone structuur","6622","Assurantietussenpersonen","","","","","","",20000530,20000530,20000530,20000530,20020516,0,0,"",2020,20220208
"Burgum","H","11","Vennootschap onder firma","56101","Restaurants","","","","","N","N",20090101,0,20000530,19930518,20000630,0,20090101,"",0,0
"Drieborg","H","01","Eenmanszaak","46231","Groothandel in levend vee","","","","","N","N",0,0,20000530,20000502,0,0,0,"",0,0
"Meedhuizen","H","01","Eenmanszaak","0170","Jacht","0121","Teelt van druiven","","","N","N",0,0,20000530,20000601,20050801,0,0,"",0,0
"Groningen","H","01","Eenmanszaak","59111","Prod. films (geen televisiefilms)","","","","","N","N",0,0,20000530,20000530,20110101,0,0,"",0,0
"Godlinze","","71","Vereniging met volledige rechtsbevoegdheid","88993","Lokaal welzijnswerk","","","","","","",20000524,20000524,0,0,0,0,0,"",0,0
"Darp","","71","Vereniging met volledige rechtsbevoegdheid","94992","Hobbyclubs","","","","","","",19630211,0,0,0,0,0,0,"",0,0
"Roden","H","11","Vennootschap onder firma","86912","Praktijken van fysiotherapeuten","","","","","N","N",19980101,0,20000530,19980101,20170801,0,0,"",0,0
"Borger","H","41","Besloten vennootschap met gewone structuur","64303","Beleggingsinst. met beperkte toetreding","","","","","","",20000525,20000525,20000530,20000525,20150821,0,0,"",2019,20201110
"Hasselt","H","01","Eenmanszaak","4651","GH computers, randapparatuur en software","","","","","","",0,0,20000530,20000530,0,0,20040101,"",0,0
"Zwolle","H","01","Eenmanszaak","96022","Schoonheidsverzorging/pedi-/manicures","86919","Overige paramedische praktijken","","","","",0,0,20000530,20000606,0,0,0,"",0,0
"Enschede","","71","Vereniging met volledige rechtsbevoegdheid","9002","Dienstverlening voor uitvoerende kunst","","","","","","",19720208,20000522,0,0,0,0,0,"",0,0
"Almelo","","71","Vereniging met volledige rechtsbevoegdheid","94997","Overige belangenbehartiging (rest)","","","","","","",20000516,20000516,0,0,0,0,0,"",0,0
"Borne","H","41","Besloten vennootschap met gewone structuur","6420","Financiële holdings","","","","","N","N",20000526,20000526,20000529,20000526,0,0,0,"",2020,20210708
"Markelo","H","41","Besloten vennootschap met gewone structuur","6420","Financiële holdings","","","","","N","N",20000526,20000526,20000529,20000526,20080804,0,0,"",2020,20211022
"Markelo","H","41","Besloten vennootschap met gewone structuur","6420","Financiële holdings","","","","","","",20000526,20000526,20000529,20000526,20021210,0,0,"",2020,20220519
"Epe","H","41","Besloten vennootschap met gewone structuur","6420","Financiële holdings","","","","","N","N",20000526,20000526,20000529,20000526,0,0,0,"",2020,20210618
"Laren","H","41","Besloten vennootschap met gewone structuur","64301","Beleggingsinstell. in financiële activa","","","","","N","N",20000526,20000526,20000529,20000526,20050801,0,0,"",2020,20220215
"Enschede","H","41","Besloten vennootschap met gewone structuur","69103","Notariskantoren","","","","","N","N",20000525,20000525,20000529,20000525,20020408,0,0,"",2020,20220509
"Enschede","H","41","Besloten vennootschap met gewone structuur","71111","Architecten","6420","Financiële holdings","7112","Ingenieurs/overig techn. ontwerp/advies","N","N",20000524,20000524,20190521,20000524,20220425,0,0,"",2020,20210826
"Elburg","","71","Vereniging met volledige rechtsbevoegdheid","90011","Beoefening van podiumkunst","","","","","","",19651230,20000331,0,0,0,0,0,"",0,0
"Zwolle","H","41","Besloten vennootschap met gewone structuur","6420","Financiële holdings","","","","","N","N",20000529,20000529,20000530,20000529,20120601,0,0,"",2020,20211124
"Elburg","H","41","Besloten vennootschap met gewone structuur","4941","Goederenvervoer over weg (geen verhuiz.)","","","","","N","N",20000529,20000529,20000530,20000529,0,0,0,"",2020,20211023
"Oldenzaal","H","41","Besloten vennootschap met gewone structuur","0910","Dienstverl. winning aardolie en aardgas","","","","","N","N",20010312,20010312,20000530,20000530,20050718,0,20010312,"",2021,20220404
"Geesteren","H","01","Eenmanszaak","96022","Schoonheidsverzorging/pedi-/manicures","","","","","N","N",0,0,20000530,20000530,0,0,20001115,"",0,0
"Ede","N","41","Besloten vennootschap met gewone structuur","4652","GH elektronische/telecommunicatieapp.","","","","","","",19491231,19491231,20000529,19990101,20120101,0,0,"",2021,0
"Groesbeek","H","41","Besloten vennootschap met gewone structuur","47192","Winkels met alg.assort. (geen warenh.)","6420","Financiële holdings","","","","",20001206,20001206,20000529,20000101,20060901,0,20001206,"",2020,20210503
"Winterswijk","H","41","Besloten vennootschap met gewone structuur","6420","Financiële holdings","","","","","","",20000526,20000526,20000529,20000526,20070301,0,0,"",2021,20220307
"Terborg","H","41","Besloten vennootschap met gewone structuur","70102","Holdings (geen financiële)","","","","","","",20000525,20000525,20000529,20000525,0,0,0,"",2020,20211215
"Rozendaal","H","41","Besloten vennootschap met gewone structuur","6420","Financiële holdings","","","","","","",20000525,20000525,20000529,20000525,20000525,0,0,"",2020,20210825
"Leeuwarden","","71","Vereniging met volledige rechtsbevoegdheid","94997","Overige belangenbehartiging (rest)","","","","","","",20000511,20000511,0,0,0,0,0,"",0,0
"Dieren","H","41","Besloten vennootschap met gewone structuur","6622","Assurantietussenpersonen","66193","Hypotheek-/kredietbem./bankagentschappen","","","","",20000525,20000525,20000529,20000525,20000525,0,0,"",2020,20210413
"Dieren","H","41","Besloten vennootschap met gewone structuur","6831","Bemidd. bij handel/huur/verhuur onr.goed","","","","","","",20000525,20000525,20000529,20000525,20000525,0,0,"",2020,20210413
"Laag-Soeren","H","41","Besloten vennootschap met gewone structuur","6420","Financiële holdings","","","","","","",20000525,20000525,20000529,20000525,20020911,0,0,"",2020,20211223
"'s-Heerenberg","H","01","Eenmanszaak","4339","Overige afwerking van gebouwen","43993","Metselen en voegen","","","","",0,0,20000530,20000605,20201210,0,0,"",0,0
"Ede","H","41","Besloten vennootschap met gewone structuur","4773","Apotheken","2120","Verv. farmaceutische producten","","","","",20000529,20000529,20000530,20000529,20150515,0,0,"",2020,20220114
"Doetinchem","H","41","Besloten vennootschap met gewone structuur","64303","Beleggingsinst. met beperkte toetreding","","","","","","",20000526,20000526,20000530,20000526,20000526,0,0,"",2020,20210817
"Winterswijk","H","41","Besloten vennootschap met gewone structuur","6831","Bemidd. bij handel/huur/verhuur onr.goed","","","","","","",20000529,20000529,20000530,20000529,0,0,0,"",2019,20210402
"Elst","H","41","Besloten vennootschap met gewone structuur","6420","Financiële holdings","","","","","","",20000529,20000529,20000530,20000529,0,0,0,"",2020,20211103
"Giesbeek","H","41","Besloten vennootschap met gewone structuur","2550","Smeden/persen/stampen/profielwalsen e.d.","","","","","N","N",20000525,20000525,20000530,20000525,20210208,0,0,"",2019,0
"Arnhem","H","41","Besloten vennootschap met gewone structuur","2020","Verv. verdelgingsmid./ov.landbouwchem.","46752","GH bestrijdingsmiddelen/kunstmeststoffen","","","J","J",20000529,20000529,20000530,20000529,20050606,0,0,"",2020,20210623
"Arnhem","H","41","Besloten vennootschap met gewone structuur","2020","Verv. verdelgingsmid./ov.landbouwchem.","46752","GH bestrijdingsmiddelen/kunstmeststoffen","","","J","J",20000529,20000529,20000530,20000529,20050606,0,0,"",2020,20210629
"Marum","H","41","Besloten vennootschap met gewone structuur","6420","Financiële holdings","","","","","N","N",20000804,20000804,20211105,20000524,20211101,0,20000804,"",2020,20210401
"Kapel Avezaath","","71","Vereniging met volledige rechtsbevoegdheid","93299","Ov. recreatie (rest)(geen jachthavens)","","","","","","",19591006,0,0,0,0,0,0,"",0,0
"Tiel","H","41","Besloten vennootschap met gewone structuur","70102","Holdings (geen financiële)","","","","","","",20000818,20000818,20000530,20000501,20040401,0,20000818,"",2020,20211029
"Geldermalsen","H","41","Besloten vennootschap met gewone structuur","70102","Holdings (geen financiële)","","","","","","",20000529,20000529,20160429,20000529,20160421,0,0,"",2020,20211206
"Tiel","H","41","Besloten vennootschap met gewone structuur","6420","Financiële holdings","4619","Niet-gespecialiseerde handelsbemiddeling","","","","",20000530,20000530,20000530,20000530,20170401,0,0,"",2019,20210301
"Opheusden","H","41","Besloten vennootschap met gewone structuur","7112","Ingenieurs/overig techn. ontwerp/advies","78202","Uitleenbureaus","","","","",20050107,20050107,20140412,20000601,20090307,0,20050107,"",2021,20220603
"Maasbracht","H","41","Besloten vennootschap met gewone structuur","70221","Organisatie-adviesbureaus","","","","","N","N",20000525,20000525,20000530,20000525,0,0,0,"",2020,20211221
"Venlo","H","41","Besloten vennootschap met gewone structuur","52291","Expediteurs/cargadoors/bevrachters e.d.","","","","","N","N",20000525,20000525,20000530,19910910,20111219,0,20000525,"",2020,20211208
"Thorn","H","01","Eenmanszaak","4321","Elektrotechnische bouwinstallatie","","","","","N","N",0,0,20000530,20000530,0,0,0,"",0,0
"Maastricht","","74","Stichting","90011","Beoefening van podiumkunst","","","","","","",20000525,20000525,0,0,0,0,0,"",0,0
"Sittard","","74","Stichting","93129","Overige buitensport","","","","","","",20000519,20000519,0,0,0,0,0,"",0,0
"Geleen","H","41","Besloten vennootschap met gewone structuur","66191","Admin.kantoren voor aandelen/obligaties","","","","","N","N",20000620,20000620,20000529,20000501,0,0,20000620,"",2020,20220429
"Margraten","H","01","Eenmanszaak","9002","Dienstverlening voor uitvoerende kunst","47594","Winkels in muziekinstrumenten","","","N","N",0,0,20000529,20000101,0,0,0,"",0,0
"Landgraaf","H","01","Eenmanszaak","96022","Schoonheidsverzorging/pedi-/manicures","","","","","N","N",0,0,20000530,20000601,20131003,0,0,"",0,0
"Sittard","H","41","Besloten vennootschap met gewone structuur","47525","Winkels in keukens","47591","Winkels in meubels","","","N","N",20000204,20000204,20000530,20000204,20060601,0,0,"",2020,20210922
"Valkenburg","H","01","Eenmanszaak","86919","Overige paramedische praktijken","","","","","N","N",0,0,20000530,20000601,20000601,0,0,"",0,0
"Asten","N","11","Vennootschap onder firma","47713","Winkels in bovenkleding/mode-artikelen","","","","","","",19980901,0,20000529,20000331,20110321,0,0,"",0,0
"Nuenen","H","41","Besloten vennootschap met gewone structuur","6420","Financiële holdings","","","","","N","N",20010320,20010320,20000526,20000101,20011201,0,20010320,"",2020,20211001
"Handel","H","41","Besloten vennootschap met gewone structuur","6420","Financiële holdings","","","","","","",20000524,20000524,20000526,20000524,20201001,0,0,"",2020,20211117
"Vinkel","H","01","Eenmanszaak","8130","Landschapsverzorging","","","","","N","N",0,0,20000529,20000530,0,0,0,"",0,0
"Lith","H","01","Eenmanszaak","96022","Schoonheidsverzorging/pedi-/manicures","","","","","N","N",0,0,20000529,20000601,0,0,0,"",0,0
"Berghem","H","41","Besloten vennootschap met gewone structuur","6420","Financiële holdings","","","","","","",20000523,20000523,20000529,20000523,0,0,0,"",2021,20220121
"'s-Hertogenbosch","H","41","Besloten vennootschap met gewone structuur","6420","Financiële holdings","","","","","","",20000525,20000525,20000529,20000525,20030910,0,0,"",2021,20220506
"Reusel","H","41","Besloten vennootschap met gewone structuur","6420","Financiële holdings","","","","","","",20000525,20000525,20000530,20000525,0,0,0,"",2020,20211101
"Hapert","H","41","Besloten vennootschap met gewone structuur","6420","Financiële holdings","","","","","","",20000518,20000518,20000530,20000518,20001205,0,0,"",2021,20220420
"Herpt","H","11","Vennootschap onder firma","4622","Groothandel in bloemen en planten","","","","","","",20000601,0,20000530,20000601,0,0,0,"",0,0
"Eersel","H","41","Besloten vennootschap met gewone structuur","6420","Financiële holdings","","","","","","",20000529,20000529,20000530,20000529,0,0,0,"",2020,20211126
"Oirschot","H","01","Eenmanszaak","53202","Koeriers","8130","Landschapsverzorging","","","N","N",0,0,20000530,20000601,20130311,0,0,"",0,0
"Weert","N","41","Besloten vennootschap met gewone structuur","47191","Warenhuizen","","","","","","",19771026,19771026,20000530,20000524,0,0,0,"",2022,0
"Esbeek","H","01","Eenmanszaak","4120","Algemene burgerlijke en utiliteitsbouw","","","","","","",0,0,20000529,20000522,0,0,0,"",0,0
"Houten","H","41","Besloten vennootschap met gewone structuur","70221","Organisatie-adviesbureaus","86922","Arbobegeleiding en reïntegratie","","","N","N",20000707,20000707,20030108,20000601,20201020,0,20000707,"",2021,20220224
"Andel","H","41","Besloten vennootschap met gewone structuur","6420","Financiële holdings","","","","","","",20000517,20000517,20000530,19930101,0,0,20000517,"",2020,20211028
"Werkendam","H","41","Besloten vennootschap met gewone structuur","4332","Bouwtimmeren","","","","","","",20050526,20050526,20000530,20000601,20070801,0,20050526,"",2021,20220419
"Waalwijk","H","41","Besloten vennootschap met gewone structuur","4665","Groothandel in bedrijfsmeubels","78202","Uitleenbureaus","","","J","J",20000523,20000523,20000530,19910301,20100503,0,20000523,"",2021,20220414
"Waalwijk","H","41","Besloten vennootschap met gewone structuur","4391","Dakdekken en bouwen van dakconstructies","","","","","","",20000524,20000524,20000530,19960401,20030101,0,20000524,"",2020,20210927
"Oud Gastel","H","41","Besloten vennootschap met gewone structuur","7490","Overige special. zakelijke dienstverl.","","","","","N","N",20070105,20070105,20000530,20000601,20200515,0,20070105,"",2021,20220503
"Etten-Leur","H","01","Eenmanszaak","4312","Grondverzet","42111","Wegenbouw","","","","",0,0,20000530,20000501,20010724,0,0,"",0,0
"Breda","H","41","Besloten vennootschap met gewone structuur","93299","Ov. recreatie (rest)(geen jachthavens)","","","","","","",20000619,20000619,20000530,20000601,20180301,0,20000619,"",2020,20210727
"Rijsbergen","H","41","Besloten vennootschap met gewone structuur","4312","Grondverzet","42111","Wegenbouw","","","","",20000526,20000526,20000530,20000526,0,0,0,"",2020,20210908
"Westkapelle","","71","Vereniging met volledige rechtsbevoegdheid","94991","Gezelligheidsverenigingen","","","","","","",20000503,20000503,0,0,0,0,0,"",0,0
"Middelburg","H","01","Eenmanszaak","66193","Hypotheek-/kredietbem./bankagentschappen","6622","Assurantietussenpersonen","70222","Advisering ohgv management/bedrijfsv.","N","N",0,0,20000530,20000601,20031205,0,0,"",0,0
"Lelystad","H","01","Eenmanszaak","6201","Ontwikkelen/produceren/uitgeven software","69102","Rechtskundige adviesbureaus","","","N","N",0,0,20070112,20000601,20070112,0,0,"",0,0
"Barendrecht","H","41","Besloten vennootschap met gewone structuur","70221","Organisatie-adviesbureaus","68204","Verh. onroerend goed (niet v woonruimte)","","","N","N",20000525,20000525,20000530,20000525,20181207,0,0,"",2021,20220126
"Schiedam","H","11","Vennootschap onder firma","69203","Boekhoudkantoren","","","","","N","N",20020102,0,20000530,20000601,20201001,0,20020102,"",0,0
"Rotterdam","","71","Vereniging met volledige rechtsbevoegdheid","94991","Gezelligheidsverenigingen","","","","","","",20000522,20000522,0,0,0,0,0,"",0,0
"Krimpen aan den IJssel","H","11","Vennootschap onder firma","85522","Kunstzinnige vorming voor amateurs","68204","Verh. onroerend goed (niet v woonruimte)","82999","Overige zakelijke dienstverlening (rest)","N","N",20000501,0,20000530,20000501,20200501,0,0,"",0,0
"Zeewolde","H","01","Eenmanszaak","96021","Haarverzorging","","","","","N","N",0,0,20130902,20000601,20201215,0,0,"",0,0
"Nieuwerkerk ad IJssel","H","74","Stichting","6420","Financiële holdings","","","","","N","N",20000524,20000524,20100914,20000524,20141001,0,0,"",0,0
"Nieuwegein","H","41","Besloten vennootschap met gewone structuur","6201","Ontwikkelen/produceren/uitgeven software","","","","","N","N",20001019,20001019,20151102,20000601,20151101,0,20001019,"",2019,0
"Hendrik-Ido-Ambacht","H","41","Besloten vennootschap met gewone structuur","6420","Financiële holdings","","","","","N","N",20000630,20000630,20210316,20000530,20210303,0,20000630,"",2017,20191001
"Zwijndrecht","H","01","Eenmanszaak","53202","Koeriers","85519","Overig sport- en recreatieonderwijs","","","N","N",0,0,20000530,20000401,20010301,0,0,"",0,0
"Rotterdam","H","01","Eenmanszaak","8121","Interieurreiniging van gebouwen","","","","","N","N",0,0,20000530,20000530,20170626,0,0,"",0,0
"Oud-Beijerland","H","41","Besloten vennootschap met gewone structuur","6209","Ov. dienstv. act. ohgv informatietechn.","85592","Bedrijfsopleiding en -training","","","N","N",20041005,20041005,20000530,20000530,20061201,0,20041005,"",2020,20210615
"Schiedam","","74","Stichting","88993","Lokaal welzijnswerk","","","","","","",20000525,20000525,0,0,0,0,0,"",0,0
"Utrecht","H","41","Besloten vennootschap met gewone structuur","6201","Ontwikkelen/produceren/uitgeven software","","","","","N","N",20071127,20071127,20020917,20000601,20190315,0,20071127,"",2020,20210506
"Hellevoetsluis","H","01","Eenmanszaak","9609","Overige dienstverlening (rest)","","","","","N","N",0,0,20000530,20000605,0,0,0,"",0,0
"Rotterdam","","74","Stichting","94997","Overige belangenbehartiging (rest)","","","","","","",20000524,20000524,0,0,0,0,0,"",0,0
"Barendrecht","H","01","Eenmanszaak","9002","Dienstverlening voor uitvoerende kunst","","","","","N","N",0,0,20000530,20000530,20071201,0,0,"",0,0
"Hendrik-Ido-Ambacht","H","41","Besloten vennootschap met gewone structuur","6831","Bemidd. bij handel/huur/verhuur onr.goed","","","","","","",20000525,20000525,20000530,20000525,20091001,0,0,"",2021,20220321
"Purmerend","","41","Besloten vennootschap met gewone structuur","","","","","","","","",19631224,19631224,19981130,0,0,0,0,"F",1998,20000301
"Maasland","H","41","Besloten vennootschap met gewone structuur","6420","Financiële holdings","","","","","N","N",20000504,20000504,20000529,20000504,20000504,0,0,"",2021,20220422
"De Lier","H","41","Besloten vennootschap met gewone structuur","6810","Handel in eigen onroerend goed","","","","","N","N",20000614,20000614,20000529,20000509,20150501,0,20000614,"",2020,20211029
"'s-Gravenhage","H","01","Eenmanszaak","68203","Verhuur van overige woonruimte","6832","Beheer van onroerend goed","4120","Algemene burgerlijke en utiliteitsbouw","N","N",0,0,20000530,20000101,0,0,0,"",0,0
"Delfgauw","H","41","Besloten vennootschap met gewone structuur","6420","Financiële holdings","","","","","N","N",20000808,20000808,20000530,20000530,20150812,0,20000808,"",2019,20210705
"Amsterdam","H","41","Besloten vennootschap met gewone structuur","6420","Financiële holdings","6209","Ov. dienstv. act. ohgv informatietechn.","","","N","N",20000711,20000711,20170830,20000501,20200629,0,20000711,"",2020,20211008
"'s-Gravenhage","","71","Vereniging met volledige rechtsbevoegdheid","94997","Overige belangenbehartiging (rest)","","","","","","",20000529,20000529,0,0,0,0,0,"",0,0
"Zoetermeer","H","01","Eenmanszaak","96022","Schoonheidsverzorging/pedi-/manicures","86919","Overige paramedische praktijken","","","N","N",0,0,20000530,20000501,20151101,0,20010101,"",0,0
"Leiden","H","01","Eenmanszaak","7112","Ingenieurs/overig techn. ontwerp/advies","","","","","N","N",0,0,20000529,20000521,20080804,0,0,"",0,0
"Voorschoten","H","41","Besloten vennootschap met gewone structuur","64303","Beleggingsinst. met beperkte toetreding","","","","","N","N",20000524,20000524,20000529,20000524,20210315,0,0,"",2020,20211126
"Leiden","","71","Vereniging met volledige rechtsbevoegdheid","94997","Overige belangenbehartiging (rest)","","","","","","",20000124,20000124,0,0,0,0,0,"",0,0
"Hillegom","H","41","Besloten vennootschap met gewone structuur","68204","Verh. onroerend goed (niet v woonruimte)","","","","","N","N",20000526,20000526,20000530,20000526,0,0,0,"",2020,20211022
"Hem","H","41","Besloten vennootschap met gewone structuur","01302","Teelt van perkplanten in de volle grond","4622","Groothandel in bloemen en planten","","","N","J",20000526,20000526,20171221,18650000,20171201,0,20000526,"",2021,0
"Boskoop","H","01","Eenmanszaak","6831","Bemidd. bij handel/huur/verhuur onr.goed","69101","Advocatenkantoren, bewindv. en curatoren","","","N","N",0,0,20000530,20000601,20210527,0,0,"",0,0
"Utrecht","H","01","Eenmanszaak","4651","GH computers, randapparatuur en software","","","","","","",0,0,20000529,20000529,20070730,0,0,"",0,0
"IJsselstein","H","01","Eenmanszaak","4332","Bouwtimmeren","","","","","N","N",0,0,20000529,20000529,0,0,0,"",0,0
"Papekop","H","41","Besloten vennootschap met gewone structuur","7112","Ingenieurs/overig techn. ontwerp/advies","","","","","","",20000525,20000525,20000530,20000525,0,0,0,"",2020,20220107
"Utrecht","","71","Vereniging met volledige rechtsbevoegdheid","66193","Hypotheek-/kredietbem./bankagentschappen","","","","","","",20000101,0,0,0,0,0,0,"",0,0
"Breukelen","H","41","Besloten vennootschap met gewone structuur","66191","Admin.kantoren voor aandelen/obligaties","68204","Verh. onroerend goed (niet v woonruimte)","","","","",20000526,20000526,20000530,20000526,0,0,0,"",2020,20211215
"Montfoort","H","41","Besloten vennootschap met gewone structuur","66191","Admin.kantoren voor aandelen/obligaties","","","","","","",20000526,20000526,20000530,20000526,20041223,0,0,"",2020,20211018
"Zevenbergschen Hoek","H","41","Besloten vennootschap met gewone structuur","4741","Winkels in computers/randapp./software","6202","Advisering ohgv informatietechnologie","","","","",20000525,20000525,20150318,20000525,20150317,0,0,"",2019,0
"Oudewater","H","41","Besloten vennootschap met gewone structuur","66191","Admin.kantoren voor aandelen/obligaties","","","","","","",20000526,20000526,20000530,20000526,0,0,0,"",2020,20220429
"Nieuwegein","H","01","Eenmanszaak","8553","Auto- en motorrijscholen","4932","Vervoer per taxi","","","","",0,0,20000530,20000606,20030909,0,0,"",0,0
"Wageningen","H","01","Eenmanszaak","4334","Schilderen en glaszetten","","","","","N","N",0,0,20010801,20000531,20040405,0,20050701,"",0,0
"Doorn","H","41","Besloten vennootschap met gewone structuur","6420","Financiële holdings","","","","","N","N",20000525,20000525,20081002,20000525,20100401,0,0,"",2020,20211020
"Wijnjewoude","H","01","Eenmanszaak","7311","Reclamebureaus","","","","","","",0,0,20201021,20000601,20210723,0,0,"",0,0
"IJsselstein","H","41","Besloten vennootschap met gewone structuur","78202","Uitleenbureaus","6209","Ov. dienstv. act. ohgv informatietechn.","","","","",20000613,20000613,20150717,20000501,20150101,0,20000613,"",2021,20220421
"Amsterdam","H","41","Besloten vennootschap met gewone structuur","6420","Financiële holdings","","","","","","",20000526,20000526,20070413,20000526,20191001,0,0,"",2020,20210820
"Weesp","H","41","Besloten vennootschap met gewone structuur","6420","Financiële holdings","","","","","","",20000523,20000523,20000530,20000523,20150701,0,0,"",2020,20220602
"Soest","H","01","Eenmanszaak","6831","Bemidd. bij handel/huur/verhuur onr.goed","74103","Interieur- en ruimtelijk ontwerp","78202","Uitleenbureaus","N","N",0,0,20000530,20000601,20060415,0,20060101,"",0,0
"Amsterdam","","74","Stichting","88999","Overig maatsch.adv./gemeenschapshuizen","","","","","","",20000518,20000518,0,0,0,0,0,"",0,0
"Amsterdam","H","41","Besloten vennootschap met gewone structuur","6420","Financiële holdings","","","","","N","N",20000519,20000519,20000530,20000519,20120312,0,0,"",2020,20220217
"Amsterdam","H","41","Besloten vennootschap met gewone structuur","6420","Financiële holdings","","","","","N","N",20000526,20000526,20000530,20000526,20161108,0,0,"",2020,20220119
"De Kwakel","H","01","Eenmanszaak","8219","Secretariële dienstverlening","78202","Uitleenbureaus","","","N","N",0,0,20000530,20000509,20220301,0,0,"",0,0
"Vianen","H","41","Besloten vennootschap met gewone structuur","6420","Financiële holdings","","","","","N","N",20000531,20000531,20181102,20000530,20181020,0,20000531,"",2020,20210531
"Bussum","H","41","Besloten vennootschap met gewone structuur","69105","Octrooibureaus","6420","Financiële holdings","","","N","N",20000721,20000721,20130801,20000530,20130801,0,20000721,"",2020,20211122
"Haarlem","H","41","Besloten vennootschap met gewone structuur","2712","Verv. schakel- en verdeelinrichtingen","2732","Verv. overige elektr(on)ische kabel","","","J","J",20000512,20000512,20000530,19990201,20170529,0,20000512,"",2021,20220614
"Purmerend","H","41","Besloten vennootschap met gewone structuur","47918","Internethandel overige non-food","","","","","N","N",20000720,20000720,20180308,20000530,20180201,0,20000720,"",2020,20220302
"Limmen","H","41","Besloten vennootschap met gewone structuur","6420","Financiële holdings","6209","Ov. dienstv. act. ohgv informatietechn.","","","N","N",20001009,20001009,20000510,20000101,20020426,0,20001009,"",2020,20211108
"Edam","H","01","Eenmanszaak","4334","Schilderen en glaszetten","","","","","N","N",0,0,20000529,20000601,20070507,0,0,"",0,0
"Alkmaar","H","41","Besloten vennootschap met gewone structuur","6420","Financiële holdings","","","","","","",20000522,20000522,20000529,20000522,0,0,0,"",2020,20210305
"Akersloot","H","41","Besloten vennootschap met gewone structuur","6420","Financiële holdings","","","","","","",20000530,20000530,20000529,20000101,20210601,0,20000530,"",2020,20210927
"Alkmaar","","71","Vereniging met volledige rechtsbevoegdheid","9492","Politieke organisaties","","","","","","",20000527,0,0,0,0,0,0,"",0,0
"Wervershoof","H","01","Eenmanszaak","31011","Interieurbouw","","","","","N","N",0,0,20000530,20000530,20031201,0,0,"",0,0
"Andijk","H","01","Eenmanszaak","4332","Bouwtimmeren","","","","","","",0,0,20000530,20000601,20201001,0,0,"",0,0
"Almere","H","41","Besloten vennootschap met gewone structuur","6420","Financiële holdings","","","","","","",20000919,20000919,20000529,20000601,20111101,0,20000919,"",2020,20210414
"Kraggenburg","H","01","Eenmanszaak","01134","Teelt aardapp en ov. wortel/knolgewassen","","","","","","",0,0,20000530,20000501,0,0,0,"",0,0
"Drachten","H","41","Besloten vennootschap met gewone structuur","70102","Holdings (geen financiële)","","","","","","",20000525,20000525,20000529,20000525,20130204,0,0,"",2020,20211129
"Joure","H","41","Besloten vennootschap met gewone structuur","70102","Holdings (geen financiële)","","","","","","",20000526,20000526,20000529,20000526,0,0,0,"",2020,20211224
"Damwâld","","74","Stichting","88993","Lokaal welzijnswerk","","","","","","",20000526,20000526,0,0,0,0,0,"",0,0
"Langweer","H","41","Besloten vennootschap met gewone structuur","6832","Beheer van onroerend goed","","","","","","",20000324,20000324,20000529,20000324,20020701,0,0,"",2020,20210825
"Leeuwarden","H","41","Besloten vennootschap met gewone structuur","69201","Registeraccountants","69202","Accountants-administratieconsulenten","69204","Belastingconsulenten","","",20000529,20000529,20000531,19980201,20060727,0,20000529,"",2021,20220202
"Winschoten","","71","Vereniging met volledige rechtsbevoegdheid","94991","Gezelligheidsverenigingen","","","","","","",19860201,20000529,0,0,0,0,0,"",0,0
"Uithuizen","H","41","Besloten vennootschap met gewone structuur","6420","Financiële holdings","","","","","","",20000530,20000530,20000531,20000530,0,0,0,"",2021,20220613
"Uithuizen","H","41","Besloten vennootschap met gewone structuur","6420","Financiële holdings","","","","","","",20000530,20000530,20000531,20000530,0,0,0,"",2021,20220613
"Oosterhesselen","H","01","Eenmanszaak","85592","Bedrijfsopleiding en -training","","","","","","",0,0,20000531,20000601,20201121,0,0,"",0,0
"Meppel","H","41","Besloten vennootschap met gewone structuur","4666","GH kantoormachines (geen computers)","4651","GH computers, randapparatuur en software","33121","Rep./onderh. mach. voor algemeen gebruik","","",20000530,20000530,20000531,19290000,0,0,20000530,"",2020,20211216
"Emmeloord","N","41","Besloten vennootschap met gewone structuur","4666","GH kantoormachines (geen computers)","4651","GH computers, randapparatuur en software","33121","Rep./onderh. mach. voor algemeen gebruik","","",20000530,20000530,20000531,19921101,20171101,0,20000530,"",2020,20211216
"Zwolle","N","41","Besloten vennootschap met gewone structuur","4666","GH kantoormachines (geen computers)","4651","GH computers, randapparatuur en software","33121","Rep./onderh. mach. voor algemeen gebruik","","",20000530,20000530,20000531,19940901,20120701,0,20000530,"",2020,20211216
"Eesveen","H","01","Eenmanszaak","2562","Algemene metaalbewerking","","","","","","",0,0,20050401,20000605,20050401,0,0,"",0,0
"Assen","H","01","Eenmanszaak","69203","Boekhoudkantoren","","","","","","",0,0,20000531,20000505,20220414,0,0,"",0,0
"Hoornsterzwaag","H","01","Eenmanszaak","7112","Ingenieurs/overig techn. ontwerp/advies","","","","","","",0,0,20040330,20000601,20040301,0,0,"",0,0
"Emmen","H","01","Eenmanszaak","85522","Kunstzinnige vorming voor amateurs","9002","Dienstverlening voor uitvoerende kunst","88991","Ambulante jeugdzorg","","",0,0,20000531,20000601,20040301,0,0,"",0,0
"Emmen","H","41","Besloten vennootschap met gewone structuur","6420","Financiële holdings","","","","","","",20000529,20000529,20000531,20000529,0,0,0,"",2020,20211021
"Meppel","H","01","Eenmanszaak","6201","Ontwikkelen/produceren/uitgeven software","","","","","J","N",0,0,20000531,20000601,0,0,0,"",0,0
"Kloosterhaar","H","01","Eenmanszaak","4331","Stukadoren","","","","","","",0,0,20000529,20000605,0,0,0,"",0,0
"Nieuwleusen","H","01","Eenmanszaak","43221","Loodg.- en fitterswerk; inst. sanitair","","","","","","",0,0,20000529,20000605,20161220,0,0,"",0,0
"Dalfsen","","74","Stichting","93299","Ov. recreatie (rest)(geen jachthavens)","","","","","","",20000525,20000525,0,0,0,0,0,"",0,0
"Denekamp","H","41","Besloten vennootschap met gewone structuur","6420","Financiële holdings","","","","","N","N",20000525,20000525,20000530,20000525,20100401,0,0,"",2020,20211208
"Vroomshoop","H","41","Besloten vennootschap met gewone structuur","4120","Algemene burgerlijke en utiliteitsbouw","","","","","N","N",20000524,20000524,20000530,20000524,0,0,0,"",2020,20211015
"Haaksbergen","H","41","Besloten vennootschap met gewone structuur","2562","Algemene metaalbewerking","","","","","","",20000525,20000525,20000530,20000525,0,0,0,"",2019,20210716
"Deventer","H","41","Besloten vennootschap met gewone structuur","7810","Arbeidsbemiddeling","4120","Algemene burgerlijke en utiliteitsbouw","","","N","N",20000525,20000525,20000530,20000525,20081028,0,0,"",2020,20211109
"Hengelo","H","41","Besloten vennootschap met gewone structuur","46737","GH sanitaire art./sanitair install.mat.","","","","","J","J",20000526,20000526,20000530,20000526,0,0,0,"",2020,20211008
"Hengelo","H","41","Besloten vennootschap met gewone structuur","33121","Rep./onderh. mach. voor algemeen gebruik","","","","","N","N",20000525,20000525,20000530,20000525,0,0,0,"",2020,20210623
"Hengelo","H","41","Besloten vennootschap met gewone structuur","6420","Financiële holdings","","","","","N","N",20000525,20000525,20000530,20000525,20150304,0,0,"",2020,20211208
"Hengevelde","H","01","Eenmanszaak","6202","Advisering ohgv informatietechnologie","6201","Ontwikkelen/produceren/uitgeven software","6311","Gegevensverw./webhosting/aanverw. activ.","N","N",0,0,20000531,20000531,20170901,0,0,"",0,0
"Hellendoorn","H","01","Eenmanszaak","5621","Eventcatering","","","","","N","N",0,0,20000531,20000601,20001001,0,0,"",0,0
"Brummen","H","41","Besloten vennootschap met gewone structuur","6420","Financiële holdings","","","","","N","N",20000530,20000530,20000531,20000530,0,0,0,"",2020,20210312
"Susteren","H","41","Besloten vennootschap met gewone structuur","46694","GH appendages/technische toebehoren e.d.","","","","","N","N",20000529,20000529,20040824,20000529,20040824,0,0,"",2021,20220302
"Albergen","H","41","Besloten vennootschap met gewone structuur","6420","Financiële holdings","","","","","N","N",20000530,20000530,20000531,20000530,20210101,0,0,"",2020,20211105
"Doesburg","","74","Stichting","66191","Admin.kantoren voor aandelen/obligaties","","","","","","",20000526,20000526,0,0,0,0,0,"",0,0
"Amsterdam","H","41","Besloten vennootschap met gewone structuur","64303","Beleggingsinst. met beperkte toetreding","","","","","","",20000525,20000525,20200817,20000525,20220401,0,0,"",2020,20211020
"Giesbeek","H","41","Besloten vennootschap met gewone structuur","68204","Verh. onroerend goed (niet v woonruimte)","","","","","","",20000525,20000525,20000530,20000525,20000525,0,0,"",2020,20210906
"Wageningen","","74","Stichting","94993","Steunfondsen (niet ohgv welzijnszorg)","","","","","","",20000524,20000524,0,0,0,0,0,"",0,0
"Lichtenvoorde","H","41","Besloten vennootschap met gewone structuur","4321","Elektrotechnische bouwinstallatie","","","","","","",20000518,20000518,20000530,19860201,20040802,0,20000518,"",2020,20211008
"Arnhem","H","01","Eenmanszaak","6201","Ontwikkelen/produceren/uitgeven software","6311","Gegevensverw./webhosting/aanverw. activ.","6312","Webportals","","",0,0,20000531,20000401,20170101,0,0,"",0,0
"Huissen","H","41","Besloten vennootschap met gewone structuur","56101","Restaurants","5630","Cafés","","","","",20000530,20000530,20000531,19100000,0,0,20000530,"",2020,20211231
"Elst","H","41","Besloten vennootschap met gewone structuur","4110","Projectontwikkeling","6810","Handel in eigen onroerend goed","","","","",20000530,20000530,20000531,20000530,20000530,0,0,"",2020,20210606
"Elst","H","41","Besloten vennootschap met gewone structuur","4663","Groothandel in machines voor de bouw","33121","Rep./onderh. mach. voor algemeen gebruik","","","J","J",20000530,20000530,20000531,20000530,20000530,0,0,"",2020,20210603
"Winssen","H","41","Besloten vennootschap met gewone structuur","6420","Financiële holdings","","","","","","",20000529,20000529,20000531,20000529,20120116,0,0,"",2021,20220411
"Nijmegen","","71","Vereniging met volledige rechtsbevoegdheid","94991","Gezelligheidsverenigingen","","","","","","",20000531,20000531,0,0,0,0,0,"",0,0
"Culemborg","H","01","Eenmanszaak","6202","Advisering ohgv informatietechnologie","","","","","","",0,0,20220112,20000605,20061218,0,0,"",0,0
"Boskoop","H","41","Besloten vennootschap met gewone structuur","64303","Beleggingsinst. met beperkte toetreding","","","","","N","N",20000526,20000526,20001004,20000526,20020328,0,0,"",2020,20210531
"Rumpt","H","41","Besloten vennootschap met gewone structuur","6420","Financiële holdings","","","","","","",20000530,20000530,20000531,20000530,20081001,0,0,"",2020,20210623
"Deil","","71","Vereniging met volledige rechtsbevoegdheid","88993","Lokaal welzijnswerk","","","","","","",20000529,20000529,0,0,0,0,0,"",0,0
"Zaltbommel","H","01","Eenmanszaak","4334","Schilderen en glaszetten","","","","","","",0,0,20041101,20000531,20210719,0,0,"",0,0
"Zaltbommel","H","41","Besloten vennootschap met gewone structuur","6420","Financiële holdings","","","","","","",20000529,20000529,20000531,20000529,20210411,0,0,"",2021,20220426
"Zaltbommel","H","41","Besloten vennootschap met gewone structuur","46472","GH woningtextiel en vloerbedekking","","","","","J","J",20000529,20000529,20000531,20000529,20210411,0,0,"",2021,20220426
"Belfeld","H","11","Vennootschap onder firma","6201","Ontwikkelen/produceren/uitgeven software","","","","","N","N",20080101,0,20000531,20000601,0,0,20080101,"",0,0
"Helmond","H","01","Eenmanszaak","96021","Haarverzorging","","","","","N","N",0,0,20220107,20000401,20220107,0,0,"",0,0
"Steyl","H","41","Besloten vennootschap met gewone structuur","2561","Oppervlaktebeh. en bekleding van metaal","","","","","J","J",20000703,20000703,20000531,20000501,20220101,0,20000703,"",2020,20211227
"Weert","H","41","Besloten vennootschap met gewone structuur","6420","Financiële holdings","","","","","N","N",20000724,20000724,20000531,20000501,20091024,0,20000724,"",2021,20220422
"Horst","H","41","Besloten vennootschap met gewone structuur","6420","Financiële holdings","","","","","N","N",20000526,20000526,20000531,20000526,0,0,0,"",2020,20210729
"Horst","H","41","Besloten vennootschap met gewone structuur","01132","Teelt van groenten onder glas","","","","","N","N",20000526,20000526,20000531,20000526,0,0,0,"",2020,20210729
"Meterik","H","41","Besloten vennootschap met gewone structuur","6420","Financiële holdings","","","","","N","N",20000519,20000519,20000531,20000519,20200701,0,0,"",2020,20220531
"Grubbenvorst","","74","Stichting","9002","Dienstverlening voor uitvoerende kunst","","","","","","",20000529,20000529,0,0,0,0,0,"",0,0
"Maasbracht","","74","Stichting","94993","Steunfondsen (niet ohgv welzijnszorg)","","","","","","",20000316,20000316,0,0,0,0,0,"",0,0
"Reuver","","71","Vereniging met volledige rechtsbevoegdheid","94991","Gezelligheidsverenigingen","","","","","","",20000101,20000525,0,0,0,0,0,"",0,0
"Beringe","","71","Vereniging met volledige rechtsbevoegdheid","94991","Gezelligheidsverenigingen","","","","","","",20000523,0,0,0,0,0,0,"",0,0
"Swalmen","H","41","Besloten vennootschap met gewone structuur","4331","Stukadoren","","","","","N","N",20060524,20060524,20000531,20000531,20211204,0,20060524,"",2020,20210713
"Heerlen","H","01","Eenmanszaak","45112","Handel/rep. personen-/lichte bedr.auto's","","","","","N","N",0,0,20000531,20000601,0,0,0,"",0,0
"Schijndel","H","01","Eenmanszaak","4120","Algemene burgerlijke en utiliteitsbouw","","","","","N","N",0,0,20000530,20000515,20151005,0,20020401,"",0,0
"Eindhoven","","71","Vereniging met volledige rechtsbevoegdheid","94997","Overige belangenbehartiging (rest)","","","","","","",20000518,20000518,0,0,0,0,0,"",0,0
"Haaren","H","41","Besloten vennootschap met gewone structuur","6420","Financiële holdings","","","","","","",20000529,20000529,20000530,20000529,0,0,0,"",2010,20120306
"Boxtel","H","01","Eenmanszaak","8891","Kinderopvang","","","","","","",0,0,20000531,20000601,20200602,0,0,"",0,0
"Eindhoven","H","41","Besloten vennootschap met gewone structuur","6420","Financiële holdings","","","","","","",20000621,20000621,20000531,20000531,20190201,0,20000621,"",2020,20220429
"Waalwijk","H","41","Besloten vennootschap met gewone structuur","6420","Financiële holdings","","","","","","",20000525,20000525,20000530,20000525,0,0,0,"",2020,20211227
"Tilburg","","74","Stichting","88993","Lokaal welzijnswerk","","","","","","",20000523,20000523,0,0,0,0,0,"",0,0
"Woudrichem","H","01","Eenmanszaak","69203","Boekhoudkantoren","","","","","","",0,0,20000531,20000601,20070601,0,0,"",0,0
"Tilburg","H","41","Besloten vennootschap met gewone structuur","6831","Bemidd. bij handel/huur/verhuur onr.goed","6832","Beheer van onroerend goed","6621","Risicoanalisten en schadetaxateurs","","",20050224,20050224,20050303,20000601,0,0,20050224,"",2020,20210616
"Esbeek","H","41","Besloten vennootschap met gewone structuur","3832","Gesorteerd mater. voorber. tot recycling","","","","","J","J",20000526,20000526,20000531,19980530,20021106,0,20000526,"",2021,20220407
"Kapelle","","74","Stichting","94997","Overige belangenbehartiging (rest)","","","","","","",20000530,20000530,0,0,0,0,0,"",0,0
"Terneuzen","H","01","Eenmanszaak","45112","Handel/rep. personen-/lichte bedr.auto's","","","","","N","N",0,0,20000531,20000601,20160501,0,0,"",0,0
"Yerseke","H","41","Besloten vennootschap met gewone structuur","6420","Financiële holdings","","","","","N","N",20000530,20000530,20000531,20000530,20050107,0,0,"",2020,20210607
"Vlissingen","H","41","Besloten vennootschap met gewone structuur","6420","Financiële holdings","","","","","N","N",20000529,20000529,20000531,20000529,20020621,0,0,"",2020,20210312
"'s-Gravenpolder","H","41","Besloten vennootschap met gewone structuur","6420","Financiële holdings","","","","","N","N",20000529,20000529,20000531,20000529,20070324,0,0,"",2020,20211228
"'s-Gravenpolder","H","41","Besloten vennootschap met gewone structuur","6420","Financiële holdings","","","","","N","N",20000529,20000529,20000531,20000529,20070315,0,0,"",2020,20220411
"Delft","N","41","Besloten vennootschap met gewone structuur","4730","Benzinestations","","","","","N","N",19751110,19751110,20000531,19901210,0,0,20000314,"",2021,0
"Heerle","N","41","Besloten vennootschap met gewone structuur","64301","Beleggingsinstell. in financiële activa","","","","","N","N",19880627,19880627,20000531,20000101,0,0,0,"",2020,20220306
"Numansdorp","H","41","Besloten vennootschap met gewone structuur","71111","Architecten","7112","Ingenieurs/overig techn. ontwerp/advies","","","","",20000524,20000524,20000530,20000524,0,0,0,"",2020,20220130
"Sliedrecht","H","41","Besloten vennootschap met gewone structuur","6420","Financiële holdings","","","","","","",20000529,20000529,20000530,20000529,20130301,0,0,"",2020,20211008
"Goudriaan","H","41","Besloten vennootschap met gewone structuur","6420","Financiële holdings","","","","","","",20000529,20000529,20210108,20000529,20201231,0,0,"",2019,20200706
"Dordrecht","H","71","Vereniging met volledige rechtsbevoegdheid","5629","Kantines en contractcatering","","","","","N","N",20000527,20000526,20090911,20000526,20100807,0,0,"",0,0
"Lisse","H","41","Besloten vennootschap met gewone structuur","6420","Financiële holdings","6831","Bemidd. bij handel/huur/verhuur onr.goed","7311","Reclamebureaus","N","N",20000526,20000526,20060213,20000526,20070101,0,0,"",2019,20210729
"HENDRIK-IDO-AMBACHT","H","41","Besloten vennootschap met gewone structuur","50401","Binnenvaart (vrachtvaart)","","","","","","",20000525,20000525,20000530,20000525,20191212,0,0,"",2021,20220404
"Rotterdam","H","41","Besloten vennootschap met gewone structuur","6202","Advisering ohgv informatietechnologie","","","","","N","N",20000529,20000529,20000531,20000529,0,0,0,"",2020,20210826
"Oud-Beijerland","H","41","Besloten vennootschap met gewone structuur","69104","Deurwaarderskantoren","","","","","","",20000526,20000526,20000530,20000526,20110822,0,0,"",2020,20210630
"Rotterdam","H","01","Eenmanszaak","70221","Organisatie-adviesbureaus","","","","","N","N",0,0,20000531,20000601,20030625,0,0,"",0,0
"Dordrecht","H","01","Eenmanszaak","4120","Algemene burgerlijke en utiliteitsbouw","","","","","","",0,0,20000531,20000605,0,0,0,"",0,0
"Vlaardingen","H","41","Besloten vennootschap met gewone structuur","6622","Assurantietussenpersonen","66193","Hypotheek-/kredietbem./bankagentschappen","","","N","N",20000525,20000525,20000531,20000525,20211125,0,0,"",2020,20210824
"Gouda","","74","Stichting","94993","Steunfondsen (niet ohgv welzijnszorg)","","","","","","",20000529,20000529,0,0,0,0,0,"",0,0
"Maassluis","H","41","Besloten vennootschap met gewone structuur","6420","Financiële holdings","","","","","","",20000518,20000518,20000531,20000518,0,0,0,"",2020,20210519
"Spijkenisse","H","01","Eenmanszaak","85592","Bedrijfsopleiding en -training","","","","","N","N",0,0,20000531,20000531,20080731,0,0,"",0,0
"Ridderkerk","H","41","Besloten vennootschap met gewone structuur","6420","Financiële holdings","","","","","N","N",20000524,20000524,20000531,20000524,20030915,0,0,"",2018,20200805
"Ridderkerk","H","41","Besloten vennootschap met gewone structuur","6420","Financiële holdings","","","","","N","N",20000524,20000524,20000531,20000524,0,0,0,"",2020,20211221
"Krimpen aan den IJssel","H","11","Vennootschap onder firma","50401","Binnenvaart (vrachtvaart)","","","","","N","N",20010701,0,20000531,20000301,20020207,0,20010701,"",0,0
"Hoek van Holland","","74","Stichting","94991","Gezelligheidsverenigingen","","","","","","",20000526,20000526,0,0,0,0,0,"",0,0
"Rotterdam","H","01","Eenmanszaak","96021","Haarverzorging","","","","","N","N",0,0,20000531,19960101,0,0,20010201,"",0,0
"'t Harde","H","41","Besloten vennootschap met gewone structuur","6420","Financiële holdings","","","","","N","N",20000517,20000517,20000803,20000517,20090701,0,0,"",2020,20210615
"'t Harde","H","41","Besloten vennootschap met gewone structuur","6810","Handel in eigen onroerend goed","","","","","N","N",20000517,20000517,20000803,20000517,20090701,0,0,"",2020,20210615
"Monster","H","01","Eenmanszaak","4334","Schilderen en glaszetten","","","","","N","N",0,0,20000531,20000601,20100927,0,0,"",0,0
"Delft","H","01","Eenmanszaak","6201","Ontwikkelen/produceren/uitgeven software","","","","","N","N",0,0,20000531,20000601,20200701,0,0,"",0,0
"'s-Gravenhage","H","11","Vennootschap onder firma","47712","Winkels in dameskleding","46421","Groothandel in bovenkleding","4777","Winkels in juweliersartikelen/uurwerken","J","N",20000710,0,20000531,19961212,20000801,0,20000710,"",0,0
"Honselersdijk","H","41","Besloten vennootschap met gewone structuur","4941","Goederenvervoer over weg (geen verhuiz.)","","","","","N","N",20000705,20000705,20000531,20000501,0,0,20000705,"",2021,20220503
"'s-Gravenhage","H","11","Vennootschap onder firma","90011","Beoefening van podiumkunst","5920","Maken en uitgeven van geluidsopnamen","","","N","N",20000601,0,20000531,20000601,20090709,0,0,"",0,0
"Lisse","H","01","Eenmanszaak","43993","Metselen en voegen","","","","","N","N",0,0,20000530,20000605,20070301,0,0,"",0,0
"Amsterdam","H","41","Besloten vennootschap met gewone structuur","6420","Financiële holdings","","","","","N","N",20000525,20000525,20020115,20000525,20020115,0,0,"",2020,20211216
"Vleuten","H","41","Besloten vennootschap met gewone structuur","6420","Financiële holdings","","","","","","",20000530,20000530,20000531,20000530,20181101,0,0,"",2020,20210610
"Papekop","H","41","Besloten vennootschap met gewone structuur","7112","Ingenieurs/overig techn. ontwerp/advies","","","","","","",20000525,20000525,20000531,20000525,20061001,0,0,"",2020,20220110
"Papekop","H","41","Besloten vennootschap met gewone structuur","7112","Ingenieurs/overig techn. ontwerp/advies","","","","","","",20000525,20000525,20000531,20000525,20061001,0,0,"",2020,20220111
"Utrecht","H","01","Eenmanszaak","46722","GH ferrometalen en -halffabrikaten","","","","","","",0,0,20000531,20000519,20041023,0,0,"",0,0
"Bilthoven","H","41","Besloten vennootschap met gewone structuur","6420","Financiële holdings","","","","","","",20000531,20000531,20000531,20000531,20180524,0,0,"",2020,20210520
"Almere","H","41","Besloten vennootschap met gewone structuur","6420","Financiële holdings","","","","","N","N",20000529,20000529,20000531,20000529,20090206,0,0,"",2020,20210616
"Almere","H","01","Eenmanszaak","69203","Boekhoudkantoren","","","","","N","N",0,0,20040129,20000601,20040101,0,0,"",0,0
"Naarden","H","41","Besloten vennootschap met gewone structuur","5920","Maken en uitgeven van geluidsopnamen","7740","Lease niet-financiële immateriële activa","","","","",20000829,20000829,20000531,20000501,20141110,0,20000829,"",2020,0
"Laren","H","41","Besloten vennootschap met gewone structuur","6420","Financiële holdings","","","","","","",20000526,20000526,20000531,20000101,0,0,20000526,"",2021,20220509
"Blaricum","H","41","Besloten vennootschap met gewone structuur","6420","Financiële holdings","","","","","","",20000526,20000526,20000531,20000101,20200201,0,20000526,"",2021,20220509
"Laren","H","41","Besloten vennootschap met gewone structuur","6420","Financiële holdings","","","","","","",20000526,20000526,20000531,20000101,20140101,0,20000526,"",2021,20220303
"Huizen","H","11","Vennootschap onder firma","46681","GH machines voor de grafische industrie","","","","","N","N",19990101,0,20000531,19931001,20041015,0,19990101,"",0,0
"Bussum","H","41","Besloten vennootschap met gewone structuur","6420","Financiële holdings","","","","","","",20000331,20000331,20000531,20000331,0,0,0,"",2021,20220307
"Amersfoort","H","01","Eenmanszaak","5912","Facilitaire activ. voor film-/tv-prod.","7430","Vertalers en tolken","","","","",0,0,20000531,20000531,20040401,0,0,"",0,0
"Bussum","","74","Stichting","9103","Monumentenzorg","","","","","","",20000529,20000529,0,0,0,0,0,"",0,0
"Loosdrecht","H","01","Eenmanszaak","4941","Goederenvervoer over weg (geen verhuiz.)","","","","","N","N",0,0,20000531,20000601,20101010,0,0,"",0,0
"Blaricum","H","41","Besloten vennootschap met gewone structuur","6420","Financiële holdings","","","","","","",20000529,20000529,20000531,20000529,20190408,0,0,"",2019,20210915
"Bunschoten-Spakenburg","H","41","Besloten vennootschap met gewone structuur","70222","Advisering ohgv management/bedrijfsv.","","","","","","",20000525,20000525,20000531,20000525,20161007,0,0,"",2019,20220414
"Soest","H","41","Besloten vennootschap met gewone structuur","64303","Beleggingsinst. met beperkte toetreding","","","","","","",20000524,20000524,20000531,20000524,0,0,0,"",2020,20210806
"Heemskerk","H","41","Besloten vennootschap met gewone structuur","6420","Financiële holdings","","","","","N","N",20000518,20000518,20190509,20000518,20211029,0,0,"",2020,20211006
"Amsterdam","","71","Vereniging met volledige rechtsbevoegdheid","94997","Overige belangenbehartiging (rest)","","","","","","",20000516,20000516,0,0,0,0,0,"",0,0
"Amsterdam","H","41","Besloten vennootschap met gewone structuur","6201","Ontwikkelen/produceren/uitgeven software","","","","","N","N",20000714,20000714,20000530,20000501,20160101,0,20000714,"",2020,20211110
"Hillegom","H","41","Besloten vennootschap met gewone structuur","6420","Financiële holdings","","","","","N","N",20000529,20000529,20080703,20000529,20080701,0,0,"",2020,20211225
"Hillegom","H","41","Besloten vennootschap met gewone structuur","6420","Financiële holdings","","","","","N","N",20000529,20000529,20080703,20000529,20080701,0,0,"",2020,20211227
"Bussum","H","41","Besloten vennootschap met gewone structuur","7810","Arbeidsbemiddeling","6420","Financiële holdings","","","N","N",20000531,20000531,20060304,20000101,20160912,0,20000531,"",2020,20211229
"Hillegom","H","41","Besloten vennootschap met gewone structuur","6420","Financiële holdings","","","","","N","N",20000529,20000529,20080703,20000529,20080701,0,0,"",2020,20211227
"Cruquius","H","41","Besloten vennootschap met gewone structuur","6420","Financiële holdings","","","","","N","N",20000530,20000530,20000531,20000530,20140601,0,0,"",2021,20220509
"Heemstede","","74","Stichting","94997","Overige belangenbehartiging (rest)","","","","","","",20000515,20000515,0,0,0,0,0,"",0,0
"Amsterdam","H","41","Besloten vennootschap met gewone structuur","6420","Financiële holdings","","","","","N","N",20000518,20000518,20000531,20000518,20130703,0,0,"",2019,20200425
"Amstelveen","H","41","Besloten vennootschap met gewone structuur","6420","Financiële holdings","64301","Beleggingsinstell. in financiële activa","64302","Beleggingsinstellingen in vaste activa","N","N",20070531,20070531,20000531,20000401,0,0,20070531,"",2020,20210726
"Amstelveen","H","41","Besloten vennootschap met gewone structuur","6831","Bemidd. bij handel/huur/verhuur onr.goed","68204","Verh. onroerend goed (niet v woonruimte)","4110","Projectontwikkeling","N","N",20010119,20010119,20000531,20000401,0,0,20010119,"",2020,20210728
"Haarlem","H","41","Besloten vennootschap met gewone structuur","8010","Particuliere beveiliging","85592","Bedrijfsopleiding en -training","46695","Groothandel in meet- en regelapparaten","J","N",20030109,20030109,20000531,20000601,20070618,0,20030109,"",2020,20220427
"Oss","H","41","Besloten vennootschap met gewone structuur","72193","Speur-/ontw.werk ohgv gezondh./voeding","72192","Technisch speur- en ontwikkelingswerk","","","N","N",20000623,20000623,20181127,20000519,20181127,0,20000623,"",2021,0
"Beverwijk","H","01","Eenmanszaak","46311","Groothandel in groenten en fruit","46312","Groothandel in consumptie-aardappelen","46731","Groothandel in hout en plaatmateriaal","J","J",0,0,20000531,20000601,20220403,0,20010502,"",0,0
"Zwanenburg","H","01","Eenmanszaak","5621","Eventcatering","4639","GH voedings-/genotmiddelen algemeen ass.","","","N","N",0,0,20000531,20000601,20061215,0,0,"",0,0
"Heerhugowaard","H","41","Besloten vennootschap met gewone structuur","68204","Verh. onroerend goed (niet v woonruimte)","","","","","","",20000524,20000524,20000530,20000524,20010504,0,0,"",2020,20211223
"Zaandam","H","41","Besloten vennootschap met gewone structuur","6630","Vermogensbeheer","6832","Beheer van onroerend goed","70222","Advisering ohgv management/bedrijfsv.","N","N",20000518,20000518,20011026,20000518,20130701,0,0,"",2012,20131230
"Hoorn","H","41","Besloten vennootschap met gewone structuur","71111","Architecten","","","","","N","N",20000525,20000525,20000531,19770101,20110801,0,20000525,"",2021,20220602
"Amsterdam","H","01","Eenmanszaak","6201","Ontwikkelen/produceren/uitgeven software","","","","","N","N",0,0,20180522,20000601,20200421,0,0,"",0,0
"Velsen-Noord","H","01","Eenmanszaak","46382","GH vis, schaal- en weekdieren","","","","","N","N",0,0,20021204,20000605,20021201,0,0,"",0,0
"Akersloot","H","41","Besloten vennootschap met gewone structuur","70102","Holdings (geen financiële)","","","","","N","N",20000726,20000726,20000531,20000101,20030526,0,20000726,"",2021,20220531
"Purmerend","H","41","Besloten vennootschap met gewone structuur","4333","Afwerking van vloeren en wanden","47524","Winkels in tegels","46736","Groothandel in tegels en plavuizen","N","N",20080528,20080528,20000531,19990101,20020220,0,20080528,"",2020,20220203
"Dronten","H","01","Eenmanszaak","86919","Overige paramedische praktijken","","","","","N","N",0,0,20000529,19990101,0,0,0,"",0,0
"Urk","H","41","Besloten vennootschap met gewone structuur","70102","Holdings (geen financiële)","","","","","","",20000321,20000321,20000322,20000321,20181113,0,0,"",2020,20220407
"Urk","H","41","Besloten vennootschap met gewone structuur","6420","Financiële holdings","0311","Zee- en kustvisserij","","","N","N",20000527,20000527,20000530,20000527,20160224,0,0,"",2020,20220113
"Blaricum","H","01","Eenmanszaak","96022","Schoonheidsverzorging/pedi-/manicures","74201","Fotografie","","","N","N",0,0,20000530,20000525,20170629,0,0,"",0,0
"Almere","H","01","Eenmanszaak","4321","Elektrotechnische bouwinstallatie","","","","","N","N",0,0,20000531,20000531,0,0,0,"",0,0
"'s-Gravenhage","N","01","Eenmanszaak","96022","Schoonheidsverzorging/pedi-/manicures","","","","","N","N",0,0,20000605,19960801,0,0,20000601,"",0,0
"Terband","H","41","Besloten vennootschap met gewone structuur","86221","Praktijken medisch spec./med. dagbehand.","","","","","","",20000526,20000526,20000530,20000526,0,0,0,"",2020,20211119
"Ryptsjerk","H","11","Vennootschap onder firma","33121","Rep./onderh. mach. voor algemeen gebruik","","","","","N","N",19970101,0,20000531,19970101,20171204,0,0,"",0,0
"Franeker","H","41","Besloten vennootschap met gewone structuur","6201","Ontwikkelen/produceren/uitgeven software","","","","","N","N",20050628,20050628,20000531,20000528,20170701,0,20050628,"",2020,20220420
"Dokkum","","74","Stichting","88999","Overig maatsch.adv./gemeenschapshuizen","","","","","","",20000529,20000529,0,0,0,0,0,"",0,0
"St.-Annaparochie","H","41","Besloten vennootschap met gewone structuur","77399","Verh./lease ov.mach./werkt./ov. goederen","46433","GH audio- en video-apparatuur","","","","",20000529,20000529,20000531,19380101,20201101,0,20000529,"",2020,20220415
"IJlst","H","41","Besloten vennootschap met gewone structuur","6420","Financiële holdings","","","","","","",20000529,20000529,20000531,20000529,0,0,0,"",2021,20211206
"Sneek","H","41","Besloten vennootschap met gewone structuur","70102","Holdings (geen financiële)","","","","","","",20000522,20000522,20000602,19880909,0,0,20000522,"",2021,20220416
"Raerd","","74","Stichting","88999","Overig maatsch.adv./gemeenschapshuizen","","","","","","",20000523,20000523,0,0,0,0,0,"",0,0
"Bolsward","H","41","Besloten vennootschap met gewone structuur","70102","Holdings (geen financiële)","","","","","","",20000526,20000526,20000531,20000526,20190711,0,0,"",2020,20210924
"Gorredijk","","71","Vereniging met volledige rechtsbevoegdheid","64303","Beleggingsinst. met beperkte toetreding","","","","","","",20000525,20000525,0,0,0,0,0,"",0,0
"Groningen","H","41","Besloten vennootschap met gewone structuur","70102","Holdings (geen financiële)","","","","","","",20000530,20000530,20000531,20000530,20190401,0,0,"",2020,20220611
"Tytsjerk","H","01","Eenmanszaak","6190","Overige telecommunicatie","6201","Ontwikkelen/produceren/uitgeven software","","","N","N",0,0,20000605,20000605,20090701,0,20020101,"",0,0
"Veenendaal","H","41","Besloten vennootschap met gewone structuur","70102","Holdings (geen financiële)","","","","","","",20000530,20000530,20051228,20000530,20201116,0,0,"",2020,20211015
"Beetsterzwaag","H","41","Besloten vennootschap met gewone structuur","70102","Holdings (geen financiële)","","","","","","",20000530,20000530,20000602,20000530,0,0,0,"",2020,20220607
"Wolvega","H","41","Besloten vennootschap met gewone structuur","6420","Financiële holdings","4941","Goederenvervoer over weg (geen verhuiz.)","","","","",20000529,20000529,20000602,20000529,20170901,0,0,"",2020,20220408
"Joure","H","41","Besloten vennootschap met gewone structuur","6420","Financiële holdings","","","","","","",20000531,20000531,20000602,20000531,20141122,0,0,"",2020,20220314
"Eastermar","","71","Vereniging met volledige rechtsbevoegdheid","9411","Bedrijfs- en werkgeversorganisaties","","","","","","",19510401,20000522,0,0,0,0,0,"",0,0
"Oentsjerk","H","41","Besloten vennootschap met gewone structuur","4321","Elektrotechnische bouwinstallatie","43221","Loodg.- en fitterswerk; inst. sanitair","43222","Inst. verwarmings-/luchtbehandelingsapp.","","",20000531,20000531,20000602,19140401,0,0,20000531,"",2021,20220314
"Harlingen","H","41","Besloten vennootschap met gewone structuur","3811","Inzameling van onschadelijk afval","3832","Gesorteerd mater. voorber. tot recycling","77399","Verh./lease ov.mach./werkt./ov. goederen","","",20000530,20000530,20000606,19540402,20030327,0,20000530,"",2020,20210708
"Drachten","H","41","Besloten vennootschap met gewone structuur","7112","Ingenieurs/overig techn. ontwerp/advies","","","","","","",20000525,20000525,20000606,20000525,20080513,0,0,"",2021,20220526
"Drachten","H","41","Besloten vennootschap met gewone structuur","70102","Holdings (geen financiële)","","","","","","",20000525,20000525,20000606,20000525,20080513,0,0,"",2021,20220526
"Beetsterzwaag","H","41","Besloten vennootschap met gewone structuur","70221","Organisatie-adviesbureaus","","","","","","",20000529,20000529,20000606,20000529,0,0,0,"",2020,20210316
"Beetsterzwaag","H","41","Besloten vennootschap met gewone structuur","69202","Accountants-administratieconsulenten","","","","","","",20000529,20000529,20000606,20000529,0,0,0,"",2020,20210316
"Veendam","H","01","Eenmanszaak","96022","Schoonheidsverzorging/pedi-/manicures","","","","","N","N",0,0,20000531,20000601,20070701,0,0,"",0,0
"Groningen","H","41","Besloten vennootschap met gewone structuur","6420","Financiële holdings","","","","","","",20000531,20000531,20000602,20000531,0,0,0,"",2020,0
"Groningen","H","41","Besloten vennootschap met gewone structuur","6420","Financiële holdings","","","","","","",20000531,20000531,20000602,20000531,0,0,0,"",2020,20210929
"Groningen","H","41","Besloten vennootschap met gewone structuur","32502","Verv. medische instr./hulpmiddelen","","","","","J","J",20000531,20000531,20000602,19830914,0,0,20000531,"",2018,0
"Groningen","H","41","Besloten vennootschap met gewone structuur","6420","Financiële holdings","70222","Advisering ohgv management/bedrijfsv.","","","N","N",20000530,20000530,20000602,20000530,20020610,0,0,"",2021,20220412
"Groningen","H","41","Besloten vennootschap met gewone structuur","6420","Financiële holdings","","","","","N","N",20000530,20000530,20000602,20000530,20011204,0,0,"",2019,20210921
"Groningen","H","41","Besloten vennootschap met gewone structuur","53202","Koeriers","","","","","N","N",20000531,20000531,20000602,19771101,20040913,0,20000531,"",2020,20210520
"Groningen","","74","Stichting","94993","Steunfondsen (niet ohgv welzijnszorg)","","","","","","",20000525,20000524,0,0,0,0,0,"",0,0
"Groningen","","71","Vereniging met volledige rechtsbevoegdheid","94991","Gezelligheidsverenigingen","","","","","","",20000501,20000516,0,0,0,0,0,"",0,0
"Zuidbroek","H","41","Besloten vennootschap met gewone structuur","6420","Financiële holdings","","","","","N","N",20000530,20000530,20000606,20000530,20140625,0,0,"",2020,20210511
"Zuidbroek","H","41","Besloten vennootschap met gewone structuur","6420","Financiële holdings","","","","","N","N",20000530,20000530,20000606,20000530,20140625,0,0,"",2020,20210511
"Winschoten","H","41","Besloten vennootschap met gewone structuur","6622","Assurantietussenpersonen","","","","","N","N",20000718,20000718,20000606,20000601,20180501,0,20000718,"",2020,20211206
"Bourtange","H","01","Eenmanszaak","43999","Overige gespec. werkz. in de bouw (rest)","","","","","","",0,0,20000606,20000602,0,0,0,"",0,0
"Gieten","H","01","Eenmanszaak","7112","Ingenieurs/overig techn. ontwerp/advies","","","","","","",0,0,20020902,20000606,20020901,0,0,"",0,0
"Kolham","H","01","Eenmanszaak","6201","Ontwikkelen/produceren/uitgeven software","","","","","N","N",0,0,20000607,20000101,20220401,0,0,"",0,0
"Groningen","H","41","Besloten vennootschap met gewone structuur","6420","Financiële holdings","","","","","N","N",20000531,20000531,20000607,20000531,20161104,0,0,"",2019,20210429
"Middelstum","H","01","Eenmanszaak","47713","Winkels in bovenkleding/mode-artikelen","","","","","N","N",0,0,20000607,20000605,20010101,0,20040615,"",0,0
"Heeg","","71","Vereniging met volledige rechtsbevoegdheid","93144","Bowlen, kegelen, biljarten e.d.","","","","","","",20000523,20000703,0,0,0,0,0,"",0,0
"Meppen","","74","Stichting","88999","Overig maatsch.adv./gemeenschapshuizen","","","","","","",20000511,20000511,0,0,0,0,0,"",0,0
"Zuidwolde","","74","Stichting","0161","Dienstverl. akker- en/of tuinbouw","","","","","","",20000530,20000530,0,0,0,0,0,"",0,0
"Rouveen","H","41","Besloten vennootschap met gewone structuur","45112","Handel/rep. personen-/lichte bedr.auto's","","","","","","",20000417,20000417,20180316,20000417,20180315,0,0,"",2017,20181108
"Assen","H","41","Besloten vennootschap met gewone structuur","69104","Deurwaarderskantoren","","","","","","",20000530,20000530,20000602,19560200,0,0,20000530,"",2020,20210708
"Tynaarlo","","71","Vereniging met volledige rechtsbevoegdheid","94997","Overige belangenbehartiging (rest)","","","","","","",20000427,20000427,0,0,0,0,0,"",0,0
"Ter Apel","H","41","Besloten vennootschap met gewone structuur","6622","Assurantietussenpersonen","","","","","","",20000531,20000531,20000602,20000531,20210414,0,0,"",2020,20211029
"Groningen","H","41","Besloten vennootschap met gewone structuur","46712","GH vloeibare en gasvormige brandstoffen","4639","GH voedings-/genotmiddelen algemeen ass.","","","J","J",20001024,20001024,20031120,20000526,20031113,0,20001024,"",2020,20211028
"Noordscheschut","H","41","Besloten vennootschap met gewone structuur","6420","Financiële holdings","","","","","","",20000531,20000531,20000602,20000531,20201001,0,0,"",2020,20220112
"Assen","H","41","Besloten vennootschap met gewone structuur","6420","Financiële holdings","","","","","","",20000531,20000531,20000602,20000531,0,0,0,"",2019,20210126
"Assen","H","41","Besloten vennootschap met gewone structuur","47762","Tuincentra","","","","","","",20000531,20000531,20000602,19720223,0,0,20000531,"",2019,20210126
"Assen","H","41","Besloten vennootschap met gewone structuur","8130","Landschapsverzorging","78202","Uitleenbureaus","","","","",20000531,20000531,20000602,19720223,0,0,20000531,"",2019,20210126
"Vries","H","41","Besloten vennootschap met gewone structuur","6420","Financiële holdings","","","","","","",20000530,20000530,20000602,20000530,20070903,0,0,"",2020,20211115
"Ekehaar","H","41","Besloten vennootschap met gewone structuur","6420","Financiële holdings","","","","","","",20000530,20000530,20000602,20000530,20080101,0,0,"",2020,20220527
"Ekehaar","H","41","Besloten vennootschap met gewone structuur","6420","Financiële holdings","","","","","","",20000530,20000530,20000602,20000530,20030101,0,0,"",2020,20220527
"Ekehaar","H","41","Besloten vennootschap met gewone structuur","64923","Participatiemaatschappijen","69209","Overige administratiekantoren","","","J","",20000530,20000530,20000605,20000530,20110606,0,0,"",2020,20220527
"Hoogeveen","H","41","Besloten vennootschap met gewone structuur","47525","Winkels in keukens","47524","Winkels in tegels","","","","",20000530,20000530,20000605,19750101,0,0,20000530,"",2020,20211201
"Zeijen","H","41","Besloten vennootschap met gewone structuur","4120","Algemene burgerlijke en utiliteitsbouw","","","","","J","",20000530,20000530,20000605,19330316,0,0,20000530,"",2020,20220128
"Ruinerwold","H","41","Besloten vennootschap met gewone structuur","8130","Landschapsverzorging","78202","Uitleenbureaus","","","J","N",20000531,20000531,20000605,19930201,0,0,20000531,"",2019,20210126
"De Schiphorst","H","41","Besloten vennootschap met gewone structuur","0143","Fokken en houden van paarden en ezels","","","","","J","J",20000531,20000531,20000605,19970327,0,0,20000531,"",2020,20211105
"Klazienaveen","H","01","Eenmanszaak","2562","Algemene metaalbewerking","","","","","","",0,0,20000605,20000605,20210912,0,0,"",0,0
"Assen","H","41","Besloten vennootschap met gewone structuur","6420","Financiële holdings","","","","","","",20000531,20000531,20000606,20000531,0,0,0,"",2020,20210811
"Meppel","H","11","Vennootschap onder firma","9524","Reparatie en stoffering van meubels","45204","Carrosserieherstel","7732","Verh./lease machines/instal.voor de bouw","N","N",20040101,0,20000606,19930101,0,0,20040101,"",0,0
"Roden","H","41","Besloten vennootschap met gewone structuur","6420","Financiële holdings","","","","","","",20000530,20000530,20000606,19770601,0,0,20000530,"",2020,20210610
"Meppel","H","01","Eenmanszaak","90011","Beoefening van podiumkunst","53202","Koeriers","","","","",0,0,20160524,20000501,20190416,0,0,"",0,0
"Assen","H","41","Besloten vennootschap met gewone structuur","6420","Financiële holdings","","","","","","",20000531,20000531,20000606,20000531,20030101,0,0,"",2020,20210811
"Nieuw-Balinge","H","41","Besloten vennootschap met gewone structuur","6420","Financiële holdings","","","","","","",20000531,20000531,20000606,20000531,0,0,0,"",2020,20210611
"Emmen","H","41","Besloten vennootschap met gewone structuur","43993","Metselen en voegen","","","","","","",20000531,20000531,20000606,19730101,20071008,0,20000531,"",2021,20220303
"Emmen","H","41","Besloten vennootschap met gewone structuur","46383","Gesp. GH in ov. voedings- en genotm.","46421","Groothandel in bovenkleding","","","J","J",20040630,20040630,20000606,20000606,20100831,0,20040630,"",2020,20211022
"Coevorden","","71","Vereniging met volledige rechtsbevoegdheid","94991","Gezelligheidsverenigingen","","","","","","",20000606,20000606,0,0,0,0,0,"",0,0
"Havelte","H","41","Besloten vennootschap met gewone structuur","8121","Interieurreiniging van gebouwen","78202","Uitleenbureaus","","","","",20000530,20000530,20101201,19891023,20101201,0,20000530,"",2020,20220302
"Assen","H","01","Eenmanszaak","1413","Vervaardiging van overige bovenkleding","","","","","","",0,0,20000607,20000601,0,0,0,"",0,0
"Zuidwolde","H","41","Besloten vennootschap met gewone structuur","6420","Financiële holdings","","","","","","",20000530,20000530,20000607,20000530,0,0,0,"",2019,20210806
"Zuidwolde","H","41","Besloten vennootschap met gewone structuur","69201","Registeraccountants","","","","","","",20000530,20000530,20000607,20000530,0,0,0,"",2019,20210707
"Zwolle","N","41","Besloten vennootschap met gewone structuur","6622","Assurantietussenpersonen","66193","Hypotheek-/kredietbem./bankagentschappen","","","","",19950329,19950329,20000605,19741118,20121023,0,20000401,"",2020,20211007
"Heino","","74","Stichting","66191","Admin.kantoren voor aandelen/obligaties","","","","","","",20000526,20000526,0,0,0,0,0,"",0,0
"Dalfsen","H","01","Eenmanszaak","4332","Bouwtimmeren","","","","","","",0,0,20000530,19990701,0,0,0,"",0,0
"Steenwijk","","71","Vereniging met volledige rechtsbevoegdheid","90011","Beoefening van podiumkunst","","","","","","",19460206,0,0,0,0,0,0,"",0,0
"Zwolle","H","41","Besloten vennootschap met gewone structuur","43221","Loodg.- en fitterswerk; inst. sanitair","4391","Dakdekken en bouwen van dakconstructies","43222","Inst. verwarmings-/luchtbehandelingsapp.","N","N",20000530,20000530,20000531,19770701,20180901,0,20000530,"",2020,20211018
"Nieuwleusen","H","41","Besloten vennootschap met gewone structuur","4321","Elektrotechnische bouwinstallatie","43221","Loodg.- en fitterswerk; inst. sanitair","4391","Dakdekken en bouwen van dakconstructies","","",20000526,20000526,20000530,19600701,20040816,0,20000526,"",2020,20211124
"Hasselt","H","11","Vennootschap onder firma","7312","Handel in advertentieruimte en -tijd","","","","","","",20000602,0,20000602,20000602,20140319,0,0,"",0,0
"Hattem","","74","Stichting","66191","Admin.kantoren voor aandelen/obligaties","","","","","","",20000531,20000531,0,0,0,0,0,"",0,0
"Sibculo","","72","Vereniging met beperkte rechtsbevoegdheid","93149","Overige binnensport en omnisport","","","","","","",20000301,0,0,0,0,0,0,"",0,0
"Hattem","H","41","Besloten vennootschap met gewone structuur","86221","Praktijken medisch spec./med. dagbehand.","","","","","","",20000531,20000531,20000602,20000531,0,0,0,"",2020,20220318
"Heerde","H","41","Besloten vennootschap met gewone structuur","70102","Holdings (geen financiële)","","","","","","",20000529,20000529,20000602,20000529,20200227,0,0,"",2018,20191128
"Hardenberg","H","41","Besloten vennootschap met gewone structuur","70102","Holdings (geen financiële)","","","","","","",20000530,20000530,20000602,20000530,20210821,0,0,"",2011,20140604
"Zwartsluis","H","41","Besloten vennootschap met gewone structuur","6420","Financiële holdings","","","","","","",20000531,20000531,20000605,20000531,0,0,0,"",2020,20210903
"Zwolle","H","41","Besloten vennootschap met gewone structuur","70102","Holdings (geen financiële)","","","","","","",20000526,20000526,20000605,20000526,20010102,0,0,"",2020,20211201
"Zwolle","H","41","Besloten vennootschap met gewone structuur","52242","Laad-/los-/oversl.ac. niet voor zeevaart","52291","Expediteurs/cargadoors/bevrachters e.d.","1086","Verv. gehomogeniseerde voeding","","",20000526,20000526,20000605,19401220,20010102,0,20000526,"",2020,20211201
"Kampen","H","41","Besloten vennootschap met gewone structuur","70102","Holdings (geen financiële)","","","","","","",20000531,20000531,20000605,19970101,20190307,0,20000531,"",2019,20210611
"Heerde","H","41","Besloten vennootschap met gewone structuur","6420","Financiële holdings","","","","","","",20000530,20000530,20000605,20000530,0,0,0,"",2020,20220420
"Apeldoorn","H","41","Besloten vennootschap met gewone structuur","64301","Beleggingsinstell. in financiële activa","","","","","N","N",20000720,20000720,20000531,20000221,0,0,20000720,"",2020,20220524
"Den Ham","H","41","Besloten vennootschap met gewone structuur","6420","Financiële holdings","","","","","","",20000526,20000526,20000531,20000526,0,0,0,"",2020,20211222
"de Lutte","H","01","Eenmanszaak","4332","Bouwtimmeren","","","","","N","N",0,0,20000531,20000601,20210112,0,0,"",0,0
"Ootmarsum","H","41","Besloten vennootschap met gewone structuur","16101","Primaire houtbewerking (zagen, schaven)","","","","","","",20000529,20000529,20000531,20000529,0,0,0,"",2019,20220113
"'t Loo Oldebroek","H","01","Eenmanszaak","42112","Stratenmaken","","","","","N","N",0,0,20000531,20000601,0,0,20090522,"",0,0
"Apeldoorn","H","41","Besloten vennootschap met gewone structuur","70102","Holdings (geen financiële)","","","","","N","N",20000530,20000530,20000531,20000530,20090901,0,0,"",2020,20220106
"Lochem","H","41","Besloten vennootschap met gewone structuur","64301","Beleggingsinstell. in financiële activa","","","","","N","N",20000530,20000530,20000531,20000530,0,0,0,"",2020,20210624
"Leusden","H","41","Besloten vennootschap met gewone structuur","70102","Holdings (geen financiële)","69209","Overige administratiekantoren","","","N","N",20000530,20000530,20110527,20000530,20220101,0,0,"",2021,20220414
"Lochem","H","41","Besloten vennootschap met gewone structuur","64302","Beleggingsinstellingen in vaste activa","","","","","N","N",20000530,20000530,20000531,20000530,0,0,0,"",2020,20210623
"Voorthuizen","H","41","Besloten vennootschap met gewone structuur","32501","Tandtechnische bedrijven","","","","","N","N",20000725,20000725,20000531,20000501,20000703,0,20000725,"",2020,20211025
"Almelo","H","41","Besloten vennootschap met gewone structuur","69204","Belastingconsulenten","64303","Beleggingsinst. met beperkte toetreding","","","N","N",20000529,20000529,20000531,20000529,20100301,0,0,"",2019,20210531
"Wenum Wiesel","H","41","Besloten vennootschap met gewone structuur","64301","Beleggingsinstell. in financiële activa","","","","","N","N",20000529,20000529,20000531,20000529,20200320,0,0,"",2018,20200322
"Barneveld","H","01","Eenmanszaak","96022","Schoonheidsverzorging/pedi-/manicures","85522","Kunstzinnige vorming voor amateurs","","","N","N",0,0,20000531,20000605,20040831,0,0,"",0,0
"Vriezenveen","H","41","Besloten vennootschap met gewone structuur","6831","Bemidd. bij handel/huur/verhuur onr.goed","","","","","N","N",20000525,20000525,20000531,20000525,0,0,0,"",2020,20210429
"Rijssen","H","41","Besloten vennootschap met gewone structuur","46738","Groothandel gespec. in overige bouwmat.","45112","Handel/rep. personen-/lichte bedr.auto's","45111","Imp. nieuwe personen-/lichte bedr.auto's","J","J",20080311,20080311,20000605,20000501,20160621,0,20080311,"",2020,20211108
"Zutphen","H","41","Besloten vennootschap met gewone structuur","5629","Kantines en contractcatering","77299","Verh. overige consumentenartikelen","","","N","N",20000816,20000816,20000605,20000601,20060701,0,20000816,"",2021,20220607
"Deventer","H","74","Stichting","8710","Verpleeghuizen","87302","Verzorgingshuizen","78202","Uitleenbureaus","N","N",20000523,20000523,20130415,20130101,20170312,0,0,"",2021,20220530
"Zwartebroek","H","01","Eenmanszaak","4120","Algemene burgerlijke en utiliteitsbouw","8130","Landschapsverzorging","","","N","N",0,0,20000605,20000605,20130328,0,0,"",0,0
"Loenen","","74","Stichting","9002","Dienstverlening voor uitvoerende kunst","","","","","","",20000530,20000530,20071228,0,0,0,0,"",0,0
"Enschede","","74","Stichting","88999","Overig maatsch.adv./gemeenschapshuizen","","","","","","",20000526,20000526,0,0,0,0,0,"",0,0
"Ermelo","H","41","Besloten vennootschap met gewone structuur","6420","Financiële holdings","69203","Boekhoudkantoren","46499","GH ov. consumentenart. (non-food) (rest)","N","N",20000531,20000531,20000605,20000101,0,0,20000531,"",2021,20220503
"Lochem","H","41","Besloten vennootschap met gewone structuur","64301","Beleggingsinstell. in financiële activa","","","","","N","N",20000530,20000530,20000605,20000530,20000530,0,0,"",2020,20220413
"Barneveld","H","41","Besloten vennootschap met gewone structuur","68204","Verh. onroerend goed (niet v woonruimte)","","","","","N","N",20000529,20000529,20000605,20000529,20000601,0,0,"",2020,20211202
"Raalte","H","41","Besloten vennootschap met gewone structuur","55201","Verh. vakantiehuisjes en appartementen","","","","","N","N",20000529,20000529,20021218,19891001,20021212,0,20000529,"",2019,20210625
"Brummen","H","01","Eenmanszaak","96021","Haarverzorging","","","","","N","N",0,0,20000605,20000605,20000704,0,0,"",0,0
"Amersfoort","H","41","Besloten vennootschap met gewone structuur","70102","Holdings (geen financiële)","","","","","N","N",20000531,20000531,20170412,20000531,20170411,0,0,"",2020,20210929
"Ermelo","H","41","Besloten vennootschap met gewone structuur","4645","Groothandel in parfums en cosmetica","","","","","J","J",20000531,20000531,20000605,20000101,20210101,0,20000531,"",2021,20220503
"Amersfoort","H","41","Besloten vennootschap met gewone structuur","70221","Organisatie-adviesbureaus","","","","","N","N",20000519,20000519,20090217,20000519,20190901,0,0,"",2020,20211008
"Voorthuizen","H","41","Besloten vennootschap met gewone structuur","93119","Overige sportaccommodaties","","","","","J","N",20000531,20000531,20000605,20000531,0,0,0,"",2020,20211229
"Epe","H","41","Besloten vennootschap met gewone structuur","6420","Financiële holdings","7112","Ingenieurs/overig techn. ontwerp/advies","","","N","N",20000531,20000531,20000605,20000101,0,0,20000531,"",2020,20211230
"Apeldoorn","H","41","Besloten vennootschap met gewone structuur","64303","Beleggingsinst. met beperkte toetreding","","","","","N","N",20000531,20000531,20000605,20000531,0,0,0,"",2020,20210929
"Willemstad","H","41","Besloten vennootschap met gewone structuur","6420","Financiële holdings","","","","","N","N",20000531,20000531,20170913,20000531,20170829,0,0,"",2017,20170704
"Bathmen","H","41","Besloten vennootschap met gewone structuur","6420","Financiële holdings","","","","","N","N",20000530,20000530,20000605,20000530,20020901,0,0,"",2021,20220419
"Nijverdal","H","41","Besloten vennootschap met gewone structuur","6420","Financiële holdings","","","","","N","N",20000530,20000530,20000530,19940610,20081101,0,20000530,"",2018,20210726
"Enschede","H","41","Besloten vennootschap met gewone structuur","6420","Financiële holdings","","","","","N","N",20000530,20000530,20000606,20000530,0,0,0,"",2020,20210701
"Enschede","H","41","Besloten vennootschap met gewone structuur","93121","Veldvoetbal","55101","Hotel-restaurants","94993","Steunfondsen (niet ohgv welzijnszorg)","N","N",20000530,20000530,20000606,20000530,0,0,0,"",2021,20211005
"Gorssel","H","01","Eenmanszaak","69209","Overige administratiekantoren","","","","","N","N",0,0,20000606,20000601,0,0,0,"",0,0
"Oldenzaal","H","41","Besloten vennootschap met gewone structuur","6420","Financiële holdings","","","","","","",20000531,20000531,20000606,20000531,0,0,0,"",2020,20210727
"Wierden","H","41","Besloten vennootschap met gewone structuur","6420","Financiële holdings","","","","","N","N",20000531,20000531,20000606,20000531,0,0,0,"",2020,20211221
"Wapenveld","H","41","Besloten vennootschap met gewone structuur","4120","Algemene burgerlijke en utiliteitsbouw","","","","","N","N",20000526,20000526,20000606,19310101,20160711,0,20000526,"",2021,20220402
"Losser","","71","Vereniging met volledige rechtsbevoegdheid","94991","Gezelligheidsverenigingen","","","","","","",19800109,20000405,0,0,0,0,0,"",0,0
"Apeldoorn","H","01","Eenmanszaak","69203","Boekhoudkantoren","","","","","N","N",0,0,20000606,20000601,0,0,0,"",0,0
"Harderwijk","","71","Vereniging met volledige rechtsbevoegdheid","93144","Bowlen, kegelen, biljarten e.d.","","","","","","",19710901,19710901,0,0,0,0,0,"",0,0
"Almelo","H","41","Besloten vennootschap met gewone structuur","6420","Financiële holdings","","","","","J","J",20000531,20000531,20000606,20000531,20180901,0,0,"",2020,20210930
"Almelo","H","41","Besloten vennootschap met gewone structuur","6420","Financiële holdings","","","","","N","N",20000531,20000531,20000606,20000531,20180901,0,0,"",2020,20211018
"Hengelo","H","41","Besloten vennootschap met gewone structuur","46694","GH appendages/technische toebehoren e.d.","","","","","J","J",20000629,20000629,20000606,20000606,20160401,0,20000629,"",2021,20220406
"Haaksbergen","H","41","Besloten vennootschap met gewone structuur","6420","Financiële holdings","","","","","N","N",20000509,20000509,20000606,20000509,20140401,0,0,"",2020,20211223
"Weerselo","H","01","Eenmanszaak","01411","Houden van melkvee","2562","Algemene metaalbewerking","4120","Algemene burgerlijke en utiliteitsbouw","N","N",0,0,20000606,20000606,20140127,0,0,"",0,0
"Hellendoorn","H","41","Besloten vennootschap met gewone structuur","6420","Financiële holdings","","","","","","",20000531,20000531,20000606,20000531,20110723,0,0,"",2020,20211221
"Haaksbergen","H","41","Besloten vennootschap met gewone structuur","70221","Organisatie-adviesbureaus","6420","Financiële holdings","","","","",20000531,20000531,20000606,20000531,20220103,0,0,"",2021,20220311
"Barneveld","H","11","Vennootschap onder firma","43221","Loodg.- en fitterswerk; inst. sanitair","4391","Dakdekken en bouwen van dakconstructies","","","N","N",20000606,0,20000606,20000606,0,0,0,"",0,0
"Hengelo","H","41","Besloten vennootschap met gewone structuur","4333","Afwerking van vloeren en wanden","","","","","N","N",20000531,20000531,20000606,20000531,20081222,0,0,"",2015,20170202
"Enschede","H","41","Besloten vennootschap met gewone structuur","86221","Praktijken medisch spec./med. dagbehand.","6420","Financiële holdings","","","N","N",20000530,20000530,20000606,20000530,20020101,0,0,"",2020,20211018
"Haaksbergen","H","11","Vennootschap onder firma","4941","Goederenvervoer over weg (geen verhuiz.)","","","","","N","N",20030101,0,20000606,20000606,0,0,20030101,"",0,0
"Zwolle","H","01","Eenmanszaak","4120","Algemene burgerlijke en utiliteitsbouw","","","","","N","N",0,0,20050825,20000606,20140326,0,0,"",0,0
"Almelo","H","41","Besloten vennootschap met gewone structuur","70221","Organisatie-adviesbureaus","6420","Financiële holdings","","","N","N",20000531,20000531,20000606,20000531,20020401,0,0,"",2021,20220314
"Hellendoorn","","74","Stichting","93299","Ov. recreatie (rest)(geen jachthavens)","","","","","","",20000530,20000530,0,0,0,0,0,"",0,0
"Enschede","H","41","Besloten vennootschap met gewone structuur","6420","Financiële holdings","","","","","N","N",20000531,20000531,20000606,20000531,20181214,0,0,"",2020,20211201
"Amsterdam","H","41","Besloten vennootschap met gewone structuur","6420","Financiële holdings","90012","Producenten van podiumkunst","","","N","N",20000531,20000531,20200918,20000531,20200917,0,0,"",2019,20210727
"Enschede","H","41","Besloten vennootschap met gewone structuur","46736","Groothandel in tegels en plavuizen","47524","Winkels in tegels","","","J","J",20000531,20000531,20000606,20000531,0,0,0,"",2020,20220419
"Almelo","H","41","Besloten vennootschap met gewone structuur","6420","Financiële holdings","","","","","N","N",20000531,20000531,20000606,20000531,20101217,0,0,"",2020,20210723
"Bentelo","H","11","Vennootschap onder firma","46499","GH ov. consumentenart. (non-food) (rest)","47763","Winkels dier(benodigdhed)en/hengelsp.art","","","J","J",20010101,0,20000607,20000101,0,0,20010101,"",0,0
"Ermelo","H","41","Besloten vennootschap met gewone structuur","70102","Holdings (geen financiële)","70221","Organisatie-adviesbureaus","","","N","N",20000719,20000719,20000607,20000501,20180101,0,20000719,"",2019,20210728
"Vroomshoop","H","41","Besloten vennootschap met gewone structuur","2733","Verv. schakelaars/stekkers/stopcontacten","","","","","J","J",20000531,20000531,20000607,20000531,0,0,0,"",2020,20210601
"Vaassen","H","41","Besloten vennootschap met gewone structuur","70102","Holdings (geen financiële)","","","","","N","N",20000531,20000531,20000607,20000531,20000531,0,0,"",2020,20210924
"Barneveld","H","41","Besloten vennootschap met gewone structuur","6420","Financiële holdings","","","","","N","N",20000531,20000531,20000607,20000531,20170710,0,0,"",2018,20200312
"Putten","H","11","Vennootschap onder firma","4333","Afwerking van vloeren en wanden","","","","","N","N",20000528,0,20000607,20000528,0,0,0,"",0,0
"Huizen","H","41","Besloten vennootschap met gewone structuur","6420","Financiële holdings","93195","Organiseren van sportevenementen","","","","",20000613,20000613,20000607,20000605,20220103,0,20000613,"",2020,20211224
"Goor","H","41","Besloten vennootschap met gewone structuur","6420","Financiële holdings","","","","","N","N",20000613,20000613,20000607,20000605,0,0,20000613,"",2021,20220314
"Apeldoorn","H","01","Eenmanszaak","69203","Boekhoudkantoren","","","","","N","N",0,0,20000607,20000601,20130404,0,0,"",0,0
"Hengelo","H","21","Commanditaire vennootschap","93119","Overige sportaccommodaties","","","","","N","N",20000401,0,20000607,19970101,0,0,20000401,"",0,0
"Ede","H","41","Besloten vennootschap met gewone structuur","1820","Reproductie van opgenomen media","7311","Reclamebureaus","78202","Uitleenbureaus","","",20000526,20000526,20000530,20000526,20010201,0,0,"",2020,20220125
"Nijmegen","H","41","Besloten vennootschap met gewone structuur","6420","Financiële holdings","","","","","","",20000529,20000529,20000531,20000529,20140509,0,0,"",2021,20220322
"Berg en Dal","H","41","Besloten vennootschap met gewone structuur","85592","Bedrijfsopleiding en -training","70221","Organisatie-adviesbureaus","85313","Praktijkonderwijs","N","N",20000530,20000530,20000531,20000530,20090617,0,0,"",2020,20211108
"Nijmegen","H","41","Besloten vennootschap met gewone structuur","6420","Financiële holdings","70102","Holdings (geen financiële)","","","","",20001009,20001009,20000531,20000401,20000401,0,20001009,"",2020,20211201
"Westervoort","H","41","Besloten vennootschap met gewone structuur","64303","Beleggingsinst. met beperkte toetreding","","","","","","",20000529,20000529,20000531,20000529,0,0,0,"",2020,20211102
"Westervoort","","74","Stichting","69209","Overige administratiekantoren","","","","","","",20000529,20000529,0,0,0,0,0,"",0,0
"Terborg","","74","Stichting","88999","Overig maatsch.adv./gemeenschapshuizen","","","","","","",20000525,20000525,20071228,0,0,0,0,"",0,0
"Otterlo","H","41","Besloten vennootschap met gewone structuur","70221","Organisatie-adviesbureaus","","","","","","",20000522,20000522,20000531,20000522,20111227,0,0,"",2020,20210604
"Huissen","H","41","Besloten vennootschap met gewone structuur","6420","Financiële holdings","","","","","","",20000530,20000530,20000531,20000530,20000530,0,0,"",2020,20211231
"Arnhem","H","41","Besloten vennootschap met gewone structuur","6420","Financiële holdings","","","","","","",20000529,20000529,20000602,20000529,0,0,0,"",2020,20211102
"Wijchen","H","11","Vennootschap onder firma","4391","Dakdekken en bouwen van dakconstructies","","","","","","",20000601,0,20000602,20000601,0,0,0,"",0,0
"Elst","H","41","Besloten vennootschap met gewone structuur","64303","Beleggingsinst. met beperkte toetreding","","","","","N","N",20000531,20000531,20000602,20000101,0,0,20000531,"",2020,20211029
"Arnhem","H","41","Besloten vennootschap met gewone structuur","86913","Praktijken van psychotherapeuten/-logen","","","","","","",20000529,20000529,20000602,20000529,0,0,0,"",2020,20210628
"Arnhem","H","41","Besloten vennootschap met gewone structuur","6420","Financiële holdings","","","","","","",20000531,20000531,20000602,20000531,20180623,0,0,"",2020,20211213
"Arnhem","H","41","Besloten vennootschap met gewone structuur","69102","Rechtskundige adviesbureaus","6420","Financiële holdings","","","","",20000531,20000531,20000602,20000531,20180623,0,0,"",2020,20211213
"Velp","H","01","Eenmanszaak","8130","Landschapsverzorging","","","","","","",0,0,20000602,20000604,0,0,0,"",0,0
"Ede","H","41","Besloten vennootschap met gewone structuur","6420","Financiële holdings","","","","","","",20000529,20000529,20000602,20000529,0,0,0,"",2020,20211123
"Gendt","H","41","Besloten vennootschap met gewone structuur","45112","Handel/rep. personen-/lichte bedr.auto's","77111","Verh. personen-/lichte bedrijfsauto's","","","J","J",20000529,20000529,20000602,20000529,20150401,0,0,"",2019,20210129
"Ede","H","41","Besloten vennootschap met gewone structuur","6420","Financiële holdings","","","","","","",20000529,20000529,20000602,20000529,0,0,0,"",2020,20211123
"Didam","H","41","Besloten vennootschap met gewone structuur","6420","Financiële holdings","","","","","","",20000530,20000530,20000602,20000530,20000530,0,0,"",2020,20210923
"Nijmegen","H","41","Besloten vennootschap met gewone structuur","6420","Financiële holdings","","","","","","",20000719,20000719,20000602,20000529,20180324,0,20000719,"",2020,20210607
"Winssen","H","41","Besloten vennootschap met gewone structuur","6420","Financiële holdings","","","","","","",20000531,20000531,20000602,20000531,20110419,0,0,"",2020,20210827
"Terborg","H","41","Besloten vennootschap met gewone structuur","70102","Holdings (geen financiële)","","","","","N","N",20000530,20000530,20000605,20000530,0,0,0,"",2020,20211221
"Doetinchem","H","41","Besloten vennootschap met gewone structuur","70102","Holdings (geen financiële)","6832","Beheer van onroerend goed","","","","",20000530,20000530,20000605,20000530,20170502,0,0,"",2020,20211221
"Lichtenvoorde","H","41","Besloten vennootschap met gewone structuur","6420","Financiële holdings","","","","","","",20000530,20000530,20000605,20000530,20121124,0,0,"",2020,20210723
"Winssen","H","41","Besloten vennootschap met gewone structuur","6420","Financiële holdings","","","","","","",20000531,20000531,20000605,20000531,20061201,0,0,"",2021,20220616
"Ubbergen","H","41","Besloten vennootschap met gewone structuur","6420","Financiële holdings","","","","","","",20000530,20000530,20000605,20000530,20031218,0,0,"",2020,20220425
"Arnhem","H","41","Besloten vennootschap met gewone structuur","69101","Advocatenkantoren, bewindv. en curatoren","","","","","","",20000531,20000531,20000605,20000531,20000531,0,0,"",2020,20220401
"Baak","H","41","Besloten vennootschap met gewone structuur","70102","Holdings (geen financiële)","","","","","","",20000530,20000530,20080117,20000530,20180713,0,0,"",2020,20210708
"Nijmegen","H","41","Besloten vennootschap met gewone structuur","69101","Advocatenkantoren, bewindv. en curatoren","","","","","","",20000531,20000531,20000605,20000531,20000531,0,0,"",2020,20210712
"Didam","H","41","Besloten vennootschap met gewone structuur","70102","Holdings (geen financiële)","","","","","","",20000530,20000530,20080117,20000530,20121211,0,0,"",2020,20210708
"Baak","H","41","Besloten vennootschap met gewone structuur","70102","Holdings (geen financiële)","","","","","","",20000530,20000530,20080117,20000530,20180713,0,0,"",2020,20210708
"Wageningen","","74","Stichting","6832","Beheer van onroerend goed","","","","","","",20000530,20000530,0,0,0,0,0,"",0,0
"Nijmegen","H","41","Besloten vennootschap met gewone structuur","69101","Advocatenkantoren, bewindv. en curatoren","","","","","","",20000531,20000531,20000605,20000531,20151230,0,0,"",2020,20210331
"Arnhem","H","01","Eenmanszaak","70221","Organisatie-adviesbureaus","","","","","N","N",0,0,20000605,20000601,20000601,0,20050101,"",0,0
"Velp","H","01","Eenmanszaak","93212","Kermisattracties","","","","","","",0,0,20000605,20000501,20110307,0,0,"",0,0
"Delft","","74","Stichting","94993","Steunfondsen (niet ohgv welzijnszorg)","","","","","","",20000519,20000519,0,0,0,0,0,"",0,0
"Bennekom","H","41","Besloten vennootschap met gewone structuur","43221","Loodg.- en fitterswerk; inst. sanitair","","","","","","",20000530,20000530,20000605,20000530,20010419,0,0,"",2020,20210526
"Arnhem","H","41","Besloten vennootschap met gewone structuur","47789","Winkels gespec. in overige art. (rest)","","","","","J","N",20060531,20060531,20000605,20000601,0,0,20060531,"",2020,20220407
"Ulft","H","01","Eenmanszaak","8211","Brede administratieve dienstverlening","7430","Vertalers en tolken","","","","",0,0,20000605,20000601,20000601,0,0,"",0,0
"Wageningen","H","41","Besloten vennootschap met gewone structuur","6810","Handel in eigen onroerend goed","","","","","","",20000906,20000906,20000605,20000601,20060821,0,20000906,"",2020,20211111
"Lent","H","41","Besloten vennootschap met gewone structuur","46499","GH ov. consumentenart. (non-food) (rest)","46497","GH papier-/kartonwaren(geen verpak.mat.)","46738","Groothandel gespec. in overige bouwmat.","J","",20000531,20000531,20000606,20000531,0,0,0,"",2014,20160812
"Nijmegen","H","41","Besloten vennootschap met gewone structuur","6420","Financiële holdings","","","","","","",20000531,20000531,20000606,20000531,20120410,0,0,"",2020,20210902
"Arnhem","H","41","Besloten vennootschap met gewone structuur","6420","Financiële holdings","","","","","","",20000630,20000630,20000606,20000601,20180108,0,20000630,"",2020,20220321
"Dieren","H","01","Eenmanszaak","93299","Ov. recreatie (rest)(geen jachthavens)","","","","","","",0,0,20000606,20000601,20040721,0,0,"",0,0
"Amersfoort","H","41","Besloten vennootschap met gewone structuur","6420","Financiële holdings","","","","","","",20000522,20000522,20150116,20000522,20160712,0,0,"",2020,20220406
"Nijmegen","H","41","Besloten vennootschap met gewone structuur","6420","Financiële holdings","78202","Uitleenbureaus","","","","",20000531,20000531,20000607,20000531,20120410,0,0,"",2020,20210902
"Beek","H","41","Besloten vennootschap met gewone structuur","6420","Financiële holdings","","","","","","",20000531,20000531,20000607,20000531,20060602,0,0,"",2020,20211229
"Nijmegen","H","01","Eenmanszaak","96021","Haarverzorging","","","","","","",0,0,20000607,20000607,20000607,0,0,"",0,0
"Middelburg","H","41","Besloten vennootschap met gewone structuur","85519","Overig sport- en recreatieonderwijs","85592","Bedrijfsopleiding en -training","","","J","N",20070717,20070717,20200917,20000607,20200901,0,20070717,"",2017,20180321
"Arnhem","H","41","Besloten vennootschap met gewone structuur","6420","Financiële holdings","","","","","","",20000921,20000921,20000607,20000601,20000601,0,20000921,"",2017,20181112
"Wageningen","H","01","Eenmanszaak","4120","Algemene burgerlijke en utiliteitsbouw","","","","","","",0,0,20000607,20000607,0,0,0,"",0,0
"Oterleek","H","01","Eenmanszaak","4120","Algemene burgerlijke en utiliteitsbouw","","","","","N","N",0,0,20040901,20000607,20040901,0,20011015,"",0,0
"Nijmegen","H","11","Vennootschap onder firma","8121","Interieurreiniging van gebouwen","46442","GH was-, poets- en reinigingsmiddelen","","","N","N",20040101,0,20000607,20000601,20161201,0,20040101,"",0,0
"Doetinchem","","72","Vereniging met beperkte rechtsbevoegdheid","94993","Steunfondsen (niet ohgv welzijnszorg)","","","","","","",20000606,0,0,0,0,0,0,"",0,0
"Apeldoorn","H","01","Eenmanszaak","8010","Particuliere beveiliging","78202","Uitleenbureaus","","","","",0,0,20140312,20000607,20220119,0,20090527,"",0,0
"Wijchen","H","01","Eenmanszaak","4332","Bouwtimmeren","","","","","","",0,0,20000607,20000401,20000401,0,0,"",0,0
"Lienden","H","41","Besloten vennootschap met gewone structuur","6622","Assurantietussenpersonen","66193","Hypotheek-/kredietbem./bankagentschappen","","","","",20000530,20000530,20000605,19810902,0,0,20000530,"",2020,20210902
"Gorinchem","H","41","Besloten vennootschap met gewone structuur","70102","Holdings (geen financiële)","","","","","","",20000530,20000530,20000605,20000101,0,0,0,"",2020,20211206
"Gorinchem","H","41","Besloten vennootschap met gewone structuur","70102","Holdings (geen financiële)","","","","","","",20000530,20000530,20000605,20000101,20200704,0,0,"",2021,20220602
"Gorinchem","H","41","Besloten vennootschap met gewone structuur","70102","Holdings (geen financiële)","","","","","","",20000530,20000530,20000605,20000101,0,0,0,"",2020,20211206
"Brakel","H","11","Vennootschap onder firma","2932","Verv. niet-elektr(on)ische auto-onderd.","","","","","","",20000601,0,20181204,20000601,0,0,0,"",0,0
"Maurik","H","41","Besloten vennootschap met gewone structuur","64301","Beleggingsinstell. in financiële activa","","","","","","",20000530,20000530,20000605,20000530,20131029,0,0,"",2020,20210804
"Ammerzoden","H","01","Eenmanszaak","4334","Schilderen en glaszetten","","","","","","",0,0,20000606,20000612,20070920,0,0,"",0,0
"Beesd","H","41","Besloten vennootschap met gewone structuur","6420","Financiële holdings","","","","","","",20000605,20000605,20000606,20000101,20070101,0,0,"",2019,20210115
"Zaltbommel","H","41","Besloten vennootschap met gewone structuur","4110","Projectontwikkeling","4120","Algemene burgerlijke en utiliteitsbouw","","","N","N",20050201,20050201,20000606,20000515,20150423,0,20050201,"",2020,20210507
"Dodewaard","","72","Vereniging met beperkte rechtsbevoegdheid","88993","Lokaal welzijnswerk","","","","","","",20000529,20000529,0,0,0,0,0,"",0,0
"Enspijk","H","41","Besloten vennootschap met gewone structuur","64303","Beleggingsinst. met beperkte toetreding","64301","Beleggingsinstell. in financiële activa","45112","Handel/rep. personen-/lichte bedr.auto's","N","N",20001016,20001016,20000606,20000601,20071207,0,20001016,"",2020,20220524
"Tiel","H","41","Besloten vennootschap met gewone structuur","7112","Ingenieurs/overig techn. ontwerp/advies","","","","","","",20000710,20000710,20140412,20000501,20160822,0,20000710,"",2021,20220608
"Rotterdam","H","41","Besloten vennootschap met gewone structuur","7311","Reclamebureaus","7490","Overige special. zakelijke dienstverl.","","","J","J",20000606,20000606,20030818,20000606,20220325,0,0,"",2020,20211230
"Utrecht","H","41","Besloten vennootschap met gewone structuur","46499","GH ov. consumentenart. (non-food) (rest)","","","","","","",20000530,20000530,20000607,19980201,20130117,0,20000530,"",2020,0
"Druten","H","01","Eenmanszaak","5811","Uitgeverijen van boeken","","","","","N","N",0,0,20211117,20000615,0,0,0,"",0,0
"Tiel","H","11","Vennootschap onder firma","43221","Loodg.- en fitterswerk; inst. sanitair","43222","Inst. verwarmings-/luchtbehandelingsapp.","4391","Dakdekken en bouwen van dakconstructies","N","N",20000607,0,20000607,19871218,0,0,20000607,"",0,0
"Beegden","H","01","Eenmanszaak","43222","Inst. verwarmings-/luchtbehandelingsapp.","","","","","N","N",0,0,20000605,20000601,20200622,0,0,"",0,0
"Grubbenvorst","H","01","Eenmanszaak","5920","Maken en uitgeven van geluidsopnamen","","","","","N","N",0,0,20000605,20000101,20070502,0,0,"",0,0
"Echt","H","41","Besloten vennootschap met gewone structuur","68204","Verh. onroerend goed (niet v woonruimte)","","","","","N","N",20000530,20000530,20000605,20000530,20030701,0,0,"",2021,20220425
"Maasbree","","71","Vereniging met volledige rechtsbevoegdheid","94991","Gezelligheidsverenigingen","","","","","","",19760000,20000524,0,0,0,0,0,"",0,0
"Roermond","","74","Stichting","9103","Monumentenzorg","","","","","","",20000516,20000516,0,0,0,0,0,"",0,0
"Roermond","","74","Stichting","66191","Admin.kantoren voor aandelen/obligaties","","","","","","",20000523,20000523,0,0,0,0,0,"",0,0
"Vlodrop","H","01","Eenmanszaak","8130","Landschapsverzorging","","","","","N","N",0,0,20000605,20000605,20040220,0,0,"",0,0
"Weert","","74","Stichting","88993","Lokaal welzijnswerk","","","","","","",20000530,20000530,0,0,0,0,0,"",0,0
"Tienray","","74","Stichting","88993","Lokaal welzijnswerk","","","","","","",20000530,20000530,0,0,0,0,0,"",0,0
"Meerlo","","74","Stichting","88993","Lokaal welzijnswerk","","","","","","",20000525,20000525,0,0,0,0,0,"",0,0
"Weert","H","41","Besloten vennootschap met gewone structuur","6420","Financiële holdings","","","","","N","N",20000531,20000531,20000606,19860000,0,0,20000531,"",2019,20210413
"Venlo","H","41","Besloten vennootschap met gewone structuur","6420","Financiële holdings","","","","","N","N",20000530,20000530,20000606,20000530,20150407,0,0,"",2020,20220222
"Herkenbosch","H","01","Eenmanszaak","96022","Schoonheidsverzorging/pedi-/manicures","","","","","N","N",0,0,20000606,20000606,0,0,0,"",0,0
"Weert","H","41","Besloten vennootschap met gewone structuur","6420","Financiële holdings","","","","","N","N",20000526,20000526,20000607,19821227,0,0,20000526,"",2020,20210318
"Roermond","H","11","Vennootschap onder firma","2312","Vormen en bewerken van vlakglas","","","","","N","N",20021118,0,20000607,20000607,20100630,0,20021118,"",0,0
"Maastricht","H","41","Besloten vennootschap met gewone structuur","6831","Bemidd. bij handel/huur/verhuur onr.goed","","","","","N","N",20010510,20010510,20000605,20000501,0,0,20010510,"",2020,20211105
"Valkenburg","H","11","Vennootschap onder firma","5630","Cafés","","","","","N","N",20000609,0,20000605,20000609,0,0,0,"",0,0
"Merkelbeek","H","01","Eenmanszaak","45112","Handel/rep. personen-/lichte bedr.auto's","","","","","N","N",0,0,20000605,19990101,20150801,0,0,"",0,0
"Bunde","H","01","Eenmanszaak","4120","Algemene burgerlijke en utiliteitsbouw","","","","","N","N",0,0,20000605,20000601,0,0,0,"",0,0
"Maastricht","H","01","Eenmanszaak","9002","Dienstverlening voor uitvoerende kunst","4334","Schilderen en glaszetten","","","N","J",0,0,20000605,20000601,0,0,0,"",0,0
"Kerkrade","H","11","Vennootschap onder firma","4726","Winkels in tabaksproducten","4762","Winkels kranten/tijdschr./kantoorbeh.","","","N","N",19980101,0,20000606,19980101,19980101,0,0,"",0,0
"Heerlen","H","51","Naamloze vennootschap met gewone structuur","4773","Apotheken","86929","Samenwerkingsorganen ohgv gez.zorg","47911","Internethandel voeding en drogisterij","N","N",20000721,20000721,20000606,20000101,20150601,0,20000721,"",2020,20210816
"Maastricht","H","41","Besloten vennootschap met gewone structuur","4120","Algemene burgerlijke en utiliteitsbouw","","","","","N","N",20030328,20030328,20030402,20000606,20190801,0,20030328,"",2020,20220131
"Heerlen","H","01","Eenmanszaak","4120","Algemene burgerlijke en utiliteitsbouw","","","","","N","N",0,0,20000607,20000601,20170901,0,0,"",0,0
"Landgraaf","H","01","Eenmanszaak","7112","Ingenieurs/overig techn. ontwerp/advies","70221","Organisatie-adviesbureaus","","","N","N",0,0,20000607,20000601,20010901,0,0,"",0,0
"Hoensbroek","H","01","Eenmanszaak","45112","Handel/rep. personen-/lichte bedr.auto's","","","","","N","N",0,0,20000607,20000114,20040101,0,0,"",0,0
"Boxmeer","","71","Vereniging met volledige rechtsbevoegdheid","94991","Gezelligheidsverenigingen","","","","","","",19550716,20000525,0,0,0,0,0,"",0,0
"Veldhoven","H","41","Besloten vennootschap met gewone structuur","70221","Organisatie-adviesbureaus","","","","","","",20000529,20000529,20000530,20000529,20170101,0,0,"",2020,20211230
"Eindhoven","H","41","Besloten vennootschap met gewone structuur","7021","Adviesbureaus publ. relations en comm.","78202","Uitleenbureaus","","","","",20000529,20000529,20000530,19840416,20020328,0,20000529,"",2021,20220207
"Helmond","H","41","Besloten vennootschap met gewone structuur","6420","Financiële holdings","","","","","N","N",20000919,20000919,20000530,20000501,0,0,20000919,"",2020,20210409
"Bakel","H","01","Eenmanszaak","6201","Ontwikkelen/produceren/uitgeven software","","","","","","",0,0,20000531,20000101,20000101,0,0,"",0,0
"Nuenen","H","41","Besloten vennootschap met gewone structuur","6420","Financiële holdings","","","","","N","N",20000607,20000607,20000531,20000101,20200905,0,20000607,"",2020,20211105
"Boxtel","H","41","Besloten vennootschap met gewone structuur","70102","Holdings (geen financiële)","","","","","N","N",20000530,20000530,20000531,20000530,20010625,0,0,"",2020,20211222
"Knegsel","H","41","Besloten vennootschap met gewone structuur","6420","Financiële holdings","","","","","N","N",20000530,20000530,20000531,20000530,20170309,0,0,"",2021,20220404
"Eindhoven","","74","Stichting","93195","Organiseren van sportevenementen","","","","","","",20000525,20000525,0,0,0,0,0,"",0,0
"Uden","H","41","Besloten vennootschap met gewone structuur","6420","Financiële holdings","","","","","","",20000529,20000529,20000531,20000529,0,0,0,"",2019,20210721
"Stevensbeek","","71","Vereniging met volledige rechtsbevoegdheid","94991","Gezelligheidsverenigingen","","","","","","",19970203,20000529,0,0,0,0,0,"",0,0
"Deurne","H","01","Eenmanszaak","96022","Schoonheidsverzorging/pedi-/manicures","","","","","N","N",0,0,20000531,20000601,0,0,0,"",0,0
"Veghel","","71","Vereniging met volledige rechtsbevoegdheid","94997","Overige belangenbehartiging (rest)","","","","","","",19631016,20000529,0,0,0,0,0,"",0,0
"Oss","H","41","Besloten vennootschap met gewone structuur","6420","Financiële holdings","","","","","","",20000529,20000529,20000531,20000529,0,0,0,"",2019,20210916
"Nistelrode","H","41","Besloten vennootschap met gewone structuur","6420","Financiële holdings","","","","","","",20000529,20000529,20000531,20000529,20080401,0,0,"",2020,20210721
"Mierlo","H","41","Besloten vennootschap met gewone structuur","4312","Grondverzet","6420","Financiële holdings","","","N","N",20000530,20000530,20000531,20000530,20101213,0,0,"",2020,20220304
"Veghel","H","41","Besloten vennootschap met gewone structuur","45112","Handel/rep. personen-/lichte bedr.auto's","","","","","N","J",20000523,20000523,20000531,19940101,20010121,0,20000523,"",2021,20220504
"Soerendonk","","71","Vereniging met volledige rechtsbevoegdheid","93125","Paardensport en maneges","","","","","","",20000511,20000511,0,0,0,0,0,"",0,0
"Venhorst","H","41","Besloten vennootschap met gewone structuur","6420","Financiële holdings","","","","","N","N",20000530,20000530,20000531,20000530,0,0,0,"",2021,20220422
"Rosmalen","H","41","Besloten vennootschap met gewone structuur","6420","Financiële holdings","","","","","","",20000518,20000518,20000531,20000518,20110101,0,0,"",2014,20160129
"Veldhoven","H","41","Besloten vennootschap met gewone structuur","69101","Advocatenkantoren, bewindv. en curatoren","","","","","","",20000530,20000530,20000531,20000530,0,0,0,"",2020,20210906
"Valkenswaard","H","41","Besloten vennootschap met gewone structuur","6420","Financiële holdings","","","","","","",20000529,20000529,20000531,20000529,20060919,0,0,"",2020,20210922
"Wintelre","H","41","Besloten vennootschap met gewone structuur","6420","Financiële holdings","","","","","","",20000529,20000529,20000531,20000529,0,0,0,"",2016,20170802
"Nuland","","71","Vereniging met volledige rechtsbevoegdheid","94992","Hobbyclubs","","","","","","",20000526,20000526,0,0,0,0,0,"",0,0
"'s-Hertogenbosch","H","41","Besloten vennootschap met gewone structuur","6420","Financiële holdings","","","","","","",20000706,20000706,20000531,20000101,0,0,20000706,"",2020,20210811
"Vlijmen","H","41","Besloten vennootschap met gewone structuur","6420","Financiële holdings","","","","","","",20000706,20000706,20000531,20000101,20001113,0,20000706,"",2020,20210811
"Rosmalen","H","41","Besloten vennootschap met gewone structuur","6420","Financiële holdings","","","","","","",20000529,20000529,20000530,20000529,20151023,0,0,"",2021,20220413
"Vught","H","41","Besloten vennootschap met gewone structuur","86221","Praktijken medisch spec./med. dagbehand.","","","","","N","N",20000529,20000529,20000530,20000529,0,0,0,"",2020,20211228
"Reusel","","71","Vereniging met volledige rechtsbevoegdheid","9412","Beroepsorganisaties","","","","","","",20000605,20000605,0,0,0,0,0,"",0,0
"IJsselstein","H","41","Besloten vennootschap met gewone structuur","4651","GH computers, randapparatuur en software","6420","Financiële holdings","","","","",20040519,20040519,20110708,20000601,20141127,0,20040519,"",2020,20210723
"Valkenswaard","H","01","Eenmanszaak","96021","Haarverzorging","","","","","","",0,0,20000605,20000601,20151101,0,0,"",0,0
"Oploo","H","01","Eenmanszaak","72192","Technisch speur- en ontwikkelingswerk","","","","","N","N",0,0,20000605,20000605,0,0,0,"",0,0
"Oirschot","H","01","Eenmanszaak","43221","Loodg.- en fitterswerk; inst. sanitair","43222","Inst. verwarmings-/luchtbehandelingsapp.","","","","",0,0,20000605,20000612,20160520,0,0,"",0,0
"Nistelrode","H","01","Eenmanszaak","43221","Loodg.- en fitterswerk; inst. sanitair","","","","","N","N",0,0,20000605,20000605,0,0,0,"",0,0
"Oss","H","41","Besloten vennootschap met gewone structuur","6420","Financiële holdings","","","","","","",20000529,20000529,20000605,20000529,20010928,0,0,"",2020,20210716
"Herpen","H","41","Besloten vennootschap met gewone structuur","6420","Financiële holdings","","","","","","",20000529,20000529,20000605,20000529,20210809,0,0,"",2020,20211122
"Eindhoven","H","41","Besloten vennootschap met gewone structuur","7490","Overige special. zakelijke dienstverl.","4617","HB in voedings- en genotmiddelen","85519","Overig sport- en recreatieonderwijs","N","N",20000529,20000529,20000605,20000529,20090423,0,0,"",2020,20211202
"Reusel","H","41","Besloten vennootschap met gewone structuur","46311","Groothandel in groenten en fruit","4721","Winkels in aardappelen/groenten/fruit","46312","Groothandel in consumptie-aardappelen","J","J",20000525,20000525,20000605,20000525,0,0,0,"",2020,20211101
"Eindhoven","H","41","Besloten vennootschap met gewone structuur","8891","Kinderopvang","","","","","","",20000530,20000530,20000605,20000530,20050523,0,0,"",2020,20210614
"Eindhoven","H","41","Besloten vennootschap met gewone structuur","8891","Kinderopvang","78202","Uitleenbureaus","","","N","N",20000530,20000530,20000605,20000530,20050523,0,0,"",2020,20210614
"'s-Hertogenbosch","H","01","Eenmanszaak","43222","Inst. verwarmings-/luchtbehandelingsapp.","","","","","","",0,0,20000606,20000606,0,0,0,"",0,0
"Valkenswaard","H","41","Besloten vennootschap met gewone structuur","6420","Financiële holdings","2041","Verv. zeep/wasmid./poets-/reinigingsmid.","46732","Groothandel in verf en verfwaren","","",20000529,20000529,20000606,20000529,20160301,0,0,"",2020,20211223
"Eindhoven","H","41","Besloten vennootschap met gewone structuur","6420","Financiële holdings","","","","","","",20000525,20000525,20000606,20000101,20140401,0,20000525,"",2020,20210726
"Rosmalen","H","01","Eenmanszaak","6201","Ontwikkelen/produceren/uitgeven software","7112","Ingenieurs/overig techn. ontwerp/advies","","","","",0,0,20000606,20000606,0,0,0,"",0,0
"Helmond","H","41","Besloten vennootschap met gewone structuur","6420","Financiële holdings","","","","","","",20000530,20000530,20000606,20000530,0,0,0,"",2020,20210713
"Nieuwegein","","71","Vereniging met volledige rechtsbevoegdheid","94992","Hobbyclubs","","","","","","",20000530,20000530,0,0,0,0,0,"",0,0
"Doetinchem","H","41","Besloten vennootschap met gewone structuur","6420","Financiële holdings","69203","Boekhoudkantoren","","","","",20000530,20000530,20020807,20000530,20020801,0,0,"",2021,20220415
"Eindhoven","H","41","Besloten vennootschap met gewone structuur","6420","Financiële holdings","","","","","","",20000531,20000531,20000606,20000531,20201201,0,0,"",2020,20220609
"Sterksel","","71","Vereniging met volledige rechtsbevoegdheid","9002","Dienstverlening voor uitvoerende kunst","","","","","","",20000519,20000519,0,0,0,0,0,"",0,0
"'s-Hertogenbosch","H","41","Besloten vennootschap met gewone structuur","6420","Financiële holdings","","","","","","",20000530,20000530,20000606,20000530,20051014,0,0,"",2019,20210430
"Purmerend","H","41","Besloten vennootschap met gewone structuur","6420","Financiële holdings","8219","Secretariële dienstverlening","7112","Ingenieurs/overig techn. ontwerp/advies","N","N",20000630,20000630,20100407,20000606,20190529,0,20000630,"",2020,20210930
"Valkenswaard","H","41","Besloten vennootschap met gewone structuur","6420","Financiële holdings","","","","","","",20000530,20000530,20000606,20000530,20090217,0,0,"",2021,20220520
"Nuenen","H","41","Besloten vennootschap met gewone structuur","6420","Financiële holdings","","","","","N","N",20000530,20000530,20000606,20000530,0,0,0,"",2020,20210916
"Veghel","H","41","Besloten vennootschap met gewone structuur","6420","Financiële holdings","","","","","","",20000526,20000526,20000606,20000526,0,0,0,"",2020,20210506
"Valkenswaard","H","41","Besloten vennootschap met gewone structuur","6420","Financiële holdings","","","","","","",20000529,20000529,20000606,20000529,20060801,0,0,"",2021,20220609
"Oirschot","H","41","Besloten vennootschap met gewone structuur","4614","HB mach./techn.ben./schepen/vliegtuigen","","","","","J","J",20000531,20000531,20000606,19770501,20140818,0,20000531,"",2021,20220413
"Boxtel","H","41","Besloten vennootschap met gewone structuur","4941","Goederenvervoer over weg (geen verhuiz.)","","","","","N","N",20040212,20040212,20000606,20000601,20070108,0,20040212,"",2020,20211229
"Oss","","71","Vereniging met volledige rechtsbevoegdheid","94992","Hobbyclubs","","","","","","",19380909,0,0,0,0,0,0,"",0,0
"Valkenswaard","H","41","Besloten vennootschap met gewone structuur","6420","Financiële holdings","","","","","","",20000530,20000530,20000606,20000530,0,0,0,"",2015,20160316
"Veghel","H","41","Besloten vennootschap met gewone structuur","01131","Teelt van groenten in de volle grond","0143","Fokken en houden van paarden en ezels","6831","Bemidd. bij handel/huur/verhuur onr.goed","","",20000526,20000526,20000606,20000101,0,0,0,"",2020,20210506
"Vaassen","","71","Vereniging met volledige rechtsbevoegdheid","88999","Overig maatsch.adv./gemeenschapshuizen","","","","","","",19600820,20000529,0,0,0,0,0,"",0,0
"Valkenswaard","H","41","Besloten vennootschap met gewone structuur","4110","Projectontwikkeling","","","","","","",20000530,20000530,20000606,20000530,0,0,0,"",2015,20160316
"'s-Hertogenbosch","H","41","Besloten vennootschap met gewone structuur","70222","Advisering ohgv management/bedrijfsv.","70221","Organisatie-adviesbureaus","","","N","N",20000607,20000607,20000607,20000607,20170725,0,0,"",2020,20211202
"Meijel","H","01","Eenmanszaak","6201","Ontwikkelen/produceren/uitgeven software","4765","Winkels in speelgoed","","","N","N",0,0,20030117,20000401,20030101,0,0,"",0,0
"Vlijmen","H","41","Besloten vennootschap met gewone structuur","6420","Financiële holdings","","","","","","",20000616,20000616,20000607,19990901,20020318,0,20000616,"",2020,20220208
"Oisterwijk","H","01","Eenmanszaak","70221","Organisatie-adviesbureaus","","","","","","",0,0,20000605,20000612,20040814,0,0,"",0,0
"Breda","H","41","Besloten vennootschap met gewone structuur","4311","Slopen van bouwwerken","3900","Sanering en overig afvalbeheer","43999","Overige gespec. werkz. in de bouw (rest)","","",20000705,20000705,20220217,20000605,20220216,0,20000705,"",2020,20211221
"Berkel-Enschot","H","41","Besloten vennootschap met gewone structuur","46431","Groothandel in witgoed","78202","Uitleenbureaus","","","J","N",20000525,20000525,20000605,19950712,20140101,0,20000525,"",2020,20220228
"TILBURG","H","41","Besloten vennootschap met gewone structuur","6622","Assurantietussenpersonen","6831","Bemidd. bij handel/huur/verhuur onr.goed","","","","",20000714,20000714,20000605,20000601,20100601,0,20000714,"",2020,20210908
"Tilburg","H","01","Eenmanszaak","4651","GH computers, randapparatuur en software","4741","Winkels in computers/randapp./software","","","","",0,0,20000605,20000605,20190521,0,0,"",0,0
"Tilburg","H","01","Eenmanszaak","2932","Verv. niet-elektr(on)ische auto-onderd.","4941","Goederenvervoer over weg (geen verhuiz.)","","","","",0,0,20180806,20000605,20180801,0,0,"",0,0
"Berkel-Enschot","H","41","Besloten vennootschap met gewone structuur","70222","Advisering ohgv management/bedrijfsv.","","","","","N","N",20000531,20000531,20000606,20000531,20211122,0,0,"",2019,20200904
"Dongen","H","41","Besloten vennootschap met gewone structuur","6420","Financiële holdings","","","","","J","J",20000720,20000720,20000606,20000530,0,0,20000720,"",2020,20210518
"Waalwijk","","71","Vereniging met volledige rechtsbevoegdheid","49392","Openb.interlokaal pers.vervoer over weg","","","","","","",20000525,20000525,0,0,0,0,0,"",0,0
"Waalwijk","H","01","Eenmanszaak","31011","Interieurbouw","4332","Bouwtimmeren","","","","",0,0,20000606,20000606,20060101,0,20001001,"",0,0
"Sprang-Capelle","H","41","Besloten vennootschap met gewone structuur","69101","Advocatenkantoren, bewindv. en curatoren","","","","","","",20000529,20000529,20000606,20000529,0,0,0,"",2021,20220428
"Gilze","H","41","Besloten vennootschap met gewone structuur","70221","Organisatie-adviesbureaus","","","","","N","N",20000531,20000531,20000606,19970225,0,0,20000531,"",2019,20201112
"Baarle-Nassau","H","41","Besloten vennootschap met gewone structuur","70102","Holdings (geen financiële)","","","","","","",20000531,20000531,20071222,20000531,20171230,0,0,"",2020,20211223
"Hilvarenbeek","","72","Vereniging met beperkte rechtsbevoegdheid","94991","Gezelligheidsverenigingen","","","","","","",20000525,20000525,0,0,0,0,0,"",0,0
"Schoonrewoerd","H","41","Besloten vennootschap met gewone structuur","70102","Holdings (geen financiële)","","","","","N","N",20000605,20000605,20010509,20000605,20071217,0,0,"",2020,20220420
"Made","H","41","Besloten vennootschap met gewone structuur","6420","Financiële holdings","","","","","","",20000530,20000530,20071222,20000530,0,0,0,"",2020,20210329
"Drimmelen","H","41","Besloten vennootschap met gewone structuur","6420","Financiële holdings","","","","","","",20000530,20000530,20071222,20000530,0,0,0,"",2020,20210329
"Almkerk","H","61","Coöperatie","69203","Boekhoudkantoren","","","","","","",20000606,20000606,20000607,20000606,20130115,0,0,"",2021,20220609
"Kaatsheuvel","H","41","Besloten vennootschap met gewone structuur","0143","Fokken en houden van paarden en ezels","","","","","","",20000727,20000727,20000607,20000605,0,0,20000727,"",2021,20220608
"Drimmelen","H","41","Besloten vennootschap met gewone structuur","6420","Financiële holdings","","","","","","",20000530,20000530,20071222,20000530,0,0,0,"",2020,20210329
"Oisterwijk","H","41","Besloten vennootschap met gewone structuur","6831","Bemidd. bij handel/huur/verhuur onr.goed","","","","","","",20000606,20000606,20000607,20000606,20120401,0,0,"",2020,20210825
"Drimmelen","H","41","Besloten vennootschap met gewone structuur","01132","Teelt van groenten onder glas","","","","","","",20000530,20000530,20071222,19710000,0,0,20000530,"",2020,20210329
"Hilvarenbeek","H","41","Besloten vennootschap met gewone structuur","6420","Financiële holdings","","","","","","",20000529,20000529,20000607,20000529,20040329,0,0,"",2021,20220601
"Udenhout","H","01","Eenmanszaak","46471","Groothandel in huismeubilair","","","","","J","J",0,0,20000607,20000101,20171101,0,20050101,"",0,0
"Etten-Leur","H","41","Besloten vennootschap met gewone structuur","6612","Commissionairs/makelaars in effecten ed","","","","","","",20000525,20000525,20000605,20000525,0,0,0,"",2020,20211230
"Breda","H","41","Besloten vennootschap met gewone structuur","6420","Financiële holdings","","","","","","",20020530,20020530,20000605,20000602,20140101,0,20020530,"",2020,20210330
"Oosterhout","H","41","Besloten vennootschap met gewone structuur","4663","Groothandel in machines voor de bouw","","","","","","",20000802,20000802,20071222,20000501,20110701,0,20000802,"",2021,20220523
"Schiedam","H","41","Besloten vennootschap met gewone structuur","46751","GH chem.grondst./chemicaliën ind.toep.","","","","","","",20000523,20000523,20180305,20000523,20220106,0,0,"",2016,20181214
"Breda","H","01","Eenmanszaak","4332","Bouwtimmeren","","","","","","",0,0,20000605,20000605,0,0,0,"",0,0
"Etten-Leur","H","41","Besloten vennootschap met gewone structuur","6612","Commissionairs/makelaars in effecten ed","","","","","","",20000529,20000529,20000605,20000529,20020607,0,0,"",2021,20220531
"Nijkerk","H","41","Besloten vennootschap met gewone structuur","56101","Restaurants","5630","Cafés","93299","Ov. recreatie (rest)(geen jachthavens)","","",20000522,20000522,20201030,20000522,20201028,0,0,"",2019,20210127
"Bergen op Zoom","H","41","Besloten vennootschap met gewone structuur","6420","Financiële holdings","","","","","","",20000526,20000526,20000605,20000526,20180101,0,0,"",2020,20220301
"Chaam","H","41","Besloten vennootschap met gewone structuur","46499","GH ov. consumentenart. (non-food) (rest)","","","","","","",20010330,20010330,20071222,20000101,20031006,0,20010330,"",2020,20220110
"Lepelstraat","H","41","Besloten vennootschap met gewone structuur","86912","Praktijken van fysiotherapeuten","","","","","","",20000526,20000526,20000605,20000526,20050101,0,0,"",2020,20211208
"Steenbergen","","71","Vereniging met volledige rechtsbevoegdheid","94992","Hobbyclubs","","","","","","",19590300,20000530,0,0,0,0,0,"",0,0
"Zundert","H","01","Eenmanszaak","4332","Bouwtimmeren","","","","","","",0,0,20071222,20000605,20211216,0,0,"",0,0
"Etten-Leur","H","41","Besloten vennootschap met gewone structuur","7112","Ingenieurs/overig techn. ontwerp/advies","","","","","","",20000524,20000524,20000606,20000524,20080704,0,0,"",2021,20220420
"Sprundel","H","41","Besloten vennootschap met gewone structuur","2512","Verv. metalen deuren/vensters/kozijnen","4619","Niet-gespecialiseerde handelsbemiddeling","6420","Financiële holdings","","",20001110,20001110,20000606,20000606,20110524,0,20001110,"",2020,20220126
"Chaam","H","01","Eenmanszaak","90011","Beoefening van podiumkunst","93299","Ov. recreatie (rest)(geen jachthavens)","","","","",0,0,20000606,20000606,20170312,0,0,"",0,0
"Oosterhout","H","11","Vennootschap onder firma","8121","Interieurreiniging van gebouwen","46442","GH was-, poets- en reinigingsmiddelen","","","","",20000101,0,20000606,20000101,0,0,0,"",0,0
"Middelburg","H","41","Besloten vennootschap met gewone structuur","7112","Ingenieurs/overig techn. ontwerp/advies","3514","Handel elektriciteit/gas via leidingen","","","N","N",20000529,20000529,20000605,20000529,20210512,0,0,"",2020,0
"Goes","H","01","Eenmanszaak","96021","Haarverzorging","","","","","N","N",0,0,20000606,20000612,20181001,0,0,"",0,0
"Vlissingen","H","41","Besloten vennootschap met gewone structuur","64303","Beleggingsinst. met beperkte toetreding","70221","Organisatie-adviesbureaus","","","N","N",20000531,20000531,20000606,20000531,0,0,0,"",2020,20211015
"Nieuwdorp","H","41","Besloten vennootschap met gewone structuur","52241","Laad-/los-/overslagactiv. voor zeevaart","52109","Opslag in distr.centra en overige opslag","","","N","N",20000525,20000525,20000607,20000316,20190101,0,20000525,"",2020,20220204
"Arnemuiden","H","41","Besloten vennootschap met gewone structuur","69201","Registeraccountants","","","","","N","N",20000529,20000529,20000607,20000529,20031122,0,0,"",2020,20220102
"Arnemuiden","H","41","Besloten vennootschap met gewone structuur","6420","Financiële holdings","","","","","N","N",20000529,20000529,20000607,20000529,20031122,0,0,"",2020,20211231
"Goes","H","41","Besloten vennootschap met gewone structuur","93299","Ov. recreatie (rest)(geen jachthavens)","7312","Handel in advertentieruimte en -tijd","6420","Financiële holdings","N","N",20000531,20000531,20000607,20000531,20170612,0,0,"",2020,20211027
"Heinenoord","H","41","Besloten vennootschap met gewone structuur","3311","Reparatie van producten van metaal","","","","","N","N",20000530,20000530,20000531,20000530,0,0,0,"",2021,20220411
"Oud-Beijerland","H","41","Besloten vennootschap met gewone structuur","6420","Financiële holdings","","","","","","",20000530,20000530,20000531,20000530,20060101,0,0,"",2020,20220531
"Rotterdam","","72","Vereniging met beperkte rechtsbevoegdheid","9002","Dienstverlening voor uitvoerende kunst","","","","","","",20000531,0,0,0,0,0,0,"",0,0
"Rotterdam","H","01","Eenmanszaak","4332","Bouwtimmeren","4391","Dakdekken en bouwen van dakconstructies","","","N","N",0,0,20000602,20000602,0,0,0,"",0,0
"Rotterdam","H","41","Besloten vennootschap met gewone structuur","6201","Ontwikkelen/produceren/uitgeven software","3240","Vervaardiging van speelgoed en spellen","5821","Uitgeverijen van computerspellen","N","N",20061108,20061108,20000602,20000602,20190103,0,0,"",2020,20220421
"Schiedam","H","01","Eenmanszaak","4663","Groothandel in machines voor de bouw","7112","Ingenieurs/overig techn. ontwerp/advies","","","N","N",0,0,20000602,20000602,20070404,0,0,"",0,0
"Harderwijk","H","41","Besloten vennootschap met gewone structuur","6420","Financiële holdings","","","","","N","N",20000524,20000524,20210817,20000524,20210816,0,0,"",2021,20220311
"Brielle","H","01","Eenmanszaak","4332","Bouwtimmeren","","","","","N","N",0,0,20000602,20000602,20170815,0,0,"",0,0
"Rotterdam","H","01","Eenmanszaak","88992","Maatschappelijk werk","74201","Fotografie","","","N","N",0,0,20000602,20000602,0,0,0,"",0,0
"Amsterdam","H","41","Besloten vennootschap met gewone structuur","46311","Groothandel in groenten en fruit","4639","GH voedings-/genotmiddelen algemeen ass.","","","J","J",20000525,20000525,20171103,20000525,20171102,0,0,"",2020,20211220
"Ridderkerk","H","41","Besloten vennootschap met gewone structuur","2562","Algemene metaalbewerking","","","","","N","N",20080527,20080527,20000602,20000601,20131101,0,20080527,"",2021,20220525
"Alphen aan den Rijn","H","41","Besloten vennootschap met gewone structuur","6420","Financiële holdings","47528","Bouwmarkten/winkels bouwmat. alg.ass.","","","","",20000529,20000529,20160609,20000529,20160509,0,0,"",2020,20211102
"Harfsen","H","01","Eenmanszaak","7320","Markt- en opinieonderzoekbureaus","","","","","N","N",0,0,20080129,19980101,20080101,0,0,"",0,0
"Rotterdam","H","41","Besloten vennootschap met gewone structuur","2561","Oppervlaktebeh. en bekleding van metaal","","","","","N","N",20000530,20000530,20000602,19820730,0,0,20000530,"",2020,20210518
"Rotterdam","H","01","Eenmanszaak","4332","Bouwtimmeren","4312","Grondverzet","43221","Loodg.- en fitterswerk; inst. sanitair","N","N",0,0,20000602,20000602,20140106,0,0,"",0,0
"Rotterdam","H","01","Eenmanszaak","85592","Bedrijfsopleiding en -training","78202","Uitleenbureaus","6202","Advisering ohgv informatietechnologie","N","N",0,0,20000602,20000601,0,0,0,"",0,0
"Barendrecht","H","41","Besloten vennootschap met gewone structuur","85592","Bedrijfsopleiding en -training","4652","GH elektronische/telecommunicatieapp.","","","N","N",20080916,20080916,20080919,20000602,20210503,0,20080916,"",2020,20211223
"Lekkerkerk","H","41","Besloten vennootschap met gewone structuur","68204","Verh. onroerend goed (niet v woonruimte)","","","","","N","N",20011023,20011023,20070112,20000526,20070101,0,20011023,"",2020,20210510
"Nieuwerkerk ad IJssel","H","41","Besloten vennootschap met gewone structuur","6420","Financiële holdings","","","","","N","N",20000529,20000529,20000602,20000529,20010618,0,0,"",2021,20220119
"Rotterdam","H","41","Besloten vennootschap met gewone structuur","6420","Financiële holdings","","","","","","",20000530,20000530,20000605,20000530,20190307,0,0,"",2020,20210719
"'s-Gravenhage","H","41","Besloten vennootschap met gewone structuur","6420","Financiële holdings","","","","","N","N",20000530,20000530,20011113,20000530,20120807,0,0,"",2020,20211115
"Zeist","H","11","Vennootschap onder firma","47714","Winkels in baby- en kinderkleding","47711","Winkels in herenkleding","47914","Internethandel kleding, mode-artikelen","N","N",20000605,0,20000906,20000605,20000901,0,0,"",0,0
"Rotterdam","H","01","Eenmanszaak","4332","Bouwtimmeren","","","","","","",0,0,20000605,20000601,20170601,0,0,"",0,0
"Berkel en Rodenrijs","H","41","Besloten vennootschap met gewone structuur","6420","Financiële holdings","","","","","","",20000530,20000530,20121121,20000530,20121101,0,0,"",2018,20191219
"Sommelsdijk","H","41","Besloten vennootschap met gewone structuur","6420","Financiële holdings","","","","","N","N",20000531,20000531,20000605,20000101,20020101,0,20000531,"",2021,20220218
"Krimpen aan den IJssel","H","41","Besloten vennootschap met gewone structuur","70102","Holdings (geen financiële)","69202","Accountants-administratieconsulenten","","","","",20000530,20000530,20000605,20000530,20080901,0,0,"",2020,20210702
"Ouddorp","H","41","Besloten vennootschap met gewone structuur","6420","Financiële holdings","","","","","N","N",20000531,20000531,20000605,20000531,20160325,0,0,"",2020,20220428
"Dordrecht","H","41","Besloten vennootschap met gewone structuur","64303","Beleggingsinst. met beperkte toetreding","","","","","N","N",20000531,20000531,20000605,20000531,20160415,0,0,"",2019,20210113
"Stellendam","H","41","Besloten vennootschap met gewone structuur","3012","Bouw van sport- en recreatievaartuigen","","","","","","",20000530,20000530,20000605,20000530,0,0,0,"",2020,20211004
"Ammerstol","H","41","Besloten vennootschap met gewone structuur","6420","Financiële holdings","","","","","","",20000531,20000531,20000605,20000531,20190715,0,0,"",2019,20201109
"Hoogvliet Rotterdam","H","01","Eenmanszaak","4753","Winkels in vloerbedekking en gordijnen","47593","Winkels art. woninginrichting alg. ass.","","","N","N",0,0,20000605,20000605,20121209,0,0,"",0,0
"Ammerstol","H","41","Besloten vennootschap met gewone structuur","6420","Financiële holdings","","","","","","",20000531,20000531,20000605,20000531,0,0,0,"",2020,20211231
"Numansdorp","H","41","Besloten vennootschap met gewone structuur","46737","GH sanitaire art./sanitair install.mat.","","","","","J","J",20000529,20000529,20000605,20000529,0,0,0,"",2020,20210617
"Rotterdam","H","41","Besloten vennootschap met gewone structuur","4651","GH computers, randapparatuur en software","78202","Uitleenbureaus","","","N","N",20000704,20000704,20170208,20000605,20170131,0,20000704,"",2020,20210601
"Rotterdam","H","41","Besloten vennootschap met gewone structuur","33121","Rep./onderh. mach. voor algemeen gebruik","78202","Uitleenbureaus","","","N","N",20000530,20000530,20000605,19820712,20080317,0,20000530,"",2020,20211221
"Numansdorp","H","41","Besloten vennootschap met gewone structuur","6420","Financiële holdings","","","","","N","N",20000531,20000531,20000605,19730713,0,0,20000531,"",2020,20210521
"Numansdorp","H","41","Besloten vennootschap met gewone structuur","4661","GH landbouwmachines/werktuigen/tractoren","33123","Rep./onderh. machines specif.bedrijfstak","","","J","J",20000531,20000531,20000605,19850128,0,0,20000531,"",2021,20220404
"Dordrecht","H","41","Besloten vennootschap met gewone structuur","70102","Holdings (geen financiële)","3821","Behandeling van onschadelijk afval","4941","Goederenvervoer over weg (geen verhuiz.)","N","N",20000530,20000530,20110915,20000530,20110701,0,0,"",2021,0
"Spijkenisse","H","41","Besloten vennootschap met gewone structuur","6420","Financiële holdings","","","","","N","N",20000605,20000605,20000605,20000605,0,0,0,"",2021,20220528
"Rozenburg","H","41","Besloten vennootschap met gewone structuur","2562","Algemene metaalbewerking","46695","Groothandel in meet- en regelapparaten","","","N","N",20000530,20000530,20000606,19730615,0,0,20000530,"",2020,20211126
"Krimpen aan de Lek","H","41","Besloten vennootschap met gewone structuur","2562","Algemene metaalbewerking","","","","","N","N",20000525,20000525,20000606,19870101,0,0,20000525,"",2021,20220613
"Gouda","","74","Stichting","94997","Overige belangenbehartiging (rest)","","","","","","",20000529,20000529,0,0,0,0,0,"",0,0
"Zwijndrecht","H","41","Besloten vennootschap met gewone structuur","6420","Financiële holdings","","","","","N","N",20000531,20000531,20000606,20000531,0,0,0,"",2021,20220323
"Capelle aan den IJssel","H","41","Besloten vennootschap met gewone structuur","6420","Financiële holdings","","","","","N","N",20001219,20001219,20000606,20000601,20001219,0,20001219,"",2020,20211122
"Rotterdam","H","41","Besloten vennootschap met gewone structuur","64303","Beleggingsinst. met beperkte toetreding","8291","Kredietinformatie- en incassobureaus","","","N","N",20011210,20011210,20000606,20000606,20210101,0,20011210,"",2020,20210812
"Reeuwijk","H","41","Besloten vennootschap met gewone structuur","6420","Financiële holdings","","","","","","",20000529,20000529,20000606,19950607,0,0,20000529,"",2020,20211102
"Sliedrecht","H","11","Vennootschap onder firma","47593","Winkels art. woninginrichting alg. ass.","","","","","","",20000522,0,20000606,19900316,0,0,20000522,"",0,0
"Reeuwijk","","74","Stichting","6420","Financiële holdings","","","","","","",20000529,20000529,0,0,0,0,0,"",0,0
"Oud-Beijerland","H","41","Besloten vennootschap met gewone structuur","6420","Financiële holdings","","","","","N","N",20000531,20000531,20000606,20000531,20070101,0,0,"",2016,20181105
"Schiedam","H","41","Besloten vennootschap met gewone structuur","6420","Financiële holdings","","","","","N","N",20000526,20000526,20000606,20000526,0,0,0,"",2020,20220104
"Rotterdam","H","52","Naamloze vennootschap blijkens statuten structuurvennootschap","6420","Financiële holdings","3512","Beh./expl transp.netten el./gas/warm w.","","","N","N",20000605,20000605,20000606,20000605,20170131,0,0,"",2020,20210629
"Rotterdam","H","41","Besloten vennootschap met gewone structuur","6420","Financiële holdings","70221","Organisatie-adviesbureaus","6202","Advisering ohgv informatietechnologie","N","N",20000918,20000918,20000606,20000501,20160707,0,20000918,"",2017,20180915
"Rotterdam","H","01","Eenmanszaak","7112","Ingenieurs/overig techn. ontwerp/advies","","","","","N","N",0,0,20000606,20000101,20190807,0,0,"",0,0
"Pijnacker","H","41","Besloten vennootschap met gewone structuur","6420","Financiële holdings","","","","","N","N",20000719,20000719,20060405,20000323,20060330,0,20000719,"",2014,20160229
"Oegstgeest","","74","Stichting","94993","Steunfondsen (niet ohgv welzijnszorg)","","","","","","",20000517,20000517,0,0,0,0,0,"",0,0
"Oud-Beijerland","H","41","Besloten vennootschap met gewone structuur","6420","Financiële holdings","","","","","N","N",20000531,20000531,20000607,20000531,20140101,0,0,"",2020,20211229
"Oisterwijk","H","41","Besloten vennootschap met gewone structuur","69102","Rechtskundige adviesbureaus","","","","","N","N",20000530,20000530,20090417,20000530,20090414,0,0,"",2021,20220613
"Amsterdam","H","41","Besloten vennootschap met gewone structuur","6420","Financiële holdings","","","","","N","N",20000817,20000817,20131001,20000607,20150807,0,20000817,"",2021,20220512
"Zwolle","H","41","Besloten vennootschap met gewone structuur","8220","Callcenters","6420","Financiële holdings","7312","Handel in advertentieruimte en -tijd","N","N",20000817,20000817,20200424,20000607,20200401,0,20000817,"",2021,20220420
"Zwijndrecht","H","01","Eenmanszaak","8553","Auto- en motorrijscholen","","","","","","",0,0,20000606,20000601,20180813,0,0,"",0,0
"Rotterdam","H","01","Eenmanszaak","9002","Dienstverlening voor uitvoerende kunst","6201","Ontwikkelen/produceren/uitgeven software","","","N","N",0,0,20000607,20000607,20051115,0,0,"",0,0
"Oss","H","41","Besloten vennootschap met gewone structuur","70221","Organisatie-adviesbureaus","","","","","","",20000517,20000517,20040826,20000517,20170801,0,0,"",2020,20211019
"Gouda","","74","Stichting","94995","Overk. organen (niet ohgv welzijn/sport)","","","","","","",20000405,20000405,0,0,0,0,0,"",0,0
"Dinteloord","H","01","Eenmanszaak","9525","Reparatie van uurwerken en juweliersart.","","","","","","",0,0,20040105,20000614,20040101,0,0,"",0,0
"Amsterdam","H","41","Besloten vennootschap met gewone structuur","70221","Organisatie-adviesbureaus","85592","Bedrijfsopleiding en -training","","","N","N",19990812,19990812,20060718,19990812,20201001,0,0,"",2021,20220524
"Amsterdam","H","41","Besloten vennootschap met gewone structuur","4616","HB textiel/kleding/schoeisel/lederwaren","","","","","J","J",20000523,20000523,20210712,20000523,20210701,0,0,"",2020,20210625
"'s-Gravenhage","","74","Stichting","9492","Politieke organisaties","","","","","","",20000418,20000418,0,0,0,0,0,"",0,0
"Hoofddorp","H","41","Besloten vennootschap met gewone structuur","6190","Overige telecommunicatie","","","","","N","N",20000516,20000516,20020205,20000516,20041022,0,0,"",2020,20220117
"Berkel en Rodenrijs","H","41","Besloten vennootschap met gewone structuur","01192","Teelt snij-bloemen/heesters onder glas  ","","","","","N","N",20000529,20000529,20000531,20000529,20040326,0,0,"",2020,20211217
"'s-Gravenhage","H","41","Besloten vennootschap met gewone structuur","47918","Internethandel overige non-food","70222","Advisering ohgv management/bedrijfsv.","4613","HB hout/vlakglas/sanitair/bouwmaterialen","J","N",20000619,20000619,20000526,20000524,20040301,0,20000619,"",2021,20220530
"Bleiswijk","H","41","Besloten vennootschap met gewone structuur","70221","Organisatie-adviesbureaus","","","","","N","N",20000526,20000526,20000531,20000526,20010404,0,0,"",2020,20211106
"Stroe","H","41","Besloten vennootschap met gewone structuur","70102","Holdings (geen financiële)","","","","","N","N",20000526,20000526,20151228,20000526,20151219,0,0,"",2021,20220613
"Berkel en Rodenrijs","H","41","Besloten vennootschap met gewone structuur","64303","Beleggingsinst. met beperkte toetreding","","","","","N","N",20000529,20000529,20000531,20000529,20151027,0,0,"",2020,20211217
"Rijswijk","","74","Stichting","94995","Overk. organen (niet ohgv welzijn/sport)","","","","","","",20000523,20000523,0,0,0,0,0,"",0,0
"Heerlen","H","41","Besloten vennootschap met gewone structuur","64303","Beleggingsinst. met beperkte toetreding","64301","Beleggingsinstell. in financiële activa","","","N","N",20000512,20000512,20000901,20000512,20210601,0,0,"",2020,20211119
"'s-Gravenhage","","74","Stichting","8422","Defensie","","","","","","",20000522,20000522,0,0,0,0,0,"",0,0
"Monster","H","41","Besloten vennootschap met gewone structuur","85592","Bedrijfsopleiding en -training","","","","","N","N",20000530,20000530,20000602,20000530,20060414,0,0,"",2020,20210716
"Wateringen","H","41","Besloten vennootschap met gewone structuur","6420","Financiële holdings","","","","","","",20000523,20000523,20000529,20000523,20190619,0,0,"",2020,20210323
"De Lier","H","41","Besloten vennootschap met gewone structuur","6420","Financiële holdings","","","","","N","N",20000525,20000525,20190805,20000525,20190729,0,0,"",2020,20220430
"Honselersdijk","H","41","Besloten vennootschap met gewone structuur","46694","GH appendages/technische toebehoren e.d.","","","","","J","J",20000530,20000530,20000602,19701101,20140203,0,20000530,"",2020,20210715
"Pijnacker","H","41","Besloten vennootschap met gewone structuur","70221","Organisatie-adviesbureaus","70102","Holdings (geen financiële)","6832","Beheer van onroerend goed","N","N",20000529,20000529,20000602,20000529,20180601,0,0,"",2021,20220331
"'s-Gravenhage","","74","Stichting","94993","Steunfondsen (niet ohgv welzijnszorg)","","","","","","",20000525,20000525,0,0,0,0,0,"",0,0
"Leiden","H","41","Besloten vennootschap met gewone structuur","70221","Organisatie-adviesbureaus","","","","","N","N",20000331,20000331,20030805,20000331,20201016,0,0,"",2020,20210827
"Monster","H","41","Besloten vennootschap met gewone structuur","70102","Holdings (geen financiële)","","","","","N","N",20000529,20000529,20000602,20000529,20131114,0,0,"",2020,20211029
"'s-Gravenhage","H","41","Besloten vennootschap met gewone structuur","70221","Organisatie-adviesbureaus","","","","","N","N",20000519,20000519,20000530,20000519,20020201,0,0,"",2020,20211203
"Zoetermeer","H","41","Besloten vennootschap met gewone structuur","6420","Financiële holdings","","","","","N","N",20000517,20000517,20000602,20000517,20000517,0,0,"",2020,20220525
"Maasdijk","","74","Stichting","64301","Beleggingsinstell. in financiële activa","","","","","","",20000530,20000530,0,0,0,0,0,"",0,0
"Keijenborg","H","01","Eenmanszaak","71202","Keuring/controle mach./app./materialen","","","","","N","N",0,0,20080117,20000601,20010801,0,0,"",0,0
"'s-Gravenhage","H","41","Besloten vennootschap met gewone structuur","47782","Winkels in optische artikelen","","","","","J","J",20000524,20000524,20000530,20000524,20060101,0,0,"",2020,20220419
"'s-Gravenhage","H","01","Eenmanszaak","9003","Schrijven en overige scheppende kunst","","","","","N","N",0,0,20000602,20000601,20190402,0,0,"",0,0
"Leidschendam","","74","Stichting","94993","Steunfondsen (niet ohgv welzijnszorg)","","","","","","",20000525,20000525,0,0,0,0,0,"",0,0
"Berkel en Rodenrijs","H","41","Besloten vennootschap met gewone structuur","6420","Financiële holdings","","","","","","",20000531,20000531,20071001,20000531,20171019,0,0,"",2020,20220317
"Zoetermeer","H","41","Besloten vennootschap met gewone structuur","6420","Financiële holdings","","","","","N","N",20000530,20000530,20000602,20000530,20070807,0,0,"",2016,20181104
"'s-Gravenhage","H","41","Besloten vennootschap met gewone structuur","6420","Financiële holdings","","","","","","",20000519,20000519,20000530,20000519,20020201,0,0,"",2020,20211203
"Voorburg","H","41","Besloten vennootschap met gewone structuur","6420","Financiële holdings","","","","","N","N",20000628,20000628,20000602,20000602,20201012,0,20000628,"",2020,20220614
"Mesinge","","74","Stichting","94995","Overk. organen (niet ohgv welzijn/sport)","","","","","","",20000524,20000524,0,0,0,0,0,"",0,0
"Zoetermeer","H","01","Eenmanszaak","4333","Afwerking van vloeren en wanden","","","","","N","N",0,0,20000605,20000608,20060928,0,0,"",0,0
"'s-Gravenhage","H","11","Vennootschap onder firma","47241","Winkels in brood en banket","","","","","N","N",19980401,0,20000605,19940620,0,0,19980401,"",0,0
"Rijswijk","","72","Vereniging met beperkte rechtsbevoegdheid","9103","Monumentenzorg","","","","","","",20000510,0,0,0,0,0,0,"",0,0
"Delft","H","41","Besloten vennootschap met gewone structuur","6420","Financiële holdings","","","","","N","N",20000531,20000531,20000605,20000531,0,0,0,"",2020,20211102
"'s-Gravenhage","","74","Stichting","9002","Dienstverlening voor uitvoerende kunst","","","","","","",20000525,20000525,0,0,0,0,0,"",0,0
"'s-Gravenhage","","71","Vereniging met volledige rechtsbevoegdheid","94997","Overige belangenbehartiging (rest)","","","","","","",20000523,20000523,0,0,0,0,0,"",0,0
"Maasdijk","H","41","Besloten vennootschap met gewone structuur","6810","Handel in eigen onroerend goed","","","","","N","N",20000818,20000818,20000605,20000501,20070604,0,20000818,"",2020,20210304
"Wassenaar","","71","Vereniging met volledige rechtsbevoegdheid","94997","Overige belangenbehartiging (rest)","","","","","","",20000328,20000328,0,0,0,0,0,"",0,0
"Horst","H","41","Besloten vennootschap met gewone structuur","70221","Organisatie-adviesbureaus","","","","","N","N",20000531,20000531,20150413,20000531,20220201,0,0,"",2020,20211025
"Zoetermeer","H","41","Besloten vennootschap met gewone structuur","6831","Bemidd. bij handel/huur/verhuur onr.goed","66193","Hypotheek-/kredietbem./bankagentschappen","6622","Assurantietussenpersonen","N","N",20000531,20000531,20000605,20000531,20060201,0,0,"",2020,20211025
"Wassenaar","H","41","Besloten vennootschap met gewone structuur","6832","Beheer van onroerend goed","","","","","N","N",20000526,20000526,20000531,20000201,0,0,20000526,"",2021,20220517
"'s-Gravenhage","H","41","Besloten vennootschap met gewone structuur","45204","Carrosserieherstel","45201","Auto-onderdelenservicebedrijven","","","N","N",20000724,20000724,20000605,19931001,0,0,20000724,"",2020,20210831
"'s-Gravenhage","H","01","Eenmanszaak","85511","Zeil- en surfscholen","93146","Sportscholen","","","N","N",0,0,20000605,20000301,20141201,0,0,"",0,0
"Westervoort","H","01","Eenmanszaak","47789","Winkels gespec. in overige art. (rest)","47916","Internethandel in vrijetijdsartikelen","","","N","N",0,0,20110429,20000605,20101101,0,0,"",0,0
"'s-Gravenhage","H","01","Eenmanszaak","4333","Afwerking van vloeren en wanden","","","","","N","N",0,0,20000602,19981110,20000606,0,20000601,"",0,0
"'s-Gravenhage","H","41","Besloten vennootschap met gewone structuur","6202","Advisering ohgv informatietechnologie","78202","Uitleenbureaus","6209","Ov. dienstv. act. ohgv informatietechn.","","",20000818,20000818,20000602,20000522,20210624,0,20000818,"",2020,20211123
"Voorburg","H","41","Besloten vennootschap met gewone structuur","64302","Beleggingsinstellingen in vaste activa","","","","","N","N",20000529,20000529,20000605,20000529,0,0,0,"",2020,20210712
"'s-Gravenhage","H","01","Eenmanszaak","42112","Stratenmaken","8121","Interieurreiniging van gebouwen","4333","Afwerking van vloeren en wanden","N","N",0,0,20000606,20000608,20001106,0,0,"",0,0
"Amsterdam","H","01","Eenmanszaak","69203","Boekhoudkantoren","70222","Advisering ohgv management/bedrijfsv.","","","N","N",0,0,20040121,20000601,20201207,0,0,"",0,0
"'s-Gravenhage","H","41","Besloten vennootschap met gewone structuur","70102","Holdings (geen financiële)","","","","","","",20000531,20000531,20000605,20000531,20190101,0,0,"",2020,20211223
"Gorinchem","","71","Vereniging met volledige rechtsbevoegdheid","94997","Overige belangenbehartiging (rest)","","","","","","",20000510,20000510,20220316,0,0,0,0,"",0,0
"Zoetermeer","H","41","Besloten vennootschap met gewone structuur","64303","Beleggingsinst. met beperkte toetreding","","","","","N","N",20000529,20000529,20000606,20000529,0,0,0,"",2020,20220306
"Bleiswijk","H","41","Besloten vennootschap met gewone structuur","70102","Holdings (geen financiële)","6420","Financiële holdings","","","N","N",20000525,20000525,20000606,20000525,20080721,0,0,"",2021,20220613
"Leidschendam","","71","Vereniging met volledige rechtsbevoegdheid","94997","Overige belangenbehartiging (rest)","","","","","","",20000124,20000530,0,0,0,0,0,"",0,0
"'s-Gravenhage","H","01","Eenmanszaak","7112","Ingenieurs/overig techn. ontwerp/advies","","","","","","",0,0,20000607,20000612,20050701,0,0,"",0,0
"Capelle aan den IJssel","H","01","Eenmanszaak","85592","Bedrijfsopleiding en -training","4651","GH computers, randapparatuur en software","4741","Winkels in computers/randapp./software","N","N",0,0,20140911,20000607,20170306,0,0,"",0,0
"Den Hoorn","N","11","Vennootschap onder firma","47541","Winkels in witgoed","47431","Winkels in audio- en videoapparatuur","","","N","N",19950101,0,20000602,20000601,20171001,0,0,"",0,0
"Alphen aan den Rijn","","74","Stichting","9002","Dienstverlening voor uitvoerende kunst","","","","","","",20000523,20000523,0,0,0,0,0,"",0,0
"Alphen aan den Rijn","H","41","Besloten vennootschap met gewone structuur","70102","Holdings (geen financiële)","","","","","N","N",20000524,20000524,20000531,20000524,20160408,0,0,"",2020,20211228
"Nieuwkoop","H","41","Besloten vennootschap met gewone structuur","6420","Financiële holdings","","","","","N","N",20000523,20000523,20000531,20000523,20120101,0,0,"",2020,20210607
"Hillegom","H","11","Vennootschap onder firma","47522","Winkels in verf, verfwaren en behang","47789","Winkels gespec. in overige art. (rest)","","","N","N",20020101,0,20000602,19191101,20130501,0,20020101,"",0,0
"Leiden","H","41","Besloten vennootschap met gewone structuur","6612","Commissionairs/makelaars in effecten ed","","","","","N","N",20010615,20010615,20010621,20000602,20100721,0,20010615,"",2020,20220429
"Hillegom","H","41","Besloten vennootschap met gewone structuur","70222","Advisering ohgv management/bedrijfsv.","","","","","N","N",20000531,0,20000602,20000531,0,0,0,"",2020,20220207
"Roelofarendsveen","H","41","Besloten vennootschap met gewone structuur","7112","Ingenieurs/overig techn. ontwerp/advies","4120","Algemene burgerlijke en utiliteitsbouw","","","N","N",20000529,0,20000602,20000529,20140101,0,0,"",2021,0
"Lisse","H","41","Besloten vennootschap met gewone structuur","69202","Accountants-administratieconsulenten","69203","Boekhoudkantoren","","","N","N",20000531,20000531,20000602,20000531,20110301,0,0,"",2020,20220207
"Nieuw-Vennep","H","41","Besloten vennootschap met gewone structuur","7490","Overige special. zakelijke dienstverl.","69203","Boekhoudkantoren","","","N","N",20081229,20081229,20090107,20000201,20160602,0,20081229,"",2020,20220109
"Noordwijk","H","41","Besloten vennootschap met gewone structuur","6420","Financiële holdings","","","","","N","N",20000707,20000707,20000712,20000601,20210108,0,20000707,"",2020,20220511
"Sassenheim","H","41","Besloten vennootschap met gewone structuur","70102","Holdings (geen financiële)","","","","","N","N",20000531,20000531,20000605,20000531,0,0,0,"",2020,20211110
"Leiden","","74","Stichting","90011","Beoefening van podiumkunst","","","","","","",20000523,20000523,0,0,0,0,0,"",0,0
"Alphen Aan Den Rijn","H","41","Besloten vennootschap met gewone structuur","70102","Holdings (geen financiële)","","","","","N","N",20000524,20000524,20000605,20000524,20131009,0,0,"",2019,20210916
"Voorschoten","H","41","Besloten vennootschap met gewone structuur","6420","Financiële holdings","","","","","N","N",20000524,20000524,20000605,20000524,0,0,0,"",2019,20200515
"Lisse","","74","Stichting","66191","Admin.kantoren voor aandelen/obligaties","","","","","","",20000605,20000605,0,0,0,0,0,"",0,0
"Leiderdorp","H","41","Besloten vennootschap met gewone structuur","6420","Financiële holdings","","","","","N","N",20000714,20000714,20000728,20000601,20170929,0,20000714,"",2020,20210709
"Leiden","H","41","Besloten vennootschap met gewone structuur","6420","Financiële holdings","","","","","N","N",20000714,20000714,20000728,20000601,20190101,0,20000714,"",2020,20210706
"Lichtenvoorde","H","41","Besloten vennootschap met gewone structuur","69204","Belastingconsulenten","6420","Financiële holdings","","","N","N",20000529,20000529,20100913,20000529,20091217,0,0,"",2017,20190501
"Lichtenvoorde","H","41","Besloten vennootschap met gewone structuur","6420","Financiële holdings","","","","","N","N",20000529,20000529,20091217,20000529,20091106,0,0,"",2020,20210624
"Noordwijk","H","41","Besloten vennootschap met gewone structuur","43222","Inst. verwarmings-/luchtbehandelingsapp.","","","","","N","N",20040331,20040331,20000606,20000606,20060501,0,20040331,"",2020,20220203
"Boskoop","H","01","Eenmanszaak","46472","GH woningtextiel en vloerbedekking","","","","","N","N",0,0,20000607,20000610,20181106,0,0,"",0,0
"Gouda","H","01","Eenmanszaak","74201","Fotografie","","","","","N","N",0,0,20000602,19760517,20110112,0,20000601,"",0,0
"Biddinghuizen","H","41","Besloten vennootschap met gewone structuur","70102","Holdings (geen financiële)","","","","","","",20000529,20000529,20090403,20000529,20191008,0,0,"",2021,20220524
"Oudewater","H","41","Besloten vennootschap met gewone structuur","43222","Inst. verwarmings-/luchtbehandelingsapp.","","","","","","",20040527,20040527,20000602,20000401,20220425,0,20040527,"",2020,20210610
"Houten","H","01","Eenmanszaak","4120","Algemene burgerlijke en utiliteitsbouw","","","","","","",0,0,20000602,20000602,20040412,0,0,"",0,0
"Langbroek","","74","Stichting","9002","Dienstverlening voor uitvoerende kunst","","","","","","",20000529,20000529,0,0,0,0,0,"",0,0
"Nieuwegein","H","01","Eenmanszaak","7112","Ingenieurs/overig techn. ontwerp/advies","66191","Admin.kantoren voor aandelen/obligaties","","","","",0,0,20000602,20000602,0,0,20050101,"",0,0
"Woerden","H","41","Besloten vennootschap met gewone structuur","6420","Financiële holdings","","","","","","",20000523,20000523,20000602,20000523,20090424,0,0,"",2021,20220616
"Vroomshoop","H","01","Eenmanszaak","4120","Algemene burgerlijke en utiliteitsbouw","","","","","","",0,0,20200304,20000601,20200302,0,0,"",0,0
"Amsterdam","H","41","Besloten vennootschap met gewone structuur","5814","Uitgeverijen van tijdschriften","","","","","","",20030121,20030121,20080701,20000610,20210101,0,20030121,"",2020,20220504
"De Meern","","72","Vereniging met beperkte rechtsbevoegdheid","7311","Reclamebureaus","","","","","","",20000602,0,0,0,0,0,0,"",0,0
"Biddinghuizen","H","41","Besloten vennootschap met gewone structuur","64302","Beleggingsinstellingen in vaste activa","","","","","","",20000529,20000529,20090403,20000529,20191008,0,0,"",2021,20220524
"Maarssen","H","41","Besloten vennootschap met gewone structuur","6201","Ontwikkelen/produceren/uitgeven software","","","","","","",20010103,20010103,20000602,20000602,20020101,0,20010103,"",2020,20220518
"Snelrewaard","H","01","Eenmanszaak","7021","Adviesbureaus publ. relations en comm.","70221","Organisatie-adviesbureaus","","","","",0,0,20000605,20000601,0,0,0,"",0,0
"Breukelen","H","41","Besloten vennootschap met gewone structuur","68204","Verh. onroerend goed (niet v woonruimte)","68203","Verhuur van overige woonruimte","","","","",20000531,20000531,20000605,20000531,20171128,0,0,"",2020,20210720
"Kesteren","H","01","Eenmanszaak","43222","Inst. verwarmings-/luchtbehandelingsapp.","4391","Dakdekken en bouwen van dakconstructies","","","","",0,0,20000605,20000515,20210816,0,0,"",0,0
"Zeist","H","41","Besloten vennootschap met gewone structuur","66191","Admin.kantoren voor aandelen/obligaties","","","","","","",20000530,20000530,20000605,20000530,0,0,0,"",2020,20211122
"Woerden","H","41","Besloten vennootschap met gewone structuur","70102","Holdings (geen financiële)","","","","","","",20000530,20000530,20000605,20000530,20081219,0,0,"",2020,20210522
"De Bilt","H","11","Vennootschap onder firma","4334","Schilderen en glaszetten","","","","","","",20000605,0,20000605,20000605,20110221,0,0,"",0,0
"Wijk bij Duurstede","H","41","Besloten vennootschap met gewone structuur","70102","Holdings (geen financiële)","","","","","","",20000530,20000530,20000605,20000101,0,0,20000530,"",2020,20211109
"Utrecht","H","41","Besloten vennootschap met gewone structuur","5221","Dienstverlening voor vervoer over land","6420","Financiële holdings","","","","",20000531,20000531,20000606,20000531,20070101,0,0,"",2021,0
"Zeist","H","01","Eenmanszaak","8130","Landschapsverzorging","","","","","","",0,0,20000606,20000601,0,0,20020930,"",0,0
"Veenendaal","H","11","Vennootschap onder firma","47643","Winkels in sportart. (geen watersport)","","","","","","",20080101,0,20000606,20000605,20200401,0,20080101,"",0,0
"De Koog","H","41","Besloten vennootschap met gewone structuur","6420","Financiële holdings","","","","","N","N",20000703,20000703,20201030,20000606,20201027,0,20000703,"",2018,20200317
"Amsterdam","H","41","Besloten vennootschap met gewone structuur","70221","Organisatie-adviesbureaus","6420","Financiële holdings","","","N","N",20000703,20000703,20020109,20000606,20140715,0,20000703,"",2018,20200317
"Breda","H","41","Besloten vennootschap met gewone structuur","70221","Organisatie-adviesbureaus","","","","","N","N",20060330,20060330,20010501,20000606,20150101,0,20060330,"",2020,20210218
"Nieuwegein","H","41","Besloten vennootschap met gewone structuur","69101","Advocatenkantoren, bewindv. en curatoren","","","","","","",20000530,20000530,20000606,20000530,0,0,0,"",2021,20220124
"Nieuwegein","H","41","Besloten vennootschap met gewone structuur","69101","Advocatenkantoren, bewindv. en curatoren","","","","","","",20000530,20000530,20000606,20000530,0,0,0,"",2021,20220124
"Elst Ut","H","41","Besloten vennootschap met gewone structuur","45112","Handel/rep. personen-/lichte bedr.auto's","4730","Benzinestations","","","","",20050331,20050331,20000606,20000606,0,0,20050331,"",2020,20211117
"Lunteren","","74","Stichting","93299","Ov. recreatie (rest)(geen jachthavens)","","","","","","",20000531,20000531,0,0,0,0,0,"",0,0
"Harmelen","H","01","Eenmanszaak","4332","Bouwtimmeren","","","","","","",0,0,20000606,20000606,20080228,0,0,"",0,0
"Zeist","H","01","Eenmanszaak","7430","Vertalers en tolken","","","","","","",0,0,20000607,20000607,20210204,0,0,"",0,0
"Harmelen","H","41","Besloten vennootschap met gewone structuur","66192","Marketmakers","","","","","","",20020326,20020326,20000607,20000501,20060801,0,20020326,"",2019,20210402
"Amstelveen","H","41","Besloten vennootschap met gewone structuur","6622","Assurantietussenpersonen","66193","Hypotheek-/kredietbem./bankagentschappen","","","N","N",20000711,20000711,20060203,20000606,20180521,0,20000711,"",2021,20220412
"Hallum","","71","Vereniging met volledige rechtsbevoegdheid","94997","Overige belangenbehartiging (rest)","","","","","","",20000517,20000517,0,0,0,0,0,"",0,0
"De Bilt","H","41","Besloten vennootschap met gewone structuur","66191","Admin.kantoren voor aandelen/obligaties","","","","","","",20000526,20000526,20000607,20000526,0,0,0,"",2021,20220509
"Harmelen","H","41","Besloten vennootschap met gewone structuur","6612","Commissionairs/makelaars in effecten ed","78201","Uitzendbureaus","","","","",20000526,20000526,20000607,20000526,0,0,0,"",2021,20220217
"De Bilt","H","41","Besloten vennootschap met gewone structuur","47782","Winkels in optische artikelen","","","","","","",20000526,20000526,20000607,19671000,0,0,20000526,"",2021,20220509
"Breukelen","H","41","Besloten vennootschap met gewone structuur","66191","Admin.kantoren voor aandelen/obligaties","","","","","","",20000531,20000531,20000607,20000531,0,0,0,"",2016,20180419
"De Bilt","H","41","Besloten vennootschap met gewone structuur","6420","Financiële holdings","","","","","","",20000530,20000530,20000607,20000530,20011017,0,0,"",2021,20220324
"Utrecht","H","01","Eenmanszaak","7112","Ingenieurs/overig techn. ontwerp/advies","","","","","","",0,0,20000607,20000601,20090202,0,0,"",0,0
"Vianen","H","41","Besloten vennootschap met gewone structuur","69103","Notariskantoren","","","","","","",20000530,20000530,20000607,20000530,0,0,0,"",2021,20220331
"'t Goy","H","41","Besloten vennootschap met gewone structuur","70102","Holdings (geen financiële)","01251","Teelt van aardbeien in de volle grond","","","","",20000331,20000331,20000607,20000331,20070201,0,0,"",2020,20220107
"Amsterdam","H","41","Besloten vennootschap met gewone structuur","6201","Ontwikkelen/produceren/uitgeven software","","","","","N","N",20080530,20080530,20061116,20000601,20111115,0,20080530,"",2020,20210611
"Soest","H","01","Eenmanszaak","47999","DH via overige distributievormen","","","","","","",0,0,20000606,20000601,20041002,0,0,"",0,0
"Dieren","H","11","Vennootschap onder firma","74201","Fotografie","46421","Groothandel in bovenkleding","68203","Verhuur van overige woonruimte","","",20051111,0,20150807,20000606,20150721,0,20051111,"",0,0
"Uithoorn","H","41","Besloten vennootschap met gewone structuur","6420","Financiële holdings","","","","","N","N",20000526,20000526,20000620,20000526,20060101,0,0,"",2020,20210728
"Huizen","H","41","Besloten vennootschap met gewone structuur","6420","Financiële holdings","","","","","","",20000531,20000531,20000606,20000531,20101108,0,0,"",2021,20220210
"Amersfoort","H","01","Eenmanszaak","70221","Organisatie-adviesbureaus","","","","","","",0,0,20000606,20000107,20220303,0,0,"",0,0
"Bussum","H","41","Besloten vennootschap met gewone structuur","6420","Financiële holdings","","","","","","",20000531,20000531,20000606,20000101,0,0,20000531,"",2020,20210226
"Hilversum","H","41","Besloten vennootschap met gewone structuur","6420","Financiële holdings","","","","","","",20000530,20000530,20000606,20000530,0,0,0,"",2020,20211115
"Leusden","H","41","Besloten vennootschap met gewone structuur","6420","Financiële holdings","70222","Advisering ohgv management/bedrijfsv.","4110","Projectontwikkeling","","",20000711,20000711,20000607,20000606,20060101,0,20000711,"",2020,20211222
"Woudenberg","H","41","Besloten vennootschap met gewone structuur","6420","Financiële holdings","","","","","","",20000529,20000529,20000607,20000529,20190213,0,0,"",2020,20220426
"Amersfoort","H","41","Besloten vennootschap met gewone structuur","6420","Financiële holdings","","","","","","",20000711,20000711,20000607,20000606,20081209,0,20000711,"",2019,20200223
"Woudenberg","H","41","Besloten vennootschap met gewone structuur","6420","Financiële holdings","","","","","","",20000531,20000531,20000607,20000531,0,0,0,"",2020,20211228
"Barneveld","H","41","Besloten vennootschap met gewone structuur","6420","Financiële holdings","47915","Internethandel huis- en tuinartikelen","70221","Organisatie-adviesbureaus","J","N",20000529,20000529,20210111,20000529,20210101,0,0,"",2020,20210714
"Amsterdam","H","01","Eenmanszaak","8553","Auto- en motorrijscholen","70221","Organisatie-adviesbureaus","","","N","N",0,0,20001024,20000607,20220101,0,0,"",0,0
"Bunschoten-Spakenburg","H","41","Besloten vennootschap met gewone structuur","6420","Financiële holdings","","","","","","",20000530,20000530,20000607,20000530,20190405,0,0,"",2020,20211221
"Bunschoten-Spakenburg","H","41","Besloten vennootschap met gewone structuur","6420","Financiële holdings","","","","","","",20000530,20000530,20000607,20000530,20220110,0,0,"",2020,20220523
"Bunschoten-Spakenburg","H","41","Besloten vennootschap met gewone structuur","69204","Belastingconsulenten","","","","","","",20000530,20000530,20000607,20000530,20220110,0,0,"",2020,20220523
"Nijkerk","H","41","Besloten vennootschap met gewone structuur","6420","Financiële holdings","","","","","","",20000529,20000529,20000607,20000529,0,0,0,"",2020,20211105
"Amersfoort","H","41","Besloten vennootschap met gewone structuur","81221","Glazenwassen","8121","Interieurreiniging van gebouwen","","","","",20060530,20060530,20000607,20000607,20210120,0,20060602,"",2021,20220528
"Amsterdam","N","41","Besloten vennootschap met gewone structuur","78201","Uitzendbureaus","","","","","N","N",19750218,19750218,20000530,20000201,20170401,0,0,"",2020,20210629
"Huis ter Heide","N","41","Besloten vennootschap met gewone structuur","78201","Uitzendbureaus","","","","","N","N",19750218,19750218,20000530,20000101,20160401,0,0,"",2020,20210629
"Rotterdam","N","41","Besloten vennootschap met gewone structuur","78201","Uitzendbureaus","","","","","N","N",19750218,19750218,20000530,20000301,20180401,0,0,"",2020,20210629
"Maastricht","N","41","Besloten vennootschap met gewone structuur","47597","Winkels in huishoudelijke art. alg. ass.","","","","","N","N",19751114,19751114,20000531,20000503,0,0,0,"",2022,0
"Doetinchem","N","41","Besloten vennootschap met gewone structuur","4753","Winkels in vloerbedekking en gordijnen","","","","","","",19831122,19831122,20000606,20000525,0,0,0,"",2020,20220128
"Willemstad","H","21","Commanditaire vennootschap","6420","Financiële holdings","","","","","N","N",20000428,0,20000606,20000428,20220225,0,0,"",0,0
"Amsterdam","N","74","Stichting","94994","Vriendenkringen ohgv cultuur / fanclubs","","","","","N","N",20000427,20000427,20161018,20160501,0,0,0,"",0,0
"Amsterdam","H","41","Besloten vennootschap met gewone structuur","6420","Financiële holdings","","","","","N","N",20000522,20000522,20000530,20000522,0,0,0,"",2021,20220604
"Echt","H","41","Besloten vennootschap met gewone structuur","6420","Financiële holdings","","","","","N","N",20000526,20000526,20011022,20000526,20210301,0,0,"",2020,20220210
"De Rijp","H","41","Besloten vennootschap met gewone structuur","6420","Financiële holdings","","","","","N","N",20000518,20000518,20000714,20000518,20210408,0,0,"",2020,20211222
"Amsterdam","","71","Vereniging met volledige rechtsbevoegdheid","94997","Overige belangenbehartiging (rest)","","","","","","",20000516,20000516,0,0,0,0,0,"",0,0
"Amsterdam","H","41","Besloten vennootschap met gewone structuur","6420","Financiële holdings","","","","","N","N",20000525,20000525,20000607,20000525,20210201,0,0,"",2020,20211221
"Rotterdam","","74","Stichting","8891","Kinderopvang","","","","","","",20000526,20000526,20061024,0,0,0,0,"",0,0
"Amsterdam","H","41","Besloten vennootschap met gewone structuur","6420","Financiële holdings","","","","","N","N",20000525,20000525,20000607,20000525,20070101,0,0,"",2021,20220407
"Bussum","H","41","Besloten vennootschap met gewone structuur","6420","Financiële holdings","","","","","N","N",20000609,20000609,20070913,20000414,20070715,0,20000609,"",2020,20220112
"Heiloo","H","01","Eenmanszaak","70221","Organisatie-adviesbureaus","85592","Bedrijfsopleiding en -training","","","N","N",0,0,20070914,20000101,20070201,0,0,"",0,0
"Amsterdam","","74","Stichting","94993","Steunfondsen (niet ohgv welzijnszorg)","","","","","","",20000522,20000522,0,0,0,0,0,"",0,0
"Amsterdam","H","41","Besloten vennootschap met gewone structuur","8010","Particuliere beveiliging","","","","","N","N",20000529,20000529,20000606,20000529,20000529,0,0,"",2020,20211105
"Hoofddorp","","71","Vereniging met volledige rechtsbevoegdheid","9411","Bedrijfs- en werkgeversorganisaties","","","","","","",20000523,20000523,0,0,0,0,0,"",0,0
"Renswoude","H","41","Besloten vennootschap met gewone structuur","7740","Lease niet-financiële immateriële activa","","","","","N","N",20000531,20000531,20101207,20000531,20101201,0,0,"",2020,20220204
"Duivendrecht","H","41","Besloten vennootschap met gewone structuur","6420","Financiële holdings","","","","","N","N",20010918,20010918,20000531,20000601,20150101,0,20010918,"",2020,20211030
"Ouderkerk aan de Amstel","H","41","Besloten vennootschap met gewone structuur","6420","Financiële holdings","","","","","N","N",20000531,20000531,20050520,20000531,20111214,0,0,"",2020,20211030
"Vinkeveen","H","41","Besloten vennootschap met gewone structuur","6420","Financiële holdings","","","","","N","N",20000531,20000531,20171215,20000531,20171212,0,0,"",2020,20220110
"Amstelveen","H","41","Besloten vennootschap met gewone structuur","6420","Financiële holdings","","","","","N","N",20000531,20000531,20000531,20000531,0,0,0,"",2020,20210528
"Ouderkerk aan de Amstel","H","41","Besloten vennootschap met gewone structuur","6420","Financiële holdings","","","","","N","N",20000531,20000531,20000531,20000531,20171212,0,0,"",2020,20211030
"Amsterdam","H","01","Eenmanszaak","85599","Studiebegeleiding/vorming/onderwijs","85592","Bedrijfsopleiding en -training","","","N","N",0,0,20000602,20000602,20150101,0,0,"",0,0
"Buitenkaag","H","41","Besloten vennootschap met gewone structuur","6420","Financiële holdings","","","","","N","N",20000531,20000531,20000602,20000531,0,0,0,"",2020,20210809
"Julianadorp","","74","Stichting","88999","Overig maatsch.adv./gemeenschapshuizen","","","","","","",20000529,20000529,20131213,0,0,0,0,"",0,0
"Haarlem","H","41","Besloten vennootschap met gewone structuur","47782","Winkels in optische artikelen","","","","","N","N",20000530,20000530,20000602,19710000,0,0,20000530,"",2020,20211108
"Amstelveen","H","41","Besloten vennootschap met gewone structuur","6420","Financiële holdings","","","","","N","N",20000524,20000524,20000602,20000524,0,0,0,"",2020,20210909
"Velserbroek","H","41","Besloten vennootschap met gewone structuur","47782","Winkels in optische artikelen","","","","","N","N",20000530,20000530,20000602,19900619,0,0,20000530,"",2020,20211108
"Haarlem","H","41","Besloten vennootschap met gewone structuur","47782","Winkels in optische artikelen","","","","","N","N",20000530,20000530,20000602,19520000,0,0,20000530,"",2020,20211108
"Amsterdam","H","11","Vennootschap onder firma","7311","Reclamebureaus","6202","Advisering ohgv informatietechnologie","","","N","N",20000601,0,20000602,20000601,20160101,0,0,"",0,0
"Heemstede","H","41","Besloten vennootschap met gewone structuur","47782","Winkels in optische artikelen","","","","","N","N",20000530,20000530,20000602,19810000,0,0,20000530,"",2020,20211108
"Amsterdam","H","01","Eenmanszaak","59111","Prod. films (geen televisiefilms)","","","","","N","N",0,0,20000602,20000101,20171201,0,0,"",0,0
"Haarlem","","74","Stichting","94996","Overige ideële organisaties (rest)","","","","","","",20000525,20000525,0,0,0,0,0,"",0,0
"Maarssen","H","41","Besloten vennootschap met gewone structuur","4110","Projectontwikkeling","","","","","N","N",20000531,20000531,20200825,20000531,20200825,0,0,"",2020,20220110
"Amsterdam","H","01","Eenmanszaak","70221","Organisatie-adviesbureaus","","","","","N","N",0,0,20000602,20000602,20150101,0,0,"",0,0
"Purmerend","H","41","Besloten vennootschap met gewone structuur","6420","Financiële holdings","","","","","N","N",20000526,20000526,20030512,20000526,20070216,0,0,"",2022,0
"Amsterdam","","74","Stichting","59111","Prod. films (geen televisiefilms)","59112","Productie van televisieprogramma's","5920","Maken en uitgeven van geluidsopnamen","","",20000529,20000529,0,0,0,0,0,"",0,0
"Amsterdam","H","41","Besloten vennootschap met gewone structuur","6420","Financiële holdings","","","","","N","N",20000821,20000821,20220520,20000501,20220517,0,20000821,"",2020,20211229
"Amsterdam","H","41","Besloten vennootschap met gewone structuur","6420","Financiële holdings","","","","","N","N",20000420,20000420,20000602,20000420,20200101,0,0,"",2020,20210805
"Amsterdam","H","01","Eenmanszaak","96021","Haarverzorging","85321","Middelbaar beroepsonderwijs","","","N","N",0,0,20000602,20000101,20150101,0,20090101,"",0,0
"Uithoorn","H","41","Besloten vennootschap met gewone structuur","6420","Financiële holdings","","","","","N","N",20000526,20000526,20000602,20000526,20060101,0,0,"",2019,20210726
"Amsterdam","H","41","Besloten vennootschap met gewone structuur","59111","Prod. films (geen televisiefilms)","46435","Groothandel in beeld- en geluidsdragers","59112","Productie van televisieprogramma's","N","N",20000529,20000529,20000602,20000529,20021201,0,0,"",2019,20201229
"Diemen","H","01","Eenmanszaak","69203","Boekhoudkantoren","","","","","N","N",0,0,20000602,20000601,20010201,0,0,"",0,0
"Echt","H","41","Besloten vennootschap met gewone structuur","6420","Financiële holdings","","","","","N","N",20000526,20000526,20020523,20000526,20210301,0,0,"",2020,20220210
"Almere","H","01","Eenmanszaak","6201","Ontwikkelen/produceren/uitgeven software","","","","","N","N",0,0,20011119,20000501,20011108,0,0,"",0,0
"Voorburg","H","41","Besloten vennootschap met gewone structuur","70102","Holdings (geen financiële)","78202","Uitleenbureaus","","","N","N",20030723,20030723,20020327,20000602,20020215,0,20030723,"",2020,20220316
"Uitgeest","H","01","Eenmanszaak","4120","Algemene burgerlijke en utiliteitsbouw","","","","","N","N",0,0,20000602,20000605,20081014,0,0,"",0,0
"Bussum","H","41","Besloten vennootschap met gewone structuur","6420","Financiële holdings","70221","Organisatie-adviesbureaus","","","N","N",20000531,20000531,20021022,20000531,20090504,0,0,"",2021,20220516
"Velserbroek","H","01","Eenmanszaak","7320","Markt- en opinieonderzoekbureaus","85592","Bedrijfsopleiding en -training","70221","Organisatie-adviesbureaus","N","N",0,0,20000602,20000425,0,0,0,"",0,0
"Utrecht","","74","Stichting","88999","Overig maatsch.adv./gemeenschapshuizen","","","","","","",20000407,20000407,0,0,0,0,0,"",0,0
"Amsterdam","","74","Stichting","9002","Dienstverlening voor uitvoerende kunst","","","","","","",20000526,20000526,0,0,0,0,0,"",0,0
"Zaandam","","74","Stichting","94997","Overige belangenbehartiging (rest)","","","","","","",20000525,20000525,0,0,0,0,0,"",0,0
"Walem","H","01","Eenmanszaak","6831","Bemidd. bij handel/huur/verhuur onr.goed","6201","Ontwikkelen/produceren/uitgeven software","","","N","N",0,0,20191122,20000601,20191122,0,0,"",0,0
"Amsterdam","H","41","Besloten vennootschap met gewone structuur","6420","Financiële holdings","","","","","N","N",20000630,20000630,20000605,20000509,20200405,0,20000630,"",2020,20220328
"Almere","H","41","Besloten vennootschap met gewone structuur","6420","Financiële holdings","","","","","N","N",20000630,20000630,20200826,20000509,20210201,0,20000630,"",2020,20211125
"Castricum","H","41","Besloten vennootschap met gewone structuur","6420","Financiële holdings","","","","","N","N",20000531,20000531,20210706,20000531,20210629,0,0,"",2021,20220415
"Haarlem","","71","Vereniging met volledige rechtsbevoegdheid","94997","Overige belangenbehartiging (rest)","","","","","","",20000405,20000405,0,0,0,0,0,"",0,0
"Kortenhoef","H","41","Besloten vennootschap met gewone structuur","6420","Financiële holdings","","","","","N","N",20001002,20001002,20210519,20000509,20200101,0,20001002,"",2020,20220110
"Amsterdam","H","41","Besloten vennootschap met gewone structuur","64923","Participatiemaatschappijen","","","","","N","N",20000605,20000605,20000605,20000605,20120319,0,0,"",2020,20211210
"Amsterdam","H","41","Besloten vennootschap met gewone structuur","70221","Organisatie-adviesbureaus","4651","GH computers, randapparatuur en software","64923","Participatiemaatschappijen","N","N",20000530,20000530,20000605,20000530,20030704,0,0,"",2019,20210311
"Amsterdam","H","11","Vennootschap onder firma","96021","Haarverzorging","5621","Eventcatering","4932","Vervoer per taxi","N","N",20000601,0,20000605,20000601,20000601,0,0,"",0,0
"Krommenie","H","41","Besloten vennootschap met gewone structuur","2511","Verv. metalen constr.werken/delen ervan","","","","","N","N",20000529,20000529,20000605,20000529,20220609,0,0,"",2020,20211215
"Bilthoven","H","41","Besloten vennootschap met gewone structuur","6420","Financiële holdings","","","","","N","N",20000522,20000522,20001011,20000522,20000930,0,0,"",2020,20220111
"Ermelo","H","41","Besloten vennootschap met gewone structuur","70221","Organisatie-adviesbureaus","7810","Arbeidsbemiddeling","86922","Arbobegeleiding en reïntegratie","N","N",20000531,20000531,20140225,19890801,20201214,0,20000531,"",2020,20210823
"Amsterdam","H","41","Besloten vennootschap met gewone structuur","6420","Financiële holdings","","","","","N","N",20000605,20000605,20000605,20000605,0,0,0,"",2020,20211229
"Assendelft","H","41","Besloten vennootschap met gewone structuur","2511","Verv. metalen constr.werken/delen ervan","","","","","N","N",20000529,20000529,20000605,20000529,20171024,0,0,"",2020,20211209
"Purmerend","H","01","Eenmanszaak","4334","Schilderen en glaszetten","","","","","N","N",0,0,20121009,20000612,20131028,0,0,"",0,0
"Westzaan","H","41","Besloten vennootschap met gewone structuur","6420","Financiële holdings","","","","","N","N",20000531,20000531,20000606,20000531,0,0,0,"",2020,20210913
"Wijdewormer","H","41","Besloten vennootschap met gewone structuur","6420","Financiële holdings","","","","","N","N",20000531,20000531,20000606,20000531,20200101,0,0,"",2020,20210810
"Amsterdam","","74","Stichting","9002","Dienstverlening voor uitvoerende kunst","","","","","","",20000428,20000428,0,0,0,0,0,"",0,0
"Haarlem","H","41","Besloten vennootschap met gewone structuur","47782","Winkels in optische artikelen","64301","Beleggingsinstell. in financiële activa","64302","Beleggingsinstellingen in vaste activa","J","N",20000530,20000530,20000606,18500000,0,0,20000530,"",2020,20211108
"Amsterdam","H","41","Besloten vennootschap met gewone structuur","64301","Beleggingsinstell. in financiële activa","64302","Beleggingsinstellingen in vaste activa","","","N","N",20000531,20000531,20000606,20000531,20161031,0,0,"",2020,20211223
"Hilversum","H","01","Eenmanszaak","6201","Ontwikkelen/produceren/uitgeven software","","","","","N","N",0,0,20080312,20000601,20141206,0,0,"",0,0
"Amstelveen","H","41","Besloten vennootschap met gewone structuur","0150","Akker-/tuinbouw icm fokken/houden dieren","47999","DH via overige distributievormen","0143","Fokken en houden van paarden en ezels","N","N",20000531,20000531,20000606,20000531,20061111,0,0,"",2012,20140728
"Wormer","H","01","Eenmanszaak","01451","Fokken en houden van schapen","8130","Landschapsverzorging","0161","Dienstverl. akker- en/of tuinbouw","N","N",0,0,20000606,20000606,0,0,0,"",0,0
"Hoogvliet Rotterdam","H","01","Eenmanszaak","4334","Schilderen en glaszetten","","","","","N","N",0,0,20180517,20000606,20180501,0,0,"",0,0
"Amsterdam","H","41","Besloten vennootschap met gewone structuur","68204","Verh. onroerend goed (niet v woonruimte)","6420","Financiële holdings","","","N","N",20000518,20000518,20000607,19810907,20210820,0,20090818,"",2020,20211104
"Amsterdam","H","01","Eenmanszaak","85592","Bedrijfsopleiding en -training","","","","","N","N",0,0,20000607,20000101,20100201,0,0,"",0,0
"Haarlem","H","41","Besloten vennootschap met gewone structuur","70221","Organisatie-adviesbureaus","6202","Advisering ohgv informatietechnologie","","","N","N",20000530,20000530,20000607,20000530,20011201,0,0,"",2021,20220523
"Heemstede","H","01","Eenmanszaak","86919","Overige paramedische praktijken","86921","Gezondheidscentra","","","N","N",0,0,20000607,20000607,20090601,0,0,"",0,0
"Amsterdam","H","01","Eenmanszaak","9003","Schrijven en overige scheppende kunst","7021","Adviesbureaus publ. relations en comm.","","","N","N",0,0,20000607,20000515,0,0,0,"",0,0
"Haarlem","H","41","Besloten vennootschap met gewone structuur","6420","Financiële holdings","","","","","N","N",20000531,20000531,20000607,19850101,20060608,0,20000531,"",2020,20211123
"Lisse","H","41","Besloten vennootschap met gewone structuur","6420","Financiële holdings","","","","","N","N",20000531,20000531,20190520,20000531,20190611,0,0,"",2020,20220315
"Uitgeest","H","41","Besloten vennootschap met gewone structuur","6420","Financiële holdings","","","","","N","N",20000531,20000531,20000607,20000531,0,0,0,"",2016,20180212
"Haarlem","","74","Stichting","88993","Lokaal welzijnswerk","","","","","","",20000607,20000607,0,0,0,0,0,"",0,0
"Haarlem","H","41","Besloten vennootschap met gewone structuur","70221","Organisatie-adviesbureaus","","","","","N","N",20000605,20000605,20000607,20000605,20180501,0,0,"",2007,20100628
"Amsterdam","H","11","Vennootschap onder firma","47789","Winkels gespec. in overige art. (rest)","","","","","N","N",20000605,0,20000607,19860601,0,0,20000605,"",0,0
"Loosdrecht","H","41","Besloten vennootschap met gewone structuur","6420","Financiële holdings","","","","","N","N",20000331,20000331,20151028,20000331,20151026,0,0,"",2020,20210510
"Hoofddorp","H","01","Eenmanszaak","4331","Stukadoren","","","","","N","N",0,0,20000607,20000607,20201116,0,0,"",0,0
"Zaandijk","","74","Stichting","9103","Monumentenzorg","","","","","","",20000512,20000512,0,0,0,0,0,"",0,0
"Zaandam","N","41","Besloten vennootschap met gewone structuur","52109","Opslag in distr.centra en overige opslag","","","","","N","N",19980210,19980210,20000602,20000601,0,0,0,"",2019,20200707
"De Koog","H","41","Besloten vennootschap met gewone structuur","6420","Financiële holdings","70102","Holdings (geen financiële)","","","","",20000308,20000308,20000427,20000308,20210801,0,0,"",2020,20211217
"Alkmaar","H","41","Besloten vennootschap met gewone structuur","4622","Groothandel in bloemen en planten","46752","GH bestrijdingsmiddelen/kunstmeststoffen","","","J","J",20000315,20000315,20000531,19471107,20191201,0,20000315,"",2021,20220603
"Den Helder","","71","Vereniging met volledige rechtsbevoegdheid","94991","Gezelligheidsverenigingen","","","","","","",19730101,20000525,0,0,0,0,0,"",0,0
"Ilpendam","H","01","Eenmanszaak","6209","Ov. dienstv. act. ohgv informatietechn.","","","","","N","N",0,0,20000602,20000602,20071217,0,0,"",0,0
"Purmerend","H","01","Eenmanszaak","47716","Winkels in onderkleding, foundations ed.","47789","Winkels gespec. in overige art. (rest)","","","N","N",0,0,20000602,20000602,20090303,0,20070101,"",0,0
"Heerhugowaard","H","11","Vennootschap onder firma","43999","Overige gespec. werkz. in de bouw (rest)","7732","Verh./lease machines/instal.voor de bouw","","","N","N",20010101,0,20000602,20000601,0,0,20010101,"",0,0
"Bovenkarspel","H","01","Eenmanszaak","43221","Loodg.- en fitterswerk; inst. sanitair","47793","Winkels tweedeh. goederen (geen kleding)","","","N","N",0,0,20000602,20000602,20220405,0,0,"",0,0
"Amstelveen","H","01","Eenmanszaak","85519","Overig sport- en recreatieonderwijs","85592","Bedrijfsopleiding en -training","93195","Organiseren van sportevenementen","N","N",0,0,20060221,20000601,20110831,0,0,"",0,0
"Enkhuizen","","72","Vereniging met beperkte rechtsbevoegdheid","64303","Beleggingsinst. met beperkte toetreding","","","","","","",20000122,0,0,0,0,0,0,"",0,0
"Volendam","","74","Stichting","94993","Steunfondsen (niet ohgv welzijnszorg)","","","","","","",20000529,20000529,0,0,0,0,0,"",0,0
"Egmond-Binnen","H","01","Eenmanszaak","0161","Dienstverl. akker- en/of tuinbouw","8121","Interieurreiniging van gebouwen","","","","",0,0,20000602,19950510,20160610,0,0,"",0,0
"'s-Gravenhage","H","01","Eenmanszaak","59111","Prod. films (geen televisiefilms)","","","","","","",0,0,20090108,20000601,20090103,0,0,"",0,0
"Schoorl","H","41","Besloten vennootschap met gewone structuur","64303","Beleggingsinst. met beperkte toetreding","6420","Financiële holdings","","","","",20000531,20000531,20000605,20000531,0,0,0,"",2020,20211111
"Castricum","H","01","Eenmanszaak","96021","Haarverzorging","","","","","","",0,0,20000605,19790102,0,0,20000605,"",0,0
"Wervershoof","H","41","Besloten vennootschap met gewone structuur","01305","Teelt boomkwekerijgewassen volle grond","72191","Speur-/ontw.werk ohgv landbouw/visserij","","","N","J",20000531,20000531,20000605,19730101,0,0,20000531,"",2020,20220107
"Hoogkarspel","H","41","Besloten vennootschap met gewone structuur","64923","Participatiemaatschappijen","","","","","","",20000524,20000524,20000605,20000524,20050415,0,0,"",2020,20211229
"De Rijp","H","41","Besloten vennootschap met gewone structuur","6420","Financiële holdings","","","","","","",20000530,20000530,20000605,20000530,20220222,0,0,"",2019,20210222
"Enkhuizen","","74","Stichting","9103","Monumentenzorg","","","","","","",20000403,20000403,0,0,0,0,0,"",0,0
"Bergen (NH)","H","41","Besloten vennootschap met gewone structuur","6420","Financiële holdings","","","","","","",20000428,20000428,20000605,20000428,20180101,0,0,"",2020,20211213
"Schoorl","","74","Stichting","90011","Beoefening van podiumkunst","","","","","","",20000526,20000526,0,0,0,0,0,"",0,0
"'s-Gravenhage","H","74","Stichting","88999","Overig maatsch.adv./gemeenschapshuizen","","","","","N","N",20000530,20000530,20110204,20000530,20121001,0,0,"",0,0
"Zuid-Scharwoude","H","01","Eenmanszaak","7311","Reclamebureaus","","","","","N","N",0,0,20000605,20000605,20140401,0,0,"",0,0
"Purmerend","H","01","Eenmanszaak","96022","Schoonheidsverzorging/pedi-/manicures","","","","","","",0,0,20000605,20000605,20210930,0,0,"",0,0
"Wieringerwaard","H","01","Eenmanszaak","9522","Reparatie van elekt. huishoudelijke app.","","","","","N","N",0,0,20000605,20000612,20050729,0,0,"",0,0
"Graft","H","01","Eenmanszaak","4332","Bouwtimmeren","4333","Afwerking van vloeren en wanden","47918","Internethandel overige non-food","N","N",0,0,20160719,20000613,20180801,0,0,"",0,0
"Zwaagdijk-Oost","H","41","Besloten vennootschap met gewone structuur","46699","GH ov.mach./app./toeb. ind./handel","","","","","J","J",20001128,20001128,20000606,20000601,20070401,0,20001128,"",2016,20180214
"Avenhorn","H","41","Besloten vennootschap met gewone structuur","64303","Beleggingsinst. met beperkte toetreding","6420","Financiële holdings","","","N","N",20000531,20000531,20000606,20000531,20031114,0,0,"",2020,20211008
"Petten","H","01","Eenmanszaak","43221","Loodg.- en fitterswerk; inst. sanitair","","","","","N","N",0,0,20000607,20000607,20000807,0,20000807,"",0,0
"Kampen","H","41","Besloten vennootschap met gewone structuur","70102","Holdings (geen financiële)","","","","","","",20000526,20000526,20070913,20000526,20070901,0,0,"",2020,20210711
"Urk","H","41","Besloten vennootschap met gewone structuur","6420","Financiële holdings","","","","","N","N",20000531,20000531,20000602,20000531,0,0,0,"",2020,20220110
"Lelystad","H","41","Besloten vennootschap met gewone structuur","6420","Financiële holdings","","","","","","",20000824,20000824,20030516,20000526,20171207,0,20000824,"",2020,20211129
"Emmeloord","H","41","Besloten vennootschap met gewone structuur","6420","Financiële holdings","","","","","N","N",20000531,20000531,20000602,20000531,20011108,0,0,"",2020,20210701
"Lemmer","H","41","Besloten vennootschap met gewone structuur","6420","Financiële holdings","","","","","","",20000531,20000531,20040409,20000531,20040401,0,0,"",2020,20220307
"Almere","H","01","Eenmanszaak","4332","Bouwtimmeren","4120","Algemene burgerlijke en utiliteitsbouw","","","N","N",0,0,20000602,20000602,0,0,0,"",0,0
"Urk","H","41","Besloten vennootschap met gewone structuur","6420","Financiële holdings","","","","","N","N",20000531,20000531,20000602,20000531,20090304,0,0,"",2020,20220110
"Almere","H","01","Eenmanszaak","6202","Advisering ohgv informatietechnologie","6203","Beheer van computerfaciliteiten","","","N","N",0,0,20000602,20000602,0,0,0,"",0,0
"Emmeloord","H","11","Vennootschap onder firma","7311","Reclamebureaus","7312","Handel in advertentieruimte en -tijd","47915","Internethandel huis- en tuinartikelen","N","N",20090101,0,20000602,20000602,20090901,0,20090101,"",0,0
"Biddinghuizen","H","41","Besloten vennootschap met gewone structuur","70102","Holdings (geen financiële)","","","","","","",20000526,20000526,20000605,20000526,20060413,0,0,"",2020,20210705
"Dronten","H","41","Besloten vennootschap met gewone structuur","70102","Holdings (geen financiële)","","","","","","",20000526,20000526,20000605,20000526,20080301,0,0,"",2020,20210712
"Lelystad","H","41","Besloten vennootschap met gewone structuur","6420","Financiële holdings","","","","","N","N",20000530,20000530,20000605,20000530,20161001,0,0,"",2020,20210629
"Luttelgeest","H","41","Besloten vennootschap met gewone structuur","33221","Inst. machines voor algemeen gebruik","43222","Inst. verwarmings-/luchtbehandelingsapp.","","","J","J",20000531,20000531,20000605,19751214,0,0,20000531,"",2020,20211207
"Castricum","H","11","Vennootschap onder firma","6190","Overige telecommunicatie","","","","","","",20000601,0,20030613,20000601,20210601,0,0,"",0,0
"Biddinghuizen","H","41","Besloten vennootschap met gewone structuur","6420","Financiële holdings","","","","","N","N",20000529,20000529,20000606,20000529,0,0,0,"",2021,20220615
"Rosmalen","H","41","Besloten vennootschap met gewone structuur","6420","Financiële holdings","","","","","","",20000811,20000811,20020108,20000101,20011203,0,20000811,"",2021,20220426
"Rosmalen","H","41","Besloten vennootschap met gewone structuur","85592","Bedrijfsopleiding en -training","70222","Advisering ohgv management/bedrijfsv.","69202","Accountants-administratieconsulenten","","",20000811,20000811,20020103,20000101,20160601,0,20000811,"",2021,20220426
"Leeuwarden","H","11","Vennootschap onder firma","47721","Winkels in schoenen","","","","","","",19910101,0,20000606,20000425,0,0,0,"",0,0
"Leeuwarden","H","41","Besloten vennootschap met gewone structuur","6420","Financiële holdings","","","","","","",20000525,20000525,20000606,20000525,20070921,0,0,"",2020,20211216
"Gerkesklooster","H","11","Vennootschap onder firma","69203","Boekhoudkantoren","6831","Bemidd. bij handel/huur/verhuur onr.goed","","","N","N",20080704,0,20000606,20000401,0,0,20080704,"",0,0
"Franeker","H","11","Vennootschap onder firma","70221","Organisatie-adviesbureaus","","","","","","",20000601,0,20000608,20000601,0,0,0,"",0,0
"Heerenveen","H","41","Besloten vennootschap met gewone structuur","93121","Veldvoetbal","93196","Overkoepelende organen e.d. (sport)","","","","",20000529,20000529,20000608,20000529,20050801,0,0,"",2021,20211125
"Bakkeveen","H","41","Besloten vennootschap met gewone structuur","70102","Holdings (geen financiële)","","","","","","",20000512,20000512,20000607,20000512,20120405,0,0,"",2020,20211015
"Meerstad","H","41","Besloten vennootschap met gewone structuur","70102","Holdings (geen financiële)","","","","","","",20000512,20000512,20000607,20000512,20200801,0,0,"",2016,20171023
"Paterswolde","H","41","Besloten vennootschap met gewone structuur","4614","HB mach./techn.ben./schepen/vliegtuigen","","","","","J","J",20000531,20000531,20000608,19940101,20190508,0,20000531,"",2020,20220110
"Groningen","H","41","Besloten vennootschap met gewone structuur","6420","Financiële holdings","","","","","","",20000531,20000531,20020530,20000531,20180710,0,0,"",2020,20220310
"Appelscha","H","01","Eenmanszaak","47711","Winkels in herenkleding","9002","Dienstverlening voor uitvoerende kunst","","","","",0,0,20000608,20000608,20190802,0,20050519,"",0,0
"Sleen","H","41","Besloten vennootschap met gewone structuur","6420","Financiële holdings","","","","","","N",20000530,20000530,20000608,19801201,20180131,0,20000530,"",2020,20220413
"Heeten","","74","Stichting","86231","Praktijken van tandartsen","","","","","","",20000602,20000602,0,0,0,0,0,"",0,0
"Dalfsen","H","41","Besloten vennootschap met gewone structuur","56101","Restaurants","","","","","N","N",20010904,20010904,20000608,20000501,0,0,20010904,"",2020,20211111
"Olst","H","41","Besloten vennootschap met gewone structuur","6630","Vermogensbeheer","","","","","","",20000531,20000531,20000608,19970101,20130624,0,20000531,"",2020,20211115
"Olst","H","41","Besloten vennootschap met gewone structuur","68204","Verh. onroerend goed (niet v woonruimte)","","","","","","",20000531,20000531,20000608,20000531,20131022,0,0,"",2020,20211115
"Klazienaveen","H","11","Vennootschap onder firma","46499","GH ov. consumentenart. (non-food) (rest)","","","","","J","J",20011006,0,20060706,20000608,20060609,0,20011006,"",0,0
"Enschede","H","41","Besloten vennootschap met gewone structuur","46471","Groothandel in huismeubilair","","","","","","",20000530,20000530,20000607,20000530,20191101,0,0,"",2019,20200601
"Enter","H","41","Besloten vennootschap met gewone structuur","6420","Financiële holdings","","","","","N","N",20000531,20000531,20000607,20000531,20180301,0,0,"",2020,20211118
"Enschede","H","41","Besloten vennootschap met gewone structuur","1011","Slachterijen (geen pluimvee-)","","","","","J","J",20000531,20000531,20000607,19780301,0,0,20000531,"",2020,20210525
"Enter","H","41","Besloten vennootschap met gewone structuur","6420","Financiële holdings","","","","","N","N",20000531,20000531,20000607,20000531,20080401,0,0,"",2020,20211020
"Deventer","","74","Stichting","49393","Geregeld besloten pers.vervoer over weg","","","","","","",20000509,20000509,0,0,0,0,0,"",0,0
"Enschede","H","41","Besloten vennootschap met gewone structuur","6420","Financiële holdings","","","","","N","N",20000531,20000531,20000607,20000531,20041229,0,0,"",2020,20210525
"Neede","H","41","Besloten vennootschap met gewone structuur","6420","Financiële holdings","","","","","N","N",20000530,20000530,20180219,20000530,20180201,0,0,"",2019,20210104
"Vaassen","H","41","Besloten vennootschap met gewone structuur","70222","Advisering ohgv management/bedrijfsv.","78201","Uitzendbureaus","","","N","N",20000526,20000526,20000607,20000526,0,0,0,"",2020,20220413
"Deventer","H","41","Besloten vennootschap met gewone structuur","2454","Gieten van overige non-ferrometalen","","","","","N","N",20000530,20000530,20000607,19260101,0,0,20000530,"",2020,20211202
"Borne","H","41","Besloten vennootschap met gewone structuur","47525","Winkels in keukens","","","","","","",20000531,20000531,20000607,20000531,0,0,0,"",2019,20210408
"Delden","H","41","Besloten vennootschap met gewone structuur","6420","Financiële holdings","","","","","","",20000531,20000531,20000607,20000531,20180124,0,0,"",2020,20211228
"Rijssen","H","41","Besloten vennootschap met gewone structuur","6420","Financiële holdings","","","","","N","N",20000530,20000530,20000607,20000530,0,0,0,"",2019,20200922
"Rijssen","H","41","Besloten vennootschap met gewone structuur","6420","Financiële holdings","","","","","N","N",20000530,20000530,20000607,20000530,0,0,0,"",2021,20220607
"Nijkerk","H","01","Eenmanszaak","8130","Landschapsverzorging","","","","","N","N",0,0,20050119,20000607,20050119,0,0,"",0,0
"Staphorst","H","41","Besloten vennootschap met gewone structuur","6420","Financiële holdings","","","","","N","N",20000530,20000530,20021224,20000530,20050401,0,0,"",2020,20211105
"Nijverdal","H","41","Besloten vennootschap met gewone structuur","6420","Financiële holdings","","","","","N","N",20000607,20000607,20000608,20000607,20091101,0,0,"",2020,20220209
"Barneveld","H","41","Besloten vennootschap met gewone structuur","6420","Financiële holdings","","","","","N","N",20000525,20000525,20000608,20000525,20020426,0,0,"",2020,20211004
"Ootmarsum","H","41","Besloten vennootschap met gewone structuur","52291","Expediteurs/cargadoors/bevrachters e.d.","78202","Uitleenbureaus","","","N","N",20040528,20040528,20000608,20000608,20190429,0,20040528,"",2020,20210817
"Ootmarsum","H","01","Eenmanszaak","43999","Overige gespec. werkz. in de bouw (rest)","","","","","N","N",0,0,20000608,20000608,0,0,0,"",0,0
"Hengelo","H","01","Eenmanszaak","96022","Schoonheidsverzorging/pedi-/manicures","","","","","N","N",0,0,20000608,20000608,0,0,0,"",0,0
"Beek","H","41","Besloten vennootschap met gewone structuur","6420","Financiële holdings","","","","","N","N",20000531,20000531,20000607,19810525,0,0,20000531,"",2020,20211203
"Kilder","H","41","Besloten vennootschap met gewone structuur","6420","Financiële holdings","","","","","","",20000531,20000531,20000607,20000531,20091209,0,0,"",2020,20211207
"Zeddam","H","41","Besloten vennootschap met gewone structuur","6420","Financiële holdings","","","","","","",20000531,20000531,20000607,20000531,20201022,0,0,"",2020,20211203
"Beek","H","41","Besloten vennootschap met gewone structuur","6420","Financiële holdings","","","","","","",20000530,20000530,20000607,20000530,20141001,0,0,"",2020,20210614
"Beek","H","41","Besloten vennootschap met gewone structuur","6420","Financiële holdings","","","","","","",20000530,20000530,20000607,20000530,0,0,0,"",2020,20210812
"Wehl","H","41","Besloten vennootschap met gewone structuur","69201","Registeraccountants","69204","Belastingconsulenten","","","","",20000531,20000531,20000608,20000531,20211231,0,0,"",2020,20220106
"Doetinchem","H","41","Besloten vennootschap met gewone structuur","46722","GH ferrometalen en -halffabrikaten","46723","GH non-ferrometalen en -halffabrikaten","","","","",20000531,20000531,20000608,20000531,20170601,0,0,"",2020,20220131
"Ede","H","41","Besloten vennootschap met gewone structuur","6420","Financiële holdings","","","","","","",20010725,20010725,20000608,20000101,20030401,0,20010725,"",2020,20220527
"Arnhem","H","41","Besloten vennootschap met gewone structuur","6420","Financiële holdings","","","","","","",20000526,20000526,20000608,20000526,0,0,0,"",2020,20210714
"Overasselt","H","41","Besloten vennootschap met gewone structuur","6420","Financiële holdings","","","","","","",20000531,20000531,20000608,20000531,20030801,0,0,"",2020,20211228
"Lunteren","H","41","Besloten vennootschap met gewone structuur","6420","Financiële holdings","","","","","","N",20000531,20000531,20000608,19950504,20190722,0,20000531,"",2020,20211028
"Geldermalsen","","71","Vereniging met volledige rechtsbevoegdheid","94997","Overige belangenbehartiging (rest)","","","","","","",20000607,20000607,0,0,0,0,0,"",0,0
"Nijmegen","H","41","Besloten vennootschap met gewone structuur","70102","Holdings (geen financiële)","","","","","","",20000530,20000530,20051123,20000530,20210213,0,0,"",2020,20220317
"Meerkerk","H","41","Besloten vennootschap met gewone structuur","8621","Praktijken van huisartsen","","","","","","",20000531,20000531,20000608,20000531,20160627,0,0,"",2020,20211216
"Leerdam","H","41","Besloten vennootschap met gewone structuur","47591","Winkels in meubels","9524","Reparatie en stoffering van meubels","","","","",20000605,20000605,20140412,20000605,0,0,0,"",2020,20220113
"Hank","H","41","Besloten vennootschap met gewone structuur","64303","Beleggingsinst. met beperkte toetreding","","","","","N","N",20000531,20000531,20140211,20000101,20140130,0,0,"",2021,20220324
"Hank","H","41","Besloten vennootschap met gewone structuur","78202","Uitleenbureaus","","","","","N","N",20000531,20000531,20140211,20000101,20140130,0,0,"",2021,20220324
"Meijel","H","01","Eenmanszaak","45112","Handel/rep. personen-/lichte bedr.auto's","5221","Dienstverlening voor vervoer over land","","","N","N",0,0,20000608,20000501,0,0,0,"",0,0
"Echt","H","41","Besloten vennootschap met gewone structuur","43222","Inst. verwarmings-/luchtbehandelingsapp.","","","","","N","N",20000530,20000530,20000608,19880427,0,0,20000530,"",2020,20220103
"Broekhuizenvorst","H","41","Besloten vennootschap met gewone structuur","6420","Financiële holdings","","","","","N","N",20000531,20000531,20000608,20000531,0,0,0,"",2020,20220211
"Broekhuizenvorst","H","41","Besloten vennootschap met gewone structuur","4941","Goederenvervoer over weg (geen verhuiz.)","","","","","N","N",20000531,20000531,20000608,19650000,0,0,20000531,"",2020,20220207
"Weert","H","41","Besloten vennootschap met gewone structuur","6420","Financiële holdings","","","","","N","N",20000530,20000530,20000608,19850101,0,0,20000530,"",2020,20210923
"Weert","H","41","Besloten vennootschap met gewone structuur","64302","Beleggingsinstellingen in vaste activa","","","","","N","N",20000530,20000530,20000608,19850101,0,0,20000530,"",2020,20210628
"Weert","H","41","Besloten vennootschap met gewone structuur","4321","Elektrotechnische bouwinstallatie","78202","Uitleenbureaus","","","J","J",20000530,20000530,20000608,19850101,0,0,20000530,"",2020,20210923
"Venray","H","41","Besloten vennootschap met gewone structuur","86231","Praktijken van tandartsen","","","","","N","N",20000531,20000531,20000608,19890201,0,0,20000531,"",2020,20210828
"Heel","H","41","Besloten vennootschap met gewone structuur","6420","Financiële holdings","","","","","N","N",20000531,20000531,20000608,19940701,20030501,0,20000531,"",2020,20210816
"Maasbracht","H","41","Besloten vennootschap met gewone structuur","4321","Elektrotechnische bouwinstallatie","","","","","N","N",20000531,20000531,20000608,19940701,20081027,0,20000531,"",2020,20210816
"Kerkrade","H","41","Besloten vennootschap met gewone structuur","6420","Financiële holdings","","","","","N","N",20000531,20000531,20000608,20000531,20190128,0,0,"",2021,20220308
"Roermond","H","41","Besloten vennootschap met gewone structuur","6622","Assurantietussenpersonen","","","","","N","N",20000531,20000531,20000608,19961017,20170109,0,20000531,"",2021,20220331
"Hengelo","H","41","Besloten vennootschap met gewone structuur","2223","Verv. kunststofproducten voor de bouw","8121","Interieurreiniging van gebouwen","4663","Groothandel in machines voor de bouw","N","N",20000529,20000529,20210414,19670124,20210410,0,20000529,"",2020,20210510
"Montfort","H","41","Besloten vennootschap met gewone structuur","6420","Financiële holdings","","","","","N","N",20000526,20000526,20000608,19990101,20130820,0,20000526,"",2018,20200910
"Weert","H","41","Besloten vennootschap met gewone structuur","6831","Bemidd. bij handel/huur/verhuur onr.goed","","","","","N","N",20000531,20000531,20000608,19970101,20071126,0,20000531,"",2020,20211220
"Weert","H","41","Besloten vennootschap met gewone structuur","6622","Assurantietussenpersonen","","","","","N","N",20000531,20000531,20000608,19970101,20071126,0,20000531,"",2018,20190918
"Heerlen","","71","Vereniging met volledige rechtsbevoegdheid","94997","Overige belangenbehartiging (rest)","","","","","","",20000427,20000427,0,0,0,0,0,"",0,0
"Brunssum","H","01","Eenmanszaak","9609","Overige dienstverlening (rest)","","","","","N","N",0,0,20000608,20000608,20090520,0,0,"",0,0
"Veghel","H","41","Besloten vennootschap met gewone structuur","7112","Ingenieurs/overig techn. ontwerp/advies","","","","","N","N",20000525,20000525,20180820,20000525,20180820,0,0,"",2019,20200715
"Heerlen","","74","Stichting","94997","Overige belangenbehartiging (rest)","","","","","","",20000525,20000525,0,0,0,0,0,"",0,0
"Sint Joost","H","41","Besloten vennootschap met gewone structuur","70102","Holdings (geen financiële)","","","","","N","N",20000526,20000526,20010105,20000526,20021004,0,0,"",2021,20220517
"Meerssen","H","01","Eenmanszaak","6622","Assurantietussenpersonen","","","","","N","N",0,0,20000608,20000601,20080901,0,20080901,"",0,0
"Born","H","41","Besloten vennootschap met gewone structuur","70102","Holdings (geen financiële)","","","","","N","N",20000526,20000526,20000608,20000526,20010101,0,0,"",2018,20200110
"Echt","H","41","Besloten vennootschap met gewone structuur","68204","Verh. onroerend goed (niet v woonruimte)","70102","Holdings (geen financiële)","","","N","N",20000526,20000526,20040525,20000526,20040519,0,0,"",2021,20220517
"Sint Anthonis","N","41","Besloten vennootschap met gewone structuur","47241","Winkels in brood en banket","","","","","","",20000530,20000530,20000608,19970528,0,0,20000530,"",2021,20220422
"Schaijk","H","41","Besloten vennootschap met gewone structuur","01305","Teelt boomkwekerijgewassen volle grond","4721","Winkels in aardappelen/groenten/fruit","","","","",20000529,20000529,20000606,20000529,0,0,0,"",2019,20210203
"Schaijk","H","41","Besloten vennootschap met gewone structuur","01305","Teelt boomkwekerijgewassen volle grond","4721","Winkels in aardappelen/groenten/fruit","","","","",20000529,20000529,20000606,20000529,20200101,0,0,"",2019,20210203
"Schaijk","H","41","Besloten vennootschap met gewone structuur","01305","Teelt boomkwekerijgewassen volle grond","4721","Winkels in aardappelen/groenten/fruit","","","","",20000529,20000529,20000606,20000529,0,0,0,"",2019,20210203
"Schaijk","H","41","Besloten vennootschap met gewone structuur","01305","Teelt boomkwekerijgewassen volle grond","4721","Winkels in aardappelen/groenten/fruit","","","","",20000529,20000529,20000606,20000529,0,0,0,"",2019,20210203
"Valkenswaard","H","41","Besloten vennootschap met gewone structuur","6420","Financiële holdings","","","","","N","N",20000530,20000530,20000606,20000530,0,0,0,"",2015,20160316
"Schaijk","H","41","Besloten vennootschap met gewone structuur","0111","Teelt granen/peulvruchten/olieh. zaden","6420","Financiële holdings","4721","Winkels in aardappelen/groenten/fruit","","",20000529,20000529,20000606,20000529,20100101,0,0,"",2019,20210203
"Beek en Donk","H","41","Besloten vennootschap met gewone structuur","68204","Verh. onroerend goed (niet v woonruimte)","","","","","N","J",20000531,20000531,20000606,20000531,20160930,0,0,"",2020,20220310
"Woudrichem","H","41","Besloten vennootschap met gewone structuur","6420","Financiële holdings","","","","","","",20000529,20000529,20021001,20000529,20130731,0,0,"",2020,20211014
"Luyksgestel","","74","Stichting","66191","Admin.kantoren voor aandelen/obligaties","","","","","","",20000530,20000530,0,0,0,0,0,"",0,0
"Veldhoven","","71","Vereniging met volledige rechtsbevoegdheid","94997","Overige belangenbehartiging (rest)","","","","","","",20000524,20000524,0,0,0,0,0,"",0,0
"Deurne","H","41","Besloten vennootschap met gewone structuur","6420","Financiële holdings","","","","","","",20000530,20000530,20000607,20000530,20041115,0,0,"",2020,20210406
"Volkel","H","41","Besloten vennootschap met gewone structuur","68204","Verh. onroerend goed (niet v woonruimte)","","","","","","",20000531,20000531,20000607,20000531,20060101,0,0,"",2021,20220228
"Schijndel","H","41","Besloten vennootschap met gewone structuur","6810","Handel in eigen onroerend goed","","","","","N","N",20000605,20000605,20000607,20000605,0,0,0,"",2021,0
"Lith","H","01","Eenmanszaak","43221","Loodg.- en fitterswerk; inst. sanitair","","","","","N","N",0,0,20000607,20000601,20011203,0,0,"",0,0
"Wintelre","H","01","Eenmanszaak","16231","Verv. deuren, ramen en kozijnen van hout","","","","","N","N",0,0,20000607,20000605,20060127,0,0,"",0,0
"Helmond","H","41","Besloten vennootschap met gewone structuur","2562","Algemene metaalbewerking","","","","","","",20000530,20000530,20000607,19620507,0,0,20000530,"",2020,20210510
"Vlijmen","","72","Vereniging met beperkte rechtsbevoegdheid","94991","Gezelligheidsverenigingen","","","","","","",19780201,19780201,0,0,0,0,0,"",0,0
"Oss","H","41","Besloten vennootschap met gewone structuur","6420","Financiële holdings","","","","","","",20000606,20000606,20000607,20000606,20180122,0,0,"",2020,20210528
"Eindhoven","H","41","Besloten vennootschap met gewone structuur","70102","Holdings (geen financiële)","","","","","N","N",20000531,20000531,20000607,20000531,20031231,0,0,"",2020,20210630
"Aarle-Rixtel","H","01","Eenmanszaak","33123","Rep./onderh. machines specif.bedrijfstak","","","","","","",0,0,20000608,20000608,20160104,0,0,"",0,0
"Nuenen","H","11","Vennootschap onder firma","4777","Winkels in juweliersartikelen/uurwerken","","","","","","",20000607,0,20000608,20000607,0,0,0,"",0,0
"Ospel","H","01","Eenmanszaak","4120","Algemene burgerlijke en utiliteitsbouw","","","","","N","N",0,0,20100311,20000608,20100305,0,0,"",0,0
"Neerkant","H","01","Eenmanszaak","43999","Overige gespec. werkz. in de bouw (rest)","","","","","","",0,0,20000607,20000601,20020906,0,0,"",0,0
"Zeeland","H","41","Besloten vennootschap met gewone structuur","56101","Restaurants","","","","","N","N",20000531,20000531,20000608,20000531,0,0,0,"",2020,20210707
"Son en Breugel","H","01","Eenmanszaak","69203","Boekhoudkantoren","","","","","","",0,0,20000608,20000609,20050307,0,0,"",0,0
"'s-Gravenhage","H","41","Besloten vennootschap met gewone structuur","70102","Holdings (geen financiële)","","","","","","",20000531,20000531,20180810,20000531,20210104,0,0,"",2021,20220505
"Tilburg","H","61","Coöperatie","4941","Goederenvervoer over weg (geen verhuiz.)","","","","","","",20000605,20000605,20000608,20000605,20181201,0,0,"",2020,20220329
"Kaatsheuvel","H","41","Besloten vennootschap met gewone structuur","69204","Belastingconsulenten","6420","Financiële holdings","","","","",20000531,20000531,20000608,20000531,20080101,0,0,"",2021,20220212
"Venlo","H","11","Vennootschap onder firma","93125","Paardensport en maneges","5629","Kantines en contractcatering","47792","Winkels in tweedehands kleding","N","N",20000101,0,20060724,20000101,20060717,0,0,"",0,0
"Oisterwijk","H","41","Besloten vennootschap met gewone structuur","6420","Financiële holdings","74102","Industrieel en productontwerp","","","","",20000607,20000607,20000608,20000607,0,0,0,"",2020,20210913
"Lepelstraat","H","41","Besloten vennootschap met gewone structuur","6420","Financiële holdings","","","","","","",20000530,20000530,20000607,20000530,20120801,0,0,"",2021,20220209
"Hoeven","H","41","Besloten vennootschap met gewone structuur","6420","Financiële holdings","","","","","","",20000531,20000531,20000607,20000531,20080301,0,0,"",2020,20211214
"Prinsenbeek","H","41","Besloten vennootschap met gewone structuur","4632","GH vlees(waren)/wild en gev. (niet lev.)","","","","","J","J",20000530,20000530,20000607,19821001,20220107,0,20000530,"",2021,20220603
"Alphen","H","41","Besloten vennootschap met gewone structuur","6612","Commissionairs/makelaars in effecten ed","6832","Beheer van onroerend goed","","","","",20000531,20000531,20000607,20000531,20160630,0,0,"",2020,20220531
"Halsteren","","74","Stichting","66191","Admin.kantoren voor aandelen/obligaties","","","","","","",20000530,20000530,0,0,0,0,0,"",0,0
"Hoeven","H","41","Besloten vennootschap met gewone structuur","4773","Apotheken","6612","Commissionairs/makelaars in effecten ed","","","N","N",20000530,20000530,20000607,20000530,20060102,0,0,"",2020,20210708
"Halsteren","H","41","Besloten vennootschap met gewone structuur","6420","Financiële holdings","","","","","","",20000530,20000530,20000607,20000530,0,0,0,"",2021,20220318
"Breda","H","41","Besloten vennootschap met gewone structuur","6420","Financiële holdings","","","","","","",20000530,20000530,20000608,20000530,0,0,0,"",2020,20210722
"Breda","H","41","Besloten vennootschap met gewone structuur","85592","Bedrijfsopleiding en -training","","","","","","",20000530,20000530,20000608,20000530,20200501,0,0,"",2020,20211027
"Breda","H","41","Besloten vennootschap met gewone structuur","55101","Hotel-restaurants","","","","","","",20000531,20000531,20000608,20000531,20000531,0,0,"",2020,20210426
"Roosendaal","H","41","Besloten vennootschap met gewone structuur","6420","Financiële holdings","","","","","","",20001009,20001009,20000608,20000601,20030501,0,20001009,"",2020,20220302
"Roosendaal","H","41","Besloten vennootschap met gewone structuur","46442","GH was-, poets- en reinigingsmiddelen","","","","","N","J",20001009,20001009,20000608,20000601,20030501,0,20001009,"",2020,20220302
"Hulst","H","01","Eenmanszaak","4120","Algemene burgerlijke en utiliteitsbouw","","","","","N","N",0,0,20000607,20000614,20000614,0,0,"",0,0
"Goes","H","41","Besloten vennootschap met gewone structuur","8230","Organiseren van congressen en beurzen","6420","Financiële holdings","90042","Evenementenhallen","N","N",20000531,20000531,20000607,20000531,20170612,0,0,"",2020,20211027
"Goes","H","41","Besloten vennootschap met gewone structuur","6420","Financiële holdings","","","","","N","N",20000926,20000926,20000607,20000511,0,0,20000926,"",2020,20210903
"Goes","H","41","Besloten vennootschap met gewone structuur","70221","Organisatie-adviesbureaus","6420","Financiële holdings","78202","Uitleenbureaus","N","N",20000926,20000926,20000607,20000511,0,0,20000926,"",2020,20210902
"'s-Heer Arendskerke","H","41","Besloten vennootschap met gewone structuur","01241","Teelt van appels en peren","","","","","N","N",20000526,20000526,20000607,20000526,0,0,0,"",2020,20211105
"Terneuzen","H","01","Eenmanszaak","0161","Dienstverl. akker- en/of tuinbouw","","","","","N","N",0,0,20000607,20000607,20000607,0,0,"",0,0
"Kapelle","H","41","Besloten vennootschap met gewone structuur","6420","Financiële holdings","64922","Volkskredietbanken/commerciële financ.","","","N","N",20000526,20000526,20000607,20000526,20040310,0,0,"",2020,20210306
"Zierikzee","H","01","Eenmanszaak","85511","Zeil- en surfscholen","93299","Ov. recreatie (rest)(geen jachthavens)","1392","Verv. geconfectioneerde art. van textiel","N","N",0,0,20000608,20000608,20161128,0,0,"",0,0
"Sluis","H","41","Besloten vennootschap met gewone structuur","6420","Financiële holdings","","","","","N","N",20010330,20010330,20000608,20000601,20210501,0,20010330,"",2020,20220328
"Goes","","74","Stichting","88999","Overig maatsch.adv./gemeenschapshuizen","","","","","","",20000530,20000530,0,0,0,0,0,"",0,0
"Kapelle","H","01","Eenmanszaak","4120","Algemene burgerlijke en utiliteitsbouw","","","","","N","N",0,0,20000608,20000501,20180124,0,0,"",0,0
"Capelle aan den IJssel","H","41","Besloten vennootschap met gewone structuur","4773","Apotheken","","","","","","",20000530,20000530,20000607,19970325,20020101,0,20000530,"",2020,20220215
"Mookhoek","","74","Stichting","66191","Admin.kantoren voor aandelen/obligaties","","","","","","",20000606,20000606,0,0,0,0,0,"",0,0
"Capelle aan den IJssel","H","41","Besloten vennootschap met gewone structuur","6420","Financiële holdings","","","","","N","N",20000602,20000602,20000608,20000602,20041201,0,0,"",2011,20131024
"Rotterdam","H","41","Besloten vennootschap met gewone structuur","6420","Financiële holdings","78202","Uitleenbureaus","","","","",20000531,20000531,20000608,20000531,0,0,0,"",2021,20220616
"Schiedam","","74","Stichting","66191","Admin.kantoren voor aandelen/obligaties","","","","","","",20000420,20000420,0,0,0,0,0,"",0,0
"Monster","H","41","Besloten vennootschap met gewone structuur","4661","GH landbouwmachines/werktuigen/tractoren","","","","","","",20000517,20000517,20050323,19950916,20050314,0,20000517,"",2020,20210505
"'s-Gravenhage","","74","Stichting","94994","Vriendenkringen ohgv cultuur / fanclubs","","","","","","",20000126,20000126,0,0,0,0,0,"",0,0
"Nieuwerkerk ad IJssel","H","41","Besloten vennootschap met gewone structuur","4615","HB in meubels, huish. art. en ijzerwaren","","","","","N","N",20000530,20000530,20000608,19870901,20190614,0,20000530,"",2020,20220517
"Capelle aan den IJssel","H","01","Eenmanszaak","47763","Winkels dier(benodigdhed)en/hengelsp.art","","","","","N","N",0,0,20000608,20000601,20070301,0,0,"",0,0
"Oudewater","H","41","Besloten vennootschap met gewone structuur","6420","Financiële holdings","","","","","","",20000531,20000531,20191205,20000531,20191201,0,0,"",2020,20211029
"Bergschenhoek","H","41","Besloten vennootschap met gewone structuur","6420","Financiële holdings","","","","","N","N",20000531,20000531,20071222,20000531,20031001,0,0,"",2020,20220422
"Krimpen aan de Lek","H","41","Besloten vennootschap met gewone structuur","46496","GH sportartikelen (geen watersport)","","","","","N","N",20070531,20070531,20000608,20000602,20070531,0,20070531,"",2020,20220609
"Reeuwijk","H","41","Besloten vennootschap met gewone structuur","64303","Beleggingsinst. met beperkte toetreding","","","","","","",20000606,20000606,20000608,20000606,0,0,0,"",2020,20210816
"'s-Hertogenbosch","H","41","Besloten vennootschap met gewone structuur","6420","Financiële holdings","","","","","N","N",20000531,20000531,20030912,20000531,20030901,0,0,"",2020,20210708
"Gouda","H","41","Besloten vennootschap met gewone structuur","6209","Ov. dienstv. act. ohgv informatietechn.","","","","","N","N",20000608,20000608,20000608,20000608,20090401,0,0,"",2020,20220331
"Rotterdam","","74","Stichting","94911","Religieuze organisaties","","","","","","",20000524,20000524,0,0,0,0,0,"",0,0
"Hilversum","H","41","Besloten vennootschap met gewone structuur","70221","Organisatie-adviesbureaus","","","","","N","N",20000531,20000531,20160122,19931001,20160101,0,20000531,"",2021,20220420
"Almere","H","41","Besloten vennootschap met gewone structuur","70221","Organisatie-adviesbureaus","85592","Bedrijfsopleiding en -training","","","N","N",20000531,20000531,20180102,19870803,20200611,0,20000531,"",2020,20211026
"'s-Gravenhage","","74","Stichting","88992","Maatschappelijk werk","","","","","","",20000530,20000530,0,0,0,0,0,"",0,0
"'s-Gravenhage","H","41","Besloten vennootschap met gewone structuur","6420","Financiële holdings","","","","","N","N",20000530,20000530,20000606,20000530,0,0,0,"",2020,20220510
"'s-Gravenhage","H","41","Besloten vennootschap met gewone structuur","6420","Financiële holdings","","","","","","",20000525,20000525,20000606,20000525,20200731,0,0,"",2020,20211230
"Vlaardingen","H","41","Besloten vennootschap met gewone structuur","6420","Financiële holdings","","","","","","",20000330,20000330,20121024,20000330,20120901,0,0,"",2020,20220122
"Vlaardingen","H","41","Besloten vennootschap met gewone structuur","6420","Financiële holdings","","","","","","",20000330,20000330,20121024,20000330,20120901,0,0,"",2020,20220122
"Leiden","H","41","Besloten vennootschap met gewone structuur","5630","Cafés","","","","","N","N",20000524,20000524,20000605,19900716,0,0,20000524,"",2020,20220210
"Leiden","H","41","Besloten vennootschap met gewone structuur","46436","Groothandel in optische artikelen","47782","Winkels in optische artikelen","","","J","J",20000531,20000531,20000608,19800218,19991201,0,20000531,"",2020,20220419
"Rijnsburg","H","41","Besloten vennootschap met gewone structuur","46311","Groothandel in groenten en fruit","46312","Groothandel in consumptie-aardappelen","78202","Uitleenbureaus","J","J",20000714,20000714,20000724,20000529,20200102,0,20000714,"",2021,20220616
"Voorschoten","H","11","Vennootschap onder firma","8121","Interieurreiniging van gebouwen","","","","","N","N",20000615,0,20000608,20000615,20021007,0,0,"",0,0
"Leiden","H","41","Besloten vennootschap met gewone structuur","47299","Gesp. winkels in ov. voedings-/genotm.","","","","","N","N",20000524,20000524,20000608,19890101,20000524,0,20000524,"",2020,20220210
"Renswoude","H","41","Besloten vennootschap met gewone structuur","66191","Admin.kantoren voor aandelen/obligaties","","","","","","",20000531,20000531,20110428,20000531,20101001,0,0,"",2021,20220414
"Elst Ut","H","41","Besloten vennootschap met gewone structuur","66191","Admin.kantoren voor aandelen/obligaties","","","","","","",20000531,20000531,20000608,20000531,0,0,0,"",2020,20211001
"Maarsbergen","H","41","Besloten vennootschap met gewone structuur","66191","Admin.kantoren voor aandelen/obligaties","","","","","","",20000531,20000531,20000608,20000531,0,0,0,"",2021,20220414
"Groenekan","H","41","Besloten vennootschap met gewone structuur","6420","Financiële holdings","","","","","","",20000530,20000530,20000608,20000530,20060201,0,0,"",2020,20220301
"Utrecht","","71","Vereniging met volledige rechtsbevoegdheid","94997","Overige belangenbehartiging (rest)","","","","","","",20000512,20000512,0,0,0,0,0,"",0,0
"Utrecht","H","41","Besloten vennootschap met gewone structuur","6420","Financiële holdings","","","","","","",20000531,20000531,20000608,20000531,20210728,0,0,"",2016,20180419
"Amerongen","H","01","Eenmanszaak","31011","Interieurbouw","78202","Uitleenbureaus","","","","",0,0,20000608,20000601,20051215,0,0,"",0,0
"Montfoort","H","41","Besloten vennootschap met gewone structuur","6420","Financiële holdings","","","","","","",20000605,20000605,20000608,20000605,20171116,0,0,"",2020,20210511
"Twello","H","41","Besloten vennootschap met gewone structuur","69101","Advocatenkantoren, bewindv. en curatoren","","","","","","",20000531,20000531,20020522,20000531,20220214,0,0,"",2020,20220120
"Utrecht","H","41","Besloten vennootschap met gewone structuur","70221","Organisatie-adviesbureaus","","","","","","",20000531,20000531,20000608,19970325,20180702,0,20000531,"",2020,20210830
"Utrecht","H","41","Besloten vennootschap met gewone structuur","6201","Ontwikkelen/produceren/uitgeven software","6202","Advisering ohgv informatietechnologie","","","","",20000531,20000531,20000608,20000531,20000919,0,0,"",2021,20220510
"Leiden","H","01","Eenmanszaak","6202","Advisering ohgv informatietechnologie","","","","","","",0,0,20120507,20000608,20160303,0,0,"",0,0
"Amerongen","","74","Stichting","94993","Steunfondsen (niet ohgv welzijnszorg)","","","","","","",20000517,20000517,0,0,0,0,0,"",0,0
"Houten","H","41","Besloten vennootschap met gewone structuur","6622","Assurantietussenpersonen","","","","","","",20000531,20000531,20000608,20000531,20220601,0,0,"",2021,20220301
"Ankeveen","H","01","Eenmanszaak","96022","Schoonheidsverzorging/pedi-/manicures","4775","Winkels in parfums en cosmetica","","","","",0,0,20000608,19890301,0,0,0,"",0,0
"Nederhorst den Berg","H","01","Eenmanszaak","2562","Algemene metaalbewerking","","","","","","",0,0,20000608,20000613,20120901,0,0,"",0,0
"Amsterdam","H","01","Eenmanszaak","5630","Cafés","","","","","N","N",0,0,20000608,20000608,0,0,0,"",0,0
"Amsterdam","","71","Vereniging met volledige rechtsbevoegdheid","90011","Beoefening van podiumkunst","","","","","","",20000303,20000303,0,0,0,0,0,"",0,0
"Bussum","H","41","Besloten vennootschap met gewone structuur","6420","Financiële holdings","","","","","N","N",20000529,20000529,20070720,20000529,20160630,0,0,"",2020,20220421
"Bussum","H","41","Besloten vennootschap met gewone structuur","6831","Bemidd. bij handel/huur/verhuur onr.goed","7112","Ingenieurs/overig techn. ontwerp/advies","","","N","N",20000529,20000529,20070720,20000529,20160630,0,0,"",2020,20220421
"Amsterdam","H","11","Vennootschap onder firma","4120","Algemene burgerlijke en utiliteitsbouw","","","","","N","N",20000608,0,20000607,20000608,20201026,0,0,"",0,0
"Haarlem","H","01","Eenmanszaak","42112","Stratenmaken","4120","Algemene burgerlijke en utiliteitsbouw","","","N","N",0,0,20000608,20000301,20020501,0,0,"",0,0
"Amsterdam","H","01","Eenmanszaak","68204","Verh. onroerend goed (niet v woonruimte)","","","","","N","N",0,0,20000608,20000615,20050701,0,0,"",0,0
"Diemen","H","01","Eenmanszaak","16239","Verv. overig timmerwerk voor de bouw","9002","Dienstverlening voor uitvoerende kunst","3109","Vervaardiging van overige meubels","N","N",0,0,20000608,20000616,20171010,0,0,"",0,0
"Amstelveen","H","41","Besloten vennootschap met gewone structuur","6420","Financiële holdings","","","","","N","N",20000530,20000530,20000608,20000530,20210509,0,0,"",2017,20190117
"Haarlem","H","01","Eenmanszaak","70221","Organisatie-adviesbureaus","","","","","N","N",0,0,20000608,20000601,20100101,0,0,"",0,0
"Amsterdam","H","01","Eenmanszaak","7112","Ingenieurs/overig techn. ontwerp/advies","","","","","N","N",0,0,20000608,19990101,20181204,0,0,"",0,0
"Heemstede","H","01","Eenmanszaak","9003","Schrijven en overige scheppende kunst","74103","Interieur- en ruimtelijk ontwerp","","","N","N",0,0,20000608,20000101,20051201,0,0,"",0,0
"Schagen","H","01","Eenmanszaak","4120","Algemene burgerlijke en utiliteitsbouw","7490","Overige special. zakelijke dienstverl.","53202","Koeriers","N","N",0,0,20180126,20000601,20180125,0,0,"",0,0
"De Kwakel","H","01","Eenmanszaak","4334","Schilderen en glaszetten","4120","Algemene burgerlijke en utiliteitsbouw","","","N","N",0,0,20000608,20000608,20200604,0,0,"",0,0
"Den Burg","H","01","Eenmanszaak","4312","Grondverzet","","","","","","",0,0,20000607,20000515,20081020,0,0,"",0,0
"Venhuizen","","74","Stichting","64301","Beleggingsinstell. in financiële activa","","","","","","",20000601,20000601,0,0,0,0,0,"",0,0
"Kwadijk","","74","Stichting","94993","Steunfondsen (niet ohgv welzijnszorg)","","","","","","",20000530,20000530,0,0,0,0,0,"",0,0
"Heerhugowaard","H","41","Besloten vennootschap met gewone structuur","2229","Verv. overige producten van kunststof","6420","Financiële holdings","2223","Verv. kunststofproducten voor de bouw","J","J",20000531,20000531,20000608,20000531,0,0,0,"",2022,0
"Gasselte","H","01","Eenmanszaak","90011","Beoefening van podiumkunst","85599","Studiebegeleiding/vorming/onderwijs","9002","Dienstverlening voor uitvoerende kunst","N","N",0,0,20200407,20000608,20191113,0,0,"",0,0
"'t Veld","H","01","Eenmanszaak","4120","Algemene burgerlijke en utiliteitsbouw","","","","","","",0,0,20000608,20000615,0,0,0,"",0,0
"Stegeren","H","41","Besloten vennootschap met gewone structuur","6420","Financiële holdings","","","","","N","N",20000531,20000531,20141202,20000531,20141202,0,0,"",2020,20210716
"Almere","","74","Stichting","94911","Religieuze organisaties","","","","","","",20000608,20000608,0,0,0,0,0,"",0,0
"Leeuwarden","H","41","Besloten vennootschap met gewone structuur","47782","Winkels in optische artikelen","","","","","","",20000531,20000531,20000608,19220901,0,0,20000531,"",2020,20220102
"Harlingen","H","41","Besloten vennootschap met gewone structuur","47782","Winkels in optische artikelen","","","","","","",20000531,20000531,20000608,19771123,0,0,20000531,"",2020,20220102
"Sneek","H","41","Besloten vennootschap met gewone structuur","47782","Winkels in optische artikelen","","","","","","",20000531,20000531,20000608,20000531,20100908,0,0,"",2020,20220102
"Leeuwarden","H","41","Besloten vennootschap met gewone structuur","4110","Projectontwikkeling","","","","","","",20000531,20000531,20000608,20000531,0,0,0,"",2020,20220102
"Britswert","H","01","Eenmanszaak","59111","Prod. films (geen televisiefilms)","","","","","","",0,0,20000609,20000609,0,0,0,"",0,0
"Sneek","H","01","Eenmanszaak","7112","Ingenieurs/overig techn. ontwerp/advies","9529","Reparatie van overige consumentenart.","","","","",0,0,20000608,20000614,0,0,0,"",0,0
"De Wilgen","H","41","Besloten vennootschap met gewone structuur","70221","Organisatie-adviesbureaus","","","","","","",20000529,20000529,20000607,20000529,20090901,0,0,"",2021,20220318
"Dokkum","H","41","Besloten vennootschap met gewone structuur","69103","Notariskantoren","","","","","","",20000531,20000531,20000607,20000531,20030516,0,0,"",2021,20220512
"Dokkum","H","41","Besloten vennootschap met gewone structuur","70102","Holdings (geen financiële)","","","","","","",20000531,20000531,20000607,20000531,0,0,0,"",2021,20220512
"Hegebeintum","H","11","Vennootschap onder firma","55102","Hotels (geen hotel-rest.)/pens./conf.o.","","","","","","",20000101,0,20000609,20000101,0,0,0,"",0,0
"Almere","","74","Stichting","70102","Holdings (geen financiële)","","","","","","",20000606,20000606,0,0,0,0,0,"",0,0
"Sneek","H","41","Besloten vennootschap met gewone structuur","70102","Holdings (geen financiële)","","","","","","",20000530,20000530,20000608,20000530,0,0,0,"",2021,20220329
"Heerenveen","H","41","Besloten vennootschap met gewone structuur","50401","Binnenvaart (vrachtvaart)","","","","","","",20000526,20000526,20000608,20000526,20091207,0,0,"",2019,20201231
"Tijnje","H","01","Eenmanszaak","4120","Algemene burgerlijke en utiliteitsbouw","47999","DH via overige distributievormen","","","","",0,0,20000613,20000613,20100301,0,0,"",0,0
"Amersfoort","H","01","Eenmanszaak","6201","Ontwikkelen/produceren/uitgeven software","","","","","","",0,0,20090204,20000609,20140914,0,20050822,"",0,0
"Winschoten","H","41","Besloten vennootschap met gewone structuur","6420","Financiële holdings","","","","","N","N",20000530,20000530,20000609,20000530,20070530,0,0,"",2020,20210517
"Vledderveen","H","01","Eenmanszaak","33121","Rep./onderh. mach. voor algemeen gebruik","","","","","J","N",0,0,20000609,20000401,20121101,0,20100101,"",0,0
"Middelstum","H","41","Besloten vennootschap met gewone structuur","16231","Verv. deuren, ramen en kozijnen van hout","16102","Verduurzamen van hout","46731","Groothandel in hout en plaatmateriaal","","",20000531,20000531,20000609,19930101,0,0,20000531,"",2021,20220420
"Wildervank","H","01","Eenmanszaak","47712","Winkels in dameskleding","47713","Winkels in bovenkleding/mode-artikelen","","","","",0,0,20000613,20000610,20020401,0,0,"",0,0
"Bellingwolde","H","01","Eenmanszaak","96022","Schoonheidsverzorging/pedi-/manicures","47999","DH via overige distributievormen","","","N","N",0,0,20000613,19990101,0,0,0,"",0,0
"Emmen","H","11","Vennootschap onder firma","4331","Stukadoren","","","","","","",20000616,0,20000616,20000616,20220101,0,0,"",0,0
"Bovensmilde","H","01","Eenmanszaak","9522","Reparatie van elekt. huishoudelijke app.","","","","","J","J",0,0,20000609,20000613,0,0,0,"",0,0
"Valthe","H","01","Eenmanszaak","85592","Bedrijfsopleiding en -training","","","","","","",0,0,20000609,20000609,20170629,0,0,"",0,0
"Nieuw-Amsterdam","H","41","Besloten vennootschap met gewone structuur","6420","Financiële holdings","","","","","","",20000609,20000609,20000613,20000609,20000609,0,0,"",2020,20211102
"Hardenberg","","74","Stichting","94997","Overige belangenbehartiging (rest)","","","","","","",20000526,20000526,0,0,0,0,0,"",0,0
"Staphorst","H","41","Besloten vennootschap met gewone structuur","6420","Financiële holdings","78202","Uitleenbureaus","","","","",20000530,20000530,20000608,20000530,0,0,0,"",2020,20211105
"Zwolle","H","41","Besloten vennootschap met gewone structuur","86221","Praktijken medisch spec./med. dagbehand.","","","","","","",20000531,20000531,20000608,20000531,20080101,0,0,"",2020,20220104
"Kampen","H","41","Besloten vennootschap met gewone structuur","70102","Holdings (geen financiële)","","","","","","",20000531,20000531,20000608,20000531,20041201,0,0,"",2020,20210602
"de Wijk","H","01","Eenmanszaak","0161","Dienstverl. akker- en/of tuinbouw","","","","","","",0,0,20100209,20000529,20081001,0,0,"",0,0
"Genemuiden","H","41","Besloten vennootschap met gewone structuur","6420","Financiële holdings","","","","","","",20000531,20000531,20000612,20000531,20010410,0,0,"",2020,20211109
"Nagele","H","11","Vennootschap onder firma","4120","Algemene burgerlijke en utiliteitsbouw","43999","Overige gespec. werkz. in de bouw (rest)","","","N","N",20030101,0,20070530,20000613,20070507,0,20030101,"",0,0
"Genemuiden","H","41","Besloten vennootschap met gewone structuur","6420","Financiële holdings","","","","","","",20000531,20000531,20000612,20000531,20010410,0,0,"",2020,20211111
"Genemuiden","H","41","Besloten vennootschap met gewone structuur","6420","Financiële holdings","","","","","","",20000531,20000531,20000612,19300000,20010410,0,20000531,"",2020,20211109
"Zwolle","H","01","Eenmanszaak","4741","Winkels in computers/randapp./software","","","","","","",0,0,20000613,20000501,20160517,0,0,"",0,0
"Markelo","H","41","Besloten vennootschap met gewone structuur","6420","Financiële holdings","","","","","N","N",20000606,20000606,20000607,20000606,0,0,0,"",2020,20210927
"Hengelo","H","41","Besloten vennootschap met gewone structuur","45205","Overige gespec. reparatie/slepen auto's","","","","","N","N",20000529,20000529,20000608,20000529,20090501,0,0,"",2020,20210531
"Kampen","H","41","Besloten vennootschap met gewone structuur","6420","Financiële holdings","","","","","N","N",20000530,20000530,20000608,20000530,20090401,0,0,"",2021,20220309
"Markelo","H","41","Besloten vennootschap met gewone structuur","4221","Leggen van rioleringen/buizen/pijpen ed","4120","Algemene burgerlijke en utiliteitsbouw","","","N","N",20000607,20000607,20000608,20000607,20021219,0,0,"",2020,20210521
"Eerbeek","H","01","Eenmanszaak","70221","Organisatie-adviesbureaus","","","","","N","N",0,0,20000608,20000615,0,0,0,"",0,0
"Markelo","H","41","Besloten vennootschap met gewone structuur","0161","Dienstverl. akker- en/of tuinbouw","","","","","N","N",20000607,20000607,20000608,20000607,20021219,0,0,"",2020,20210521
"Rietmolen","","74","Stichting","94997","Overige belangenbehartiging (rest)","","","","","","",20000605,20000605,20080117,0,0,0,0,"",0,0
"Apeldoorn","H","41","Besloten vennootschap met gewone structuur","64301","Beleggingsinstell. in financiële activa","","","","","N","N",20000531,20000531,20000608,20000531,0,0,0,"",2020,20210624
"Enschede","H","01","Eenmanszaak","9002","Dienstverlening voor uitvoerende kunst","9003","Schrijven en overige scheppende kunst","74102","Industrieel en productontwerp","N","N",0,0,20000608,20000608,20110503,0,0,"",0,0
"Wierden","H","41","Besloten vennootschap met gewone structuur","6420","Financiële holdings","","","","","N","N",20000606,20000606,20000609,20000606,0,0,0,"",2021,20220324
"Denekamp","H","41","Besloten vennootschap met gewone structuur","6420","Financiële holdings","","","","","N","N",20000531,20000531,20000609,20000531,20180213,0,0,"",2021,20220527
"Bathmen","","74","Stichting","94991","Gezelligheidsverenigingen","","","","","","",20000515,20000515,0,0,0,0,0,"",0,0
"Vorden","H","41","Besloten vennootschap met gewone structuur","2562","Algemene metaalbewerking","","","","","N","J",20000530,20000530,20080117,19911201,0,0,20000530,"",2020,20220403
"Valkenswaard","","74","Stichting","94911","Religieuze organisaties","","","","","","",20000607,20000607,0,0,0,0,0,"",0,0
"Barneveld","H","01","Eenmanszaak","7112","Ingenieurs/overig techn. ontwerp/advies","","","","","N","N",0,0,20000609,20000601,20120101,0,20010101,"",0,0
"Vriezenveen","H","41","Besloten vennootschap met gewone structuur","6420","Financiële holdings","","","","","N","N",20000531,20000531,20000609,20000531,20161006,0,0,"",2020,20210827
"Zutphen","","71","Vereniging met volledige rechtsbevoegdheid","94992","Hobbyclubs","","","","","","",20000421,0,0,0,0,0,0,"",0,0
"Den Ham","H","11","Vennootschap onder firma","93211","Pret- en themaparken","55102","Hotels (geen hotel-rest.)/pens./conf.o.","","","N","N",20000601,0,20000609,20000601,0,0,0,"",0,0
"Enschede","H","41","Besloten vennootschap met gewone structuur","6420","Financiële holdings","","","","","N","N",20000530,20000530,20000609,20000530,20201001,0,0,"",2020,20211228
"Vriezenveen","H","41","Besloten vennootschap met gewone structuur","52102","Opslag in koelhuizen e.d.","","","","","N","N",20000531,20000531,20000609,20000531,20161006,0,0,"",2020,20210827
"Hengelo","","74","Stichting","66191","Admin.kantoren voor aandelen/obligaties","","","","","","",20000530,20000530,0,0,0,0,0,"",0,0
"Vriezenveen","H","01","Eenmanszaak","4332","Bouwtimmeren","","","","","N","N",0,0,20000613,20000613,20100202,0,0,"",0,0
"Zutphen","H","41","Besloten vennootschap met gewone structuur","64301","Beleggingsinstell. in financiële activa","","","","","N","N",20000531,20000531,20000613,20000531,20000926,0,0,"",2021,20220321
"Enschede","","71","Vereniging met volledige rechtsbevoegdheid","94996","Overige ideële organisaties (rest)","","","","","","",20000525,20000525,0,0,0,0,0,"",0,0
"Barneveld","H","01","Eenmanszaak","4652","GH elektronische/telecommunicatieapp.","","","","","N","N",0,0,20000613,20000601,0,0,0,"",0,0
"Ede","N","11","Vennootschap onder firma","47716","Winkels in onderkleding, foundations ed.","","","","","","",19970101,0,20000609,19970101,0,0,0,"",0,0
"Didam","H","41","Besloten vennootschap met gewone structuur","6622","Assurantietussenpersonen","66193","Hypotheek-/kredietbem./bankagentschappen","","","","",20000531,20000531,20000605,19460801,20200306,0,20000531,"",2020,20220223
"Didam","H","01","Eenmanszaak","7112","Ingenieurs/overig techn. ontwerp/advies","","","","","","",0,0,20000608,20000613,20031215,0,0,"",0,0
"Lent","H","41","Besloten vennootschap met gewone structuur","69202","Accountants-administratieconsulenten","","","","","","",20000531,20000531,20000608,20000531,20141003,0,0,"",2020,20211105
"Winterswijk","H","01","Eenmanszaak","69203","Boekhoudkantoren","","","","","","",0,0,20000608,20000101,20170120,0,0,"",0,0
"Wijchen","H","41","Besloten vennootschap met gewone structuur","78201","Uitzendbureaus","78202","Uitleenbureaus","70221","Organisatie-adviesbureaus","","",20000531,20000531,20000609,19981001,20151201,0,20000531,"",2020,20220430
"Nijmegen","H","41","Besloten vennootschap met gewone structuur","6420","Financiële holdings","","","","","","",20000531,20000531,20000609,20000531,20000531,0,0,"",2020,20211111
"Lobith","H","41","Besloten vennootschap met gewone structuur","2042","Vervaardiging van parfums en cosmetica","","","","","","N",20000529,20000529,20000609,20000529,20160701,0,0,"",2021,20220509
"Zwolle","","74","Stichting","88999","Overig maatsch.adv./gemeenschapshuizen","","","","","","",20000607,20000607,20160727,0,0,0,0,"",0,0
"Lichtenvoorde","H","01","Eenmanszaak","69203","Boekhoudkantoren","69204","Belastingconsulenten","","","","",0,0,20000609,20000101,20180901,0,0,"",0,0
"Silvolde","H","01","Eenmanszaak","9002","Dienstverlening voor uitvoerende kunst","","","","","","",0,0,20000609,20000601,20170311,0,0,"",0,0
"Terborg","","72","Vereniging met beperkte rechtsbevoegdheid","93144","Bowlen, kegelen, biljarten e.d.","","","","","","",19261012,19261012,0,0,0,0,0,"",0,0
"Driel","H","01","Eenmanszaak","4334","Schilderen en glaszetten","","","","","","",0,0,20000613,20000613,0,0,0,"",0,0
"Doorwerth","H","01","Eenmanszaak","69209","Overige administratiekantoren","","","","","","",0,0,20000613,20000608,0,0,0,"",0,0
"Bergen L","H","41","Besloten vennootschap met gewone structuur","7220","Speur-/ontw.werk ogv maats./geesteswet.","","","","","N","N",20000920,20000920,20010827,20000607,20010827,0,20000920,"",2020,20220513
"Elst","H","01","Eenmanszaak","45112","Handel/rep. personen-/lichte bedr.auto's","","","","","","",0,0,20000613,20000620,20060101,0,0,"",0,0
"Tiel","H","01","Eenmanszaak","86912","Praktijken van fysiotherapeuten","","","","","","",0,0,20000609,20000529,20060801,0,0,"",0,0
"Ingen","","71","Vereniging met volledige rechtsbevoegdheid","90011","Beoefening van podiumkunst","","","","","","",19511001,19511001,0,0,0,0,0,"",0,0
"Leerdam","H","01","Eenmanszaak","53202","Koeriers","4941","Goederenvervoer over weg (geen verhuiz.)","","","","",0,0,20000609,20000609,20170424,0,0,"",0,0
"Nijmegen","H","01","Eenmanszaak","45112","Handel/rep. personen-/lichte bedr.auto's","77111","Verh. personen-/lichte bedrijfsauto's","","","","",0,0,20200319,20000609,20200101,0,0,"",0,0
"Gorinchem","H","01","Eenmanszaak","1413","Vervaardiging van overige bovenkleding","77292","Verh. kleding/huishoudelijke artikelen","90012","Producenten van podiumkunst","N","N",0,0,20000609,20000609,20190425,0,0,"",0,0
"Culemborg","H","41","Besloten vennootschap met gewone structuur","6420","Financiële holdings","68204","Verh. onroerend goed (niet v woonruimte)","","","N","N",20000530,20000530,20000609,19731001,20150301,0,20000530,"",2020,20211103
"Heerewaarden","H","41","Besloten vennootschap met gewone structuur","6420","Financiële holdings","74103","Interieur- en ruimtelijk ontwerp","","","","",20000523,20000523,20000613,20000523,0,0,0,"",2020,20210506
"Kerkdriel","H","41","Besloten vennootschap met gewone structuur","6420","Financiële holdings","","","","","","",20000529,20000529,20000613,20000529,0,0,0,"",2020,20211130
"Nijmegen","H","41","Besloten vennootschap met gewone structuur","70102","Holdings (geen financiële)","","","","","","",20000531,20000531,20101102,20000531,20140101,0,0,"",2020,20211111
"Venlo","H","41","Besloten vennootschap met gewone structuur","4652","GH elektronische/telecommunicatieapp.","","","","","N","N",20000531,20000531,20000609,19851016,0,0,20000531,"",2020,20211221
"Milsbeek","H","01","Eenmanszaak","85592","Bedrijfsopleiding en -training","","","","","N","N",0,0,20000613,20000501,20210101,0,0,"",0,0
"Swalmen","H","01","Eenmanszaak","9522","Reparatie van elekt. huishoudelijke app.","","","","","N","N",0,0,20000613,20000612,0,0,0,"",0,0
"Heijen","H","41","Besloten vennootschap met gewone structuur","6420","Financiële holdings","","","","","N","N",20000725,20000725,20200930,20000501,20200930,0,20000725,"",2020,20211209
"Grubbenvorst","H","41","Besloten vennootschap met gewone structuur","0143","Fokken en houden van paarden en ezels","7112","Ingenieurs/overig techn. ontwerp/advies","4617","HB in voedings- en genotmiddelen","N","N",20000530,20000530,20000613,19860701,20210305,0,20000530,"",2019,20201012
"Grathem","","71","Vereniging met volledige rechtsbevoegdheid","93145","Denksport","","","","","","",19940100,20000605,0,0,0,0,0,"",0,0
"Maastricht","","71","Vereniging met volledige rechtsbevoegdheid","94997","Overige belangenbehartiging (rest)","","","","","","",20000504,20000504,0,0,0,0,0,"",0,0
"Bemelen","","71","Vereniging met volledige rechtsbevoegdheid","93129","Overige buitensport","","","","","","",20000519,20000519,0,0,0,0,0,"",0,0
"Susteren","","71","Vereniging met volledige rechtsbevoegdheid","65113","Spaarkassen","","","","","","",20000526,20000526,20040719,0,0,0,0,"",0,0
"Urmond","","72","Vereniging met beperkte rechtsbevoegdheid","94991","Gezelligheidsverenigingen","","","","","","",19720801,0,0,0,0,0,0,"",0,0
"Herkenbosch","H","01","Eenmanszaak","6622","Assurantietussenpersonen","66193","Hypotheek-/kredietbem./bankagentschappen","","","N","N",0,0,20000609,20000601,20131231,0,20010401,"",0,0
"Heerlen","H","41","Besloten vennootschap met gewone structuur","6201","Ontwikkelen/produceren/uitgeven software","","","","","N","N",20000530,20000530,20000609,20000530,20010601,0,0,"",2021,20220610
"Beek","H","41","Besloten vennootschap met gewone structuur","6831","Bemidd. bij handel/huur/verhuur onr.goed","6622","Assurantietussenpersonen","","","N","N",20000531,20000531,20000613,20000531,20170817,0,0,"",2020,20210706
"Margraten","H","41","Besloten vennootschap met gewone structuur","6420","Financiële holdings","","","","","N","N",20000808,20000808,20000613,20000301,20021214,0,20000808,"",2020,20220317
"Geleen","H","41","Besloten vennootschap met gewone structuur","6420","Financiële holdings","","","","","N","N",20000808,20000808,20000613,20000301,20200113,0,20000808,"",2021,20220328
"Maastricht","H","41","Besloten vennootschap met gewone structuur","70102","Holdings (geen financiële)","","","","","N","N",20000531,20000531,20000613,20000531,0,0,0,"",2020,20211116
"Maastricht","H","41","Besloten vennootschap met gewone structuur","70102","Holdings (geen financiële)","","","","","","",20000531,20000531,20000613,20000531,20030611,0,0,"",2020,20211206
"Maastricht","H","41","Besloten vennootschap met gewone structuur","6420","Financiële holdings","","","","","N","N",20000531,20000531,20000613,20000531,0,0,0,"",2020,20211116
"Maastricht","H","41","Besloten vennootschap met gewone structuur","6420","Financiële holdings","","","","","","",20000531,20000531,20000613,20000531,20030611,0,0,"",2020,20211206
"Susteren","H","01","Eenmanszaak","9002","Dienstverlening voor uitvoerende kunst","","","","","N","N",0,0,20000613,20000613,0,0,20040101,"",0,0
"Geleen","H","74","Stichting","88993","Lokaal welzijnswerk","","","","","N","N",20000607,20000607,20091217,20030101,0,0,0,"",0,0
"Maastricht","H","01","Eenmanszaak","85592","Bedrijfsopleiding en -training","","","","","N","N",0,0,20000613,20000101,0,0,0,"",0,0
"Eindhoven","H","41","Besloten vennootschap met gewone structuur","6420","Financiële holdings","","","","","","",20000531,20000531,20000607,20000531,20070501,0,0,"",2021,20220531
"Zuidland","H","41","Besloten vennootschap met gewone structuur","6420","Financiële holdings","","","","","N","N",20000531,20000531,20090611,19891219,20090605,0,20000531,"",2020,20220120
"Luyksgestel","H","41","Besloten vennootschap met gewone structuur","2562","Algemene metaalbewerking","43999","Overige gespec. werkz. in de bouw (rest)","","","","",20000530,20000530,20000607,19830405,0,0,20000530,"",2020,20211125
"Weert","H","41","Besloten vennootschap met gewone structuur","6420","Financiële holdings","","","","","N","N",20000529,20000529,20060419,20000529,20070301,0,0,"",2020,20210713
"Oss","H","41","Besloten vennootschap met gewone structuur","6420","Financiële holdings","70221","Organisatie-adviesbureaus","","","J","N",20000531,20000531,20000607,20000531,20120101,0,0,"",2019,20200425
"Schijndel","H","41","Besloten vennootschap met gewone structuur","46493","GH kampeerartikelen (geen caravans)","46496","GH sportartikelen (geen watersport)","6420","Financiële holdings","J","J",20000605,20000605,20000607,20000605,0,0,0,"",2021,0
"Rosmalen","","74","Stichting","8720","Huizen/dagverbl. verstandelijk gehand.","","","","","","",20000606,20000606,0,0,0,0,0,"",0,0
"Oss","","74","Stichting","6420","Financiële holdings","","","","","","",20000606,20000606,0,0,0,0,0,"",0,0
"Netersel","","74","Stichting","6420","Financiële holdings","","","","","","",20000606,20000606,0,0,0,0,0,"",0,0
"Son en Breugel","","74","Stichting","66191","Admin.kantoren voor aandelen/obligaties","","","","","","",20000606,20000606,0,0,0,0,0,"",0,0
"Hapert","H","41","Besloten vennootschap met gewone structuur","69201","Registeraccountants","","","","","","",20000530,20000530,20000608,20000530,20040920,0,0,"",2021,20220428
"'s-Hertogenbosch","","71","Vereniging met volledige rechtsbevoegdheid","94991","Gezelligheidsverenigingen","","","","","","",20000417,20000417,0,0,0,0,0,"",0,0
"Nistelrode","H","01","Eenmanszaak","43993","Metselen en voegen","","","","","","",0,0,20061109,20000612,20170414,0,20061001,"",0,0
"Heeswijk-Dinther","H","01","Eenmanszaak","7320","Markt- en opinieonderzoekbureaus","7311","Reclamebureaus","6201","Ontwikkelen/produceren/uitgeven software","J","N",0,0,20000608,20000601,0,0,0,"",0,0
"Schaijk","","71","Vereniging met volledige rechtsbevoegdheid","93121","Veldvoetbal","","","","","","",20000605,20000605,0,0,0,0,0,"",0,0
"'s-Hertogenbosch","H","41","Besloten vennootschap met gewone structuur","69101","Advocatenkantoren, bewindv. en curatoren","","","","","","",20000531,20000531,20000608,20000531,0,0,0,"",2019,20210805
"Oss","H","01","Eenmanszaak","6202","Advisering ohgv informatietechnologie","4652","GH elektronische/telecommunicatieapp.","","","","",0,0,20000607,20000601,0,0,0,"",0,0
"Eindhoven","H","41","Besloten vennootschap met gewone structuur","7311","Reclamebureaus","","","","","","",20000531,20000531,20000608,20000531,0,0,0,"",2020,20210524
"Sint-Oedenrode","H","41","Besloten vennootschap met gewone structuur","4333","Afwerking van vloeren en wanden","","","","","","",20001025,20001025,20000608,20000601,20161201,0,20001025,"",2020,20220203
"Zeeland","H","41","Besloten vennootschap met gewone structuur","6420","Financiële holdings","","","","","","",20000531,20000531,20000608,20000531,20200128,0,0,"",2020,20210707
"Berghem","H","01","Eenmanszaak","7311","Reclamebureaus","7490","Overige special. zakelijke dienstverl.","","","N","N",0,0,20000609,20000609,20060323,0,0,"",0,0
"Uden","H","01","Eenmanszaak","4120","Algemene burgerlijke en utiliteitsbouw","","","","","","",0,0,20000609,20000609,20010131,0,0,"",0,0
"Sint-Oedenrode","H","01","Eenmanszaak","4332","Bouwtimmeren","","","","","","",0,0,20000607,20000601,0,0,0,"",0,0
"Deurne","H","01","Eenmanszaak","4332","Bouwtimmeren","","","","","","",0,0,20000609,20000605,0,0,0,"",0,0
"Oss","H","01","Eenmanszaak","43993","Metselen en voegen","","","","","","",0,0,20000609,20000613,20060519,0,0,"",0,0
"Son en Breugel","","72","Vereniging met beperkte rechtsbevoegdheid","93152","Roei-, kano-, zeil- en surfsport e.d.","","","","","","",20000101,0,0,0,0,0,0,"",0,0
"Boxtel","","71","Vereniging met volledige rechtsbevoegdheid","94991","Gezelligheidsverenigingen","","","","","","",20000606,20000606,0,0,0,0,0,"",0,0
"Heeze","H","41","Besloten vennootschap met gewone structuur","6420","Financiële holdings","","","","","","",20000530,20000530,20000608,20000530,20030901,0,0,"",2020,20211026
"Oost West en Middelbeers","","72","Vereniging met beperkte rechtsbevoegdheid","94991","Gezelligheidsverenigingen","","","","","","",20000401,20000401,0,0,0,0,0,"",0,0
"'s-Hertogenbosch","H","41","Besloten vennootschap met gewone structuur","70102","Holdings (geen financiële)","","","","","N","N",20000531,20000531,20000609,20000531,0,0,0,"",2021,20220408
"Veldhoven","H","41","Besloten vennootschap met gewone structuur","7311","Reclamebureaus","","","","","","",20000531,20000531,20000608,20000531,20140808,0,0,"",2020,20211014
"Schijndel","H","01","Eenmanszaak","4332","Bouwtimmeren","","","","","N","N",0,0,20000609,20000609,20031001,0,0,"",0,0
"Boxtel","H","01","Eenmanszaak","7311","Reclamebureaus","","","","","N","N",0,0,20000609,20000609,20170810,0,0,"",0,0
"Eindhoven","H","01","Eenmanszaak","56101","Restaurants","","","","","","",0,0,20000609,20000615,0,0,0,"",0,0
"Nuenen","","74","Stichting","6420","Financiële holdings","","","","","","",20000504,20000504,0,0,0,0,0,"",0,0
"Lage Zwaluwe","H","41","Besloten vennootschap met gewone structuur","2223","Verv. kunststofproducten voor de bouw","","","","","","",20001016,20001016,20160705,20000601,20160520,0,20001016,"",2020,20210524
"Valkenswaard","H","41","Besloten vennootschap met gewone structuur","6420","Financiële holdings","","","","","N","N",20000529,20000529,20000607,20000529,20040122,0,0,"",2020,20210421
"Eindhoven","H","01","Eenmanszaak","4120","Algemene burgerlijke en utiliteitsbouw","","","","","","",0,0,20000613,20000613,0,0,0,"",0,0
"Eindhoven","","71","Vereniging met volledige rechtsbevoegdheid","94995","Overk. organen (niet ohgv welzijn/sport)","","","","","","",20000605,20000605,0,0,0,0,0,"",0,0
"Veldhoven","H","41","Besloten vennootschap met gewone structuur","6420","Financiële holdings","","","","","","",20000531,20000531,20000607,20000531,0,0,0,"",2020,20220107
"'s-Hertogenbosch","H","41","Besloten vennootschap met gewone structuur","4619","Niet-gespecialiseerde handelsbemiddeling","","","","","J","J",20000831,20000831,20000608,20000523,20050401,0,20000831,"",2020,20211018
"Geldrop","H","41","Besloten vennootschap met gewone structuur","64301","Beleggingsinstell. in financiële activa","","","","","N","N",20000531,20000531,20000609,20000531,20070702,0,0,"",2021,20220504
"Lith","H","41","Besloten vennootschap met gewone structuur","6420","Financiële holdings","","","","","","",20000531,20000531,20000609,20000531,0,0,0,"",2020,20220607
"Lieshout","H","01","Eenmanszaak","85592","Bedrijfsopleiding en -training","6202","Advisering ohgv informatietechnologie","","","","",0,0,20000613,20000401,20060816,0,0,"",0,0
"Milheeze","H","11","Vennootschap onder firma","01462","Vleesvarkensbedrijven","","","","","N","N",20000606,0,20000613,20000606,0,0,0,"",0,0
"Berkel-Enschot","H","41","Besloten vennootschap met gewone structuur","86221","Praktijken medisch spec./med. dagbehand.","","","","","","",20000530,20000530,20000608,19970101,20090601,0,20000530,"",2020,20211217
"Lage Zwaluwe","H","41","Besloten vennootschap met gewone structuur","70102","Holdings (geen financiële)","6831","Bemidd. bij handel/huur/verhuur onr.goed","","","N","N",20000531,20000531,20071222,20000531,0,0,0,"",2020,20211231
"Oisterwijk","H","11","Vennootschap onder firma","6810","Handel in eigen onroerend goed","","","","","","",20000602,0,20000609,20000602,20110801,0,0,"",0,0
"Kaatsheuvel","H","41","Besloten vennootschap met gewone structuur","70102","Holdings (geen financiële)","","","","","","",20000831,20000831,20000609,20000101,0,0,20000831,"",2021,20220323
"Tilburg","H","01","Eenmanszaak","7810","Arbeidsbemiddeling","","","","","N","N",0,0,20000609,20000101,20050701,0,0,"",0,0
"Moergestel","H","01","Eenmanszaak","46739","GH bouwmaterialen algemeen assortiment","","","","","","",0,0,20000613,20000613,20071101,0,0,"",0,0
"Waalwijk","H","01","Eenmanszaak","8553","Auto- en motorrijscholen","","","","","N","N",0,0,20000613,20000613,20051201,0,0,"",0,0
"Tilburg","H","41","Besloten vennootschap met gewone structuur","64923","Participatiemaatschappijen","","","","","","",20000609,20000609,20000613,20000609,20220315,0,0,"",2020,20211206
"Tilburg","H","01","Eenmanszaak","47791","Winkels in antiek","","","","","","",0,0,20000613,20000613,0,0,0,"",0,0
"Oisterwijk","H","41","Besloten vennootschap met gewone structuur","6420","Financiële holdings","","","","","","",20000531,20000531,20000613,20000531,20040301,0,0,"",2019,20201113
"Wouwse Plantage","H","11","Vennootschap onder firma","4332","Bouwtimmeren","","","","","","",20000401,0,20000608,20000401,0,0,0,"",0,0
"Roosendaal","H","41","Besloten vennootschap met gewone structuur","2511","Verv. metalen constr.werken/delen ervan","78202","Uitleenbureaus","","","","",20000728,20000728,20000609,20000609,20201019,0,20000728,"",2021,20220324
"Tholen","H","01","Eenmanszaak","8553","Auto- en motorrijscholen","","","","","N","N",0,0,20030815,20000609,20030815,0,0,"",0,0
"Prinsenbeek","H","41","Besloten vennootschap met gewone structuur","6420","Financiële holdings","","","","","","",20000531,20000531,20000609,20000531,20170923,0,0,"",2021,20220306
"Nieuw-Vossemeer","H","41","Besloten vennootschap met gewone structuur","6420","Financiële holdings","","","","","","",20000531,20000531,20000609,20000531,0,0,0,"",2021,20220531
"Breda","H","41","Besloten vennootschap met gewone structuur","70102","Holdings (geen financiële)","","","","","","",20010124,20010124,20000613,20000501,20200901,0,20010124,"",2020,20211210
"Kamperland","H","01","Eenmanszaak","2562","Algemene metaalbewerking","47591","Winkels in meubels","43999","Overige gespec. werkz. in de bouw (rest)","N","N",0,0,20000609,20000605,20050201,0,0,"",0,0
"Zierikzee","H","41","Besloten vennootschap met gewone structuur","70221","Organisatie-adviesbureaus","70222","Advisering ohgv management/bedrijfsv.","","","N","N",20000811,20000811,20000609,20000601,20201106,0,20000811,"",2018,20200305
"Middelburg","","74","Stichting","88993","Lokaal welzijnswerk","","","","","","",20000606,20000606,0,0,0,0,0,"",0,0
"Wolphaartsdijk","H","41","Besloten vennootschap met gewone structuur","6420","Financiële holdings","6832","Beheer van onroerend goed","","","N","N",20000531,20000531,20000609,19960115,20190301,0,20000531,"",2020,20211130
"Terneuzen","","74","Stichting","94996","Overige ideële organisaties (rest)","","","","","","",20000518,20000518,0,0,0,0,0,"",0,0
"Marum","H","01","Eenmanszaak","78202","Uitleenbureaus","","","","","N","N",0,0,20210611,20000616,20210601,0,0,"",0,0
"Zierikzee","H","41","Besloten vennootschap met gewone structuur","6420","Financiële holdings","","","","","N","N",20000531,20000531,20000613,20000531,0,0,0,"",2020,20220111
"Zierikzee","H","41","Besloten vennootschap met gewone structuur","50202","Zee- en kustsleepvaart","5222","Dienstverlening voor vervoer over water","50403","Binnenvaart (sleep- en duwvaart)","N","N",20000531,20000531,20000613,19590123,0,0,20000531,"",2020,20220111
"Burgh-Haamstede","H","41","Besloten vennootschap met gewone structuur","4711","Supermarkten e.d. winkels alg.ass.v.gm.","4725","Winkels in dranken","47741","Winkels in drogisterij-artikelen","N","N",20000526,20000526,20000613,20000526,20050101,0,0,"",2020,20211108
"Sluis","H","41","Besloten vennootschap met gewone structuur","6420","Financiële holdings","","","","","N","N",20010330,20010330,20000613,20000601,0,0,20010330,"",2020,20211025
"Ouderkerk aan den IJssel","H","01","Eenmanszaak","4321","Elektrotechnische bouwinstallatie","4120","Algemene burgerlijke en utiliteitsbouw","","","N","N",0,0,20000607,20000401,20100219,0,0,"",0,0
"Nieuwpoort","H","41","Besloten vennootschap met gewone structuur","6420","Financiële holdings","","","","","","",20000814,20000814,20000608,20000501,20030101,0,20000814,"",2020,20210831
"Koog aan de Zaan","H","41","Besloten vennootschap met gewone structuur","7112","Ingenieurs/overig techn. ontwerp/advies","","","","","N","N",20000530,20000530,20160704,19991001,20160630,0,20000530,"",2005,20091217
"Oud-Beijerland","H","41","Besloten vennootschap met gewone structuur","86221","Praktijken medisch spec./med. dagbehand.","","","","","N","N",20000531,20000531,20000608,20000531,20000531,0,0,"",2020,20210825
"Mijnsheerenland","H","41","Besloten vennootschap met gewone structuur","6420","Financiële holdings","","","","","","",20000606,20000606,20000608,20000606,0,0,0,"",2020,20210502
"'s-Gravenhage","H","41","Besloten vennootschap met gewone structuur","4110","Projectontwikkeling","6420","Financiële holdings","70221","Organisatie-adviesbureaus","N","N",20000602,20000602,20161006,20000602,20161006,0,0,"",2020,20210708
"Waddinxveen","H","01","Eenmanszaak","4332","Bouwtimmeren","","","","","N","N",0,0,20000609,20000614,20161207,0,0,"",0,0
"Gellicum","H","41","Besloten vennootschap met gewone structuur","50401","Binnenvaart (vrachtvaart)","6420","Financiële holdings","","","N","N",20000530,20000530,20160128,20000530,20160122,0,0,"",2020,20220503
"Putte","H","41","Besloten vennootschap met gewone structuur","6420","Financiële holdings","78202","Uitleenbureaus","","","N","N",20000718,20000718,20130722,20000601,20130722,0,20000718,"",2020,20220428
"Rotterdam","H","41","Besloten vennootschap met gewone structuur","6420","Financiële holdings","78202","Uitleenbureaus","","","N","N",20000607,20000607,20000609,20000607,0,0,0,"",2018,20191017
"Zwolle","H","41","Besloten vennootschap met gewone structuur","6420","Financiële holdings","70221","Organisatie-adviesbureaus","78202","Uitleenbureaus","N","N",20000531,20000531,20010226,20000531,20200303,0,0,"",2021,20220603
"Vianen","H","41","Besloten vennootschap met gewone structuur","70221","Organisatie-adviesbureaus","6202","Advisering ohgv informatietechnologie","78202","Uitleenbureaus","N","N",20000714,20000714,20210505,20000515,20210504,0,20000714,"",2020,20210913
"Rotterdam","H","01","Eenmanszaak","4332","Bouwtimmeren","","","","","N","N",0,0,20000609,20000609,0,0,0,"",0,0
"Ridderkerk","H","41","Besloten vennootschap met gewone structuur","6420","Financiële holdings","","","","","","",20000607,20000607,20000609,20000607,0,0,0,"",2020,20211201
"Werkendam","H","41","Besloten vennootschap met gewone structuur","3091","Vervaardiging van motor- en bromfietsen","","","","","J","J",20000512,20000512,20031128,20000512,20110526,0,0,"",2019,20201117
"Alblasserdam","H","41","Besloten vennootschap met gewone structuur","6420","Financiële holdings","","","","","","",20000607,20000607,20000609,20000607,0,0,0,"",2020,20210715
"Hendrik-Ido-Ambacht","H","41","Besloten vennootschap met gewone structuur","6831","Bemidd. bij handel/huur/verhuur onr.goed","6420","Financiële holdings","","","N","N",20000606,20000606,20000609,20000606,20200429,0,0,"",2020,20210823
"Middelharnis","H","41","Besloten vennootschap met gewone structuur","6831","Bemidd. bij handel/huur/verhuur onr.goed","","","","","","",20000630,20000630,20000609,20000601,20170110,0,20000630,"",2020,20211018
"Lekkerkerk","H","41","Besloten vennootschap met gewone structuur","46901","Niet-gespec. GH in consumentenartikelen","","","","","J","J",20000530,20000530,20000609,20000530,20150701,0,0,"",2020,20210914
"Spijkenisse","H","01","Eenmanszaak","43999","Overige gespec. werkz. in de bouw (rest)","","","","","N","N",0,0,20000613,20000613,0,0,0,"",0,0
"Rotterdam","H","11","Vennootschap onder firma","70221","Organisatie-adviesbureaus","6201","Ontwikkelen/produceren/uitgeven software","","","N","N",20000829,0,20000613,20000613,20151001,0,20000829,"",0,0
"Capelle aan den IJssel","H","01","Eenmanszaak","8130","Landschapsverzorging","","","","","","",0,0,20000613,20000602,20090707,0,0,"",0,0
"Rotterdam","H","41","Besloten vennootschap met gewone structuur","4651","GH computers, randapparatuur en software","6201","Ontwikkelen/produceren/uitgeven software","","","N","N",20000531,20000531,20000613,20000531,0,0,0,"",2021,20220411
"Poortugaal","H","01","Eenmanszaak","70221","Organisatie-adviesbureaus","","","","","","",0,0,20000613,20000101,20030701,0,0,"",0,0
"Zuilichem","H","01","Eenmanszaak","4321","Elektrotechnische bouwinstallatie","","","","","N","N",0,0,20211108,20000613,20060701,0,0,"",0,0
"Tinte","H","41","Besloten vennootschap met gewone structuur","6420","Financiële holdings","70222","Advisering ohgv management/bedrijfsv.","","","","",20000531,20000531,20000613,20000531,20200101,0,0,"",2020,20220614
"Spijkenisse","H","01","Eenmanszaak","47892","Markthandel in tweedehands goederen","","","","","J","J",0,0,20000613,20000620,20031028,0,0,"",0,0
"Drouwenerveen","H","01","Eenmanszaak","7112","Ingenieurs/overig techn. ontwerp/advies","","","","","N","N",0,0,20070115,20000101,20070101,0,0,"",0,0
"Rotterdam","H","41","Besloten vennootschap met gewone structuur","6420","Financiële holdings","","","","","N","N",20000613,20000613,20000613,20000613,0,0,0,"",2020,20210610
"Rotterdam","H","41","Besloten vennootschap met gewone structuur","6420","Financiële holdings","","","","","N","N",20000616,20000616,20000613,20000613,0,0,20000616,"",2020,20211105
"Bergen op Zoom","N","41","Besloten vennootschap met gewone structuur","47292","Winkels in natuurvoeding/reformartikelen","47741","Winkels in drogisterij-artikelen","","","N","N",19860117,19860117,20000606,19990427,0,0,20000605,"",2020,20210326
"Monster","H","41","Besloten vennootschap met gewone structuur","70102","Holdings (geen financiële)","","","","","N","N",20000531,20000531,20000608,20000531,20130131,0,0,"",2020,20210908
"Rijswijk","H","41","Besloten vennootschap met gewone structuur","6420","Financiële holdings","","","","","","",20000530,20000530,20000606,20000530,20130301,0,0,"",2021,0
"Kwintsheul","H","41","Besloten vennootschap met gewone structuur","70102","Holdings (geen financiële)","","","","","N","N",20000531,20000531,20000608,20000531,20140101,0,0,"",2020,20210730
"Kwintsheul","H","41","Besloten vennootschap met gewone structuur","01304","Teelt van potplanten onder glas","47915","Internethandel huis- en tuinartikelen","","","N","N",20000531,20000531,20000608,19870101,20130101,0,20000531,"",2020,20210612
"De Lier","H","41","Besloten vennootschap met gewone structuur","70102","Holdings (geen financiële)","","","","","N","N",20000530,20000530,20000608,20000530,20080223,0,0,"",2020,20211014
"'s-Gravenhage","H","94","Buitenl. EG-venn. met onderneming in Nederland","4741","Winkels in computers/randapp./software","","","","","N","N",19910104,19910104,20000607,20000101,0,0,0,"",0,0
"'s-Gravenzande","H","41","Besloten vennootschap met gewone structuur","70102","Holdings (geen financiële)","","","","","N","N",20000606,20000606,20000608,20000606,20161214,0,0,"",2020,20210708
"Voorburg","","74","Stichting","66191","Admin.kantoren voor aandelen/obligaties","","","","","","",20000503,20000503,0,0,0,0,0,"",0,0
"'s-Gravenzande","H","41","Besloten vennootschap met gewone structuur","70102","Holdings (geen financiële)","","","","","N","N",20000606,20000606,20000608,20000606,20050809,0,0,"",2020,20210708
"Nootdorp","H","41","Besloten vennootschap met gewone structuur","6420","Financiële holdings","","","","","","",20000531,20000531,20000608,20000531,20101201,0,0,"",2020,20220215
"'s-Gravenhage","H","01","Eenmanszaak","6201","Ontwikkelen/produceren/uitgeven software","","","","","N","N",0,0,20000609,20000609,20170204,0,0,"",0,0
"Maasland","H","41","Besloten vennootschap met gewone structuur","6420","Financiële holdings","","","","","N","N",20000904,20000904,20000609,20000501,20020204,0,20000904,"",2020,20220111
"'s-Gravenhage","H","01","Eenmanszaak","7112","Ingenieurs/overig techn. ontwerp/advies","","","","","N","N",0,0,20000608,20000601,0,0,0,"",0,0
"'s-Gravenhage","H","41","Besloten vennootschap met gewone structuur","6420","Financiële holdings","","","","","N","N",20000531,20000531,20000608,20000531,20080219,0,0,"",2018,20201103
"Landsmeer","H","41","Besloten vennootschap met gewone structuur","7311","Reclamebureaus","","","","","N","N",20000726,20000726,20160209,20000522,20160208,0,20000726,"",2020,20210916
"Delft","H","41","Besloten vennootschap met gewone structuur","70102","Holdings (geen financiële)","78202","Uitleenbureaus","","","N","N",20000531,20000531,20000608,20000531,0,0,0,"",2021,20220613
"'s-Gravenhage","H","41","Besloten vennootschap met gewone structuur","70222","Advisering ohgv management/bedrijfsv.","","","","","N","N",20000531,20000531,20000609,20000531,0,0,0,"",2020,20210810
"Rotterdam","","71","Vereniging met volledige rechtsbevoegdheid","94997","Overige belangenbehartiging (rest)","","","","","","",20000608,20000608,0,0,0,0,0,"",0,0
"Zoetermeer","H","41","Besloten vennootschap met gewone structuur","70222","Advisering ohgv management/bedrijfsv.","6831","Bemidd. bij handel/huur/verhuur onr.goed","","","N","N",20000531,20000531,20000609,20000531,0,0,0,"",2019,20200212
"'s-Gravenhage","H","41","Besloten vennootschap met gewone structuur","6420","Financiële holdings","","","","","N","N",20000531,20000531,20000609,20000531,20210324,0,0,"",2020,20211105
"Zierikzee","H","41","Besloten vennootschap met gewone structuur","46311","Groothandel in groenten en fruit","","","","","J","J",20000721,20000721,20220325,20000609,20220325,0,20000721,"",2020,20210622
"Rijswijk","H","01","Eenmanszaak","47819","Markthandel overige voedings- en genotm.","","","","","N","N",0,0,20000613,20000609,20171121,0,0,"",0,0
"'s-Gravenhage","","74","Stichting","94995","Overk. organen (niet ohgv welzijn/sport)","","","","","","",20000606,20000606,0,0,0,0,0,"",0,0
"Rijswijk","H","01","Eenmanszaak","45311","GH/HB auto-ond./-access. (geen banden)","","","","","J","J",0,0,20000613,20000613,0,0,0,"",0,0
"'s-Gravenhage","","71","Vereniging met volledige rechtsbevoegdheid","94996","Overige ideële organisaties (rest)","","","","","","",19960206,19960206,0,0,0,0,0,"",0,0
"Noordwijk","H","41","Besloten vennootschap met gewone structuur","70102","Holdings (geen financiële)","","","","","N","N",20000531,20000531,20000608,20000531,20220107,0,0,"",2020,20210528
"Lisse","H","41","Besloten vennootschap met gewone structuur","70102","Holdings (geen financiële)","","","","","N","N",20020218,20020218,20000609,20000613,0,0,20020218,"",2020,20210423
"Alphen aan den Rijn","H","41","Besloten vennootschap met gewone structuur","6420","Financiële holdings","","","","","N","N",20000531,20000531,20000609,20000531,20140523,0,0,"",2020,20220103
"Oegstgeest","H","41","Besloten vennootschap met gewone structuur","70221","Organisatie-adviesbureaus","7320","Markt- en opinieonderzoekbureaus","6420","Financiële holdings","N","N",20001010,20001010,20001020,20000609,0,0,20001010,"F",2004,20060130
"Rijnsaterwoude","H","41","Besloten vennootschap met gewone structuur","6420","Financiële holdings","","","","","N","N",20000531,20000531,20000609,20000531,0,0,0,"",2020,20211202
"Alphen aan den Rijn","H","41","Besloten vennootschap met gewone structuur","69101","Advocatenkantoren, bewindv. en curatoren","","","","","N","N",20000531,20000531,20000609,20000531,20141201,0,0,"",2020,20220103
"Nieuwerkerk ad IJssel","H","41","Besloten vennootschap met gewone structuur","7732","Verh./lease machines/instal.voor de bouw","43999","Overige gespec. werkz. in de bouw (rest)","","","N","N",20000530,20000530,20160701,20000530,20160701,0,0,"",2017,20190207
"Amersfoort","H","01","Eenmanszaak","7320","Markt- en opinieonderzoekbureaus","85592","Bedrijfsopleiding en -training","46901","Niet-gespec. GH in consumentenartikelen","J","N",0,0,20210817,20000616,20210816,0,0,"",0,0
"Nieuw-Vennep","H","41","Besloten vennootschap met gewone structuur","2223","Verv. kunststofproducten voor de bouw","","","","","N","N",20000531,20000531,20080915,19800414,20080818,0,20000531,"",2020,20210401
"Bodegraven","H","41","Besloten vennootschap met gewone structuur","71111","Architecten","7112","Ingenieurs/overig techn. ontwerp/advies","","","N","N",20000530,20000530,20000530,19751217,0,0,20000530,"",2020,20210929
"Cruquius","H","41","Besloten vennootschap met gewone structuur","70102","Holdings (geen financiële)","","","","","N","N",20000608,20000608,20200826,20000608,20210614,0,0,"",2020,20211101
"Hillegom","H","41","Besloten vennootschap met gewone structuur","66191","Admin.kantoren voor aandelen/obligaties","","","","","N","N",20000608,20000608,20000613,20000608,0,0,0,"",2020,20211110
"Hillegom","H","41","Besloten vennootschap met gewone structuur","6420","Financiële holdings","","","","","N","N",20000608,20000608,20000613,20000608,0,0,0,"",2020,20211110
"Leiderdorp","H","01","Eenmanszaak","70221","Organisatie-adviesbureaus","","","","","N","N",0,0,20000613,20000601,20111017,0,0,"",0,0
"Nieuw-Amsterdam","N","41","Besloten vennootschap met gewone structuur","46311","Groothandel in groenten en fruit","","","","","N","N",19651216,19651216,20000606,19900528,0,0,19991231,"",2020,0
"Haaksbergen","H","41","Besloten vennootschap met gewone structuur","70102","Holdings (geen financiële)","","","","","","",20000531,20000531,20110713,20000531,20110713,0,0,"",2020,20210517
"Bilthoven","H","41","Besloten vennootschap met gewone structuur","70102","Holdings (geen financiële)","71111","Architecten","74201","Fotografie","","",20000531,20000531,20000608,20000531,20051001,0,0,"",2018,20200319
"Bilthoven","H","41","Besloten vennootschap met gewone structuur","74201","Fotografie","","","","","","",20000531,20000531,20000609,20000531,20050912,0,0,"",2018,20200319
"Haaksbergen","H","41","Besloten vennootschap met gewone structuur","74201","Fotografie","","","","","","",20000531,20000531,20110921,20000531,20110921,0,0,"",2020,20210517
"Amersfoort","","74","Stichting","94997","Overige belangenbehartiging (rest)","","","","","","",20000524,20000524,0,0,0,0,0,"",0,0
"De Bilt","H","01","Eenmanszaak","86913","Praktijken van psychotherapeuten/-logen","","","","","","",0,0,20000609,20000403,0,0,0,"",0,0
"Hollandsche Rading","","74","Stichting","91021","Musea","","","","","","",20000529,20000529,0,0,0,0,0,"",0,0
"Baarn","H","01","Eenmanszaak","7112","Ingenieurs/overig techn. ontwerp/advies","","","","","","",0,0,20080226,20000614,20080226,0,0,"",0,0
"Heiloo","H","41","Besloten vennootschap met gewone structuur","6622","Assurantietussenpersonen","","","","","","",20050901,20050901,20210106,20000601,20210102,0,20050901,"",2020,20210203
"Aalsmeer","H","41","Besloten vennootschap met gewone structuur","70102","Holdings (geen financiële)","","","","","","",20000531,20000531,20210123,20000531,20210101,0,0,"",2019,20201106
"Utrecht","","71","Vereniging met volledige rechtsbevoegdheid","93142","Zaalsport in teamverband","","","","","","",20000609,20000609,0,0,0,0,0,"",0,0
"Abcoude","H","41","Besloten vennootschap met gewone structuur","01309","Teelt overige sierplanten in volle grond","4622","Groothandel in bloemen en planten","","","J","J",20000525,20000525,20000609,19930921,0,0,20000525,"",2019,20201022
"Neede","","74","Stichting","8541","Niet-universitair hoger onderwijs","","","","","","",20000609,20000609,0,0,0,0,0,"",0,0
"Zeist","H","41","Besloten vennootschap met gewone structuur","6420","Financiële holdings","","","","","","",20000816,20000816,20000613,20000501,20161214,0,20000816,"",2020,20211013
"Utrecht","H","11","Vennootschap onder firma","7311","Reclamebureaus","","","","","","",20000601,0,20000601,20000601,0,0,0,"",0,0
"Geldermalsen","H","41","Besloten vennootschap met gewone structuur","6209","Ov. dienstv. act. ohgv informatietechn.","85592","Bedrijfsopleiding en -training","78202","Uitleenbureaus","N","N",20001213,20001213,20170907,20000601,20080623,0,20001213,"",2021,20220525
"Utrecht","H","01","Eenmanszaak","5920","Maken en uitgeven van geluidsopnamen","","","","","","",0,0,20000613,20000613,0,0,0,"",0,0
"Bodegraven","H","41","Besloten vennootschap met gewone structuur","70102","Holdings (geen financiële)","","","","","","",20000531,20000531,20061128,20000531,20060601,0,0,"",2016,20170726
"Waarder","H","41","Besloten vennootschap met gewone structuur","77299","Verh. overige consumentenartikelen","","","","","","",20000531,20000531,20030506,20000531,20030401,0,0,"",2020,20220128
"Utrecht","H","41","Besloten vennootschap met gewone structuur","7112","Ingenieurs/overig techn. ontwerp/advies","","","","","","",20051223,20051223,20000613,20000613,20070226,0,20051223,"",2021,20220325
"Vlijmen","H","41","Besloten vennootschap met gewone structuur","70222","Advisering ohgv management/bedrijfsv.","","","","","N","N",20000607,20000607,20050210,20000607,20050118,0,0,"",2021,20220422
"Bilthoven","H","41","Besloten vennootschap met gewone structuur","6420","Financiële holdings","","","","","","",20000607,20000607,20000613,20000607,20060524,0,0,"",2020,20211104
"Best","H","41","Besloten vennootschap met gewone structuur","6312","Webportals","","","","","","",20000621,20000621,20000906,20000601,20111101,0,20000621,"",2020,20220114
"Zwolle","H","01","Eenmanszaak","69203","Boekhoudkantoren","","","","","","",0,0,20030102,20000401,20130401,0,0,"",0,0
"Soest","H","41","Besloten vennootschap met gewone structuur","6190","Overige telecommunicatie","4321","Elektrotechnische bouwinstallatie","","","J","J",20000526,20000526,20000608,20000526,20220223,0,0,"",2020,20211106
"Woudenberg","H","41","Besloten vennootschap met gewone structuur","6420","Financiële holdings","","","","","","",20000526,20000526,20000608,20000526,0,0,0,"",2020,20211116
"Hilversum","H","41","Besloten vennootschap met gewone structuur","6110","Draadgebonden telecommunicatie","86913","Praktijken van psychotherapeuten/-logen","","","","",20000719,20000719,20050923,20000601,20150301,0,20000719,"",2021,20220408
"Leusden","H","01","Eenmanszaak","4765","Winkels in speelgoed","","","","","","",0,0,20000609,20000609,0,0,0,"",0,0
"Woudenberg","H","01","Eenmanszaak","4120","Algemene burgerlijke en utiliteitsbouw","","","","","N","N",0,0,20000609,20000609,20190210,0,0,"",0,0
"Twello","H","41","Besloten vennootschap met gewone structuur","69101","Advocatenkantoren, bewindv. en curatoren","","","","","N","N",20000531,20000531,20020515,20000531,20220214,0,0,"",2020,20220120
"Huizen","","71","Vereniging met volledige rechtsbevoegdheid","9002","Dienstverlening voor uitvoerende kunst","","","","","","",20000511,20000511,0,0,0,0,0,"",0,0
"Huizen","H","01","Eenmanszaak","4334","Schilderen en glaszetten","","","","","N","N",0,0,20000609,20000617,0,0,0,"",0,0
"Nijkerk","H","41","Besloten vennootschap met gewone structuur","6420","Financiële holdings","","","","","","",20000530,20000530,20000609,20000530,0,0,0,"",2019,20210302
"Leerdam","H","41","Besloten vennootschap met gewone structuur","1813","Prepress- en premedia-activiteiten","","","","","","",20000529,20000529,20030516,19871101,20201230,0,20000529,"",2020,20211118
"Laren","H","01","Eenmanszaak","6201","Ontwikkelen/produceren/uitgeven software","","","","","","",0,0,20000613,20000615,20100414,0,0,"",0,0
"IJmuiden","N","41","Besloten vennootschap met gewone structuur","52109","Opslag in distr.centra en overige opslag","","","","","N","N",19721228,19721228,20000609,19920101,0,0,0,"",2020,20210805
"Rotterdam","N","11","Vennootschap onder firma","46901","Niet-gespec. GH in consumentenartikelen","47789","Winkels gespec. in overige art. (rest)","","","J","J",20080513,0,20000613,20000610,20130502,0,20080513,"",0,0
"Amstelveen","H","41","Besloten vennootschap met gewone structuur","46499","GH ov. consumentenart. (non-food) (rest)","74103","Interieur- en ruimtelijk ontwerp","70102","Holdings (geen financiële)","J","J",20000519,20000519,20110816,20000519,20110523,0,0,"",2021,20220405
"Amsterdam","H","41","Besloten vennootschap met gewone structuur","6420","Financiële holdings","","","","","N","N",20000529,20000529,20000609,20000529,20210121,0,0,"",2020,20220414
"Amsterdam","H","41","Besloten vennootschap met gewone structuur","6420","Financiële holdings","","","","","N","N",20000428,20000428,20000609,20000428,20180312,0,0,"",2020,20210415
"Hilversum","H","41","Besloten vennootschap met gewone structuur","59112","Productie van televisieprogramma's","6420","Financiële holdings","","","N","N",20000530,20000530,20050105,20000530,20090703,0,0,"",2020,20211105
"Haarlem","H","41","Besloten vennootschap met gewone structuur","64303","Beleggingsinst. met beperkte toetreding","","","","","N","N",20000714,20000714,20000613,20000101,20140101,0,20000714,"",2020,20211105
"Amsterdam","H","41","Besloten vennootschap met gewone structuur","69101","Advocatenkantoren, bewindv. en curatoren","","","","","N","N",20000531,20000531,20000613,20000531,20000531,0,0,"",2021,20220131
"Huizen","H","41","Besloten vennootschap met gewone structuur","6420","Financiële holdings","","","","","N","N",20000814,20000814,20120718,20000501,20140519,0,20000814,"",2020,20220601
"Amstelveen","H","41","Besloten vennootschap met gewone structuur","70221","Organisatie-adviesbureaus","","","","","N","N",20000530,20000530,20000608,20000101,20210509,0,20000530,"",2017,20190117
"Amsterdam","H","41","Besloten vennootschap met gewone structuur","6831","Bemidd. bij handel/huur/verhuur onr.goed","","","","","N","N",20000530,20000530,20000613,20000530,20160101,0,0,"",2020,20211101
"Amsterdam","H","41","Besloten vennootschap met gewone structuur","68204","Verh. onroerend goed (niet v woonruimte)","6810","Handel in eigen onroerend goed","","","N","N",20000530,20000530,20000613,20000530,20200525,0,0,"",2020,20211220
"Hilversum","H","41","Besloten vennootschap met gewone structuur","6831","Bemidd. bij handel/huur/verhuur onr.goed","6832","Beheer van onroerend goed","","","N","N",20000530,20000530,20031002,20000530,20190501,0,0,"",2020,20211013
"Wervershoof","H","01","Eenmanszaak","3109","Vervaardiging van overige meubels","","","","","N","N",0,0,20060324,20000501,20060321,0,0,"",0,0
"De Kwakel","","71","Vereniging met volledige rechtsbevoegdheid","9411","Bedrijfs- en werkgeversorganisaties","","","","","","",20000530,20000530,0,0,0,0,0,"",0,0
"Amsterdam","H","41","Besloten vennootschap met gewone structuur","70102","Holdings (geen financiële)","","","","","N","N",20061030,20061030,20000609,20000601,20091001,0,20061030,"",2020,20211207
"Nieuw-Vennep","H","01","Eenmanszaak","6201","Ontwikkelen/produceren/uitgeven software","4651","GH computers, randapparatuur en software","","","N","N",0,0,20000609,20000530,20050801,0,0,"",0,0
"Amsterdam","H","01","Eenmanszaak","6209","Ov. dienstv. act. ohgv informatietechn.","","","","","N","N",0,0,20000609,20000609,20070713,0,0,"",0,0
"Bergen (NH)","H","01","Eenmanszaak","6201","Ontwikkelen/produceren/uitgeven software","","","","","N","N",0,0,20200313,20000609,20200213,0,0,"",0,0
"Haarlem","H","41","Besloten vennootschap met gewone structuur","6420","Financiële holdings","","","","","N","N",20000606,20000606,20000609,20000606,20211001,0,0,"",2020,20210707
"Amsterdam","H","41","Besloten vennootschap met gewone structuur","5030","Binnenvaart (passagiersvaart/veerd.)","","","","","N","N",20000904,20000904,20000609,20000601,20141001,0,20000904,"",2020,20211019
"Breda","H","41","Besloten vennootschap met gewone structuur","9002","Dienstverlening voor uitvoerende kunst","93299","Ov. recreatie (rest)(geen jachthavens)","","","N","N",20000531,20000531,20200309,20000531,20200915,0,0,"",2020,20220216
"Amsterdam","H","01","Eenmanszaak","7311","Reclamebureaus","","","","","N","N",0,0,20000609,20000609,20130101,0,0,"",0,0
"Amsterdam","","74","Stichting","94994","Vriendenkringen ohgv cultuur / fanclubs","","","","","","",20000525,20000525,0,0,0,0,0,"",0,0
"Amsterdam","H","41","Besloten vennootschap met gewone structuur","6420","Financiële holdings","","","","","N","N",20000816,20000816,20000613,20000601,20170301,0,20000816,"",2019,20210816
"Amsterdam","H","41","Besloten vennootschap met gewone structuur","6420","Financiële holdings","","","","","N","N",20000816,20000816,20000613,20000601,20120201,0,20000816,"",2021,20220528
"Amsterdam","H","41","Besloten vennootschap met gewone structuur","6420","Financiële holdings","","","","","N","N",20000816,20000816,20000613,20000601,20170301,0,20000816,"",2019,20210814
"Amsterdam","H","01","Eenmanszaak","6202","Advisering ohgv informatietechnologie","70221","Organisatie-adviesbureaus","","","N","N",0,0,20151030,20000501,20151029,0,0,"",0,0
"Haarlem","H","01","Eenmanszaak","7430","Vertalers en tolken","","","","","N","N",0,0,20000613,20000601,0,0,0,"",0,0
"Naarden","H","41","Besloten vennootschap met gewone structuur","70221","Organisatie-adviesbureaus","47999","DH via overige distributievormen","","","N","N",20000711,20000711,20060717,20000601,20170907,0,20000711,"",2020,20210902
"Amsterdam","H","01","Eenmanszaak","96021","Haarverzorging","","","","","N","N",0,0,20000613,19970901,0,0,20080201,"",0,0
"Weteringbrug","H","41","Besloten vennootschap met gewone structuur","6420","Financiële holdings","","","","","N","N",20000531,20000531,20000613,20000531,0,0,0,"",2020,20220126
"Amstelveen","H","01","Eenmanszaak","7112","Ingenieurs/overig techn. ontwerp/advies","","","","","N","N",0,0,20000613,20000609,20110221,0,20020320,"",0,0
"Haarlem","H","41","Besloten vennootschap met gewone structuur","6420","Financiële holdings","","","","","N","N",20000530,20000530,20000613,20000530,20210901,0,0,"",2020,20210714
"Overveen","H","01","Eenmanszaak","7021","Adviesbureaus publ. relations en comm.","7912","Reisorganisatie","","","N","N",0,0,20000613,20000613,20190612,0,0,"",0,0
"Haarlem","H","41","Besloten vennootschap met gewone structuur","6420","Financiële holdings","","","","","N","N",20000530,20000530,20180515,20000530,20180515,0,0,"",2008,20101130
"De Kwakel","H","01","Eenmanszaak","4120","Algemene burgerlijke en utiliteitsbouw","4333","Afwerking van vloeren en wanden","47526","Winkels in parket-/laminaat-/kurkvloeren","N","N",0,0,20201027,20000619,20201018,0,0,"",0,0
"Amsterdam","H","11","Vennootschap onder firma","5920","Maken en uitgeven van geluidsopnamen","7021","Adviesbureaus publ. relations en comm.","6201","Ontwikkelen/produceren/uitgeven software","N","N",20000613,0,20000613,20000613,0,0,0,"",0,0
"Kortenhoef","H","41","Besloten vennootschap met gewone structuur","6420","Financiële holdings","","","","","N","N",20040525,20040525,20021126,20000411,20161101,0,20040525,"",2018,20200420
"Amsterdam","H","41","Besloten vennootschap met gewone structuur","6420","Financiële holdings","","","","","N","N",20000609,20000609,20000613,20000609,20151214,0,0,"",2020,20220207
"Amsterdam","H","01","Eenmanszaak","4742","Winkels in telecommunicatieapparatuur","4741","Winkels in computers/randapp./software","9512","Reparatie van communicatieapparatuur","N","N",0,0,20000613,19991101,20170217,0,20021206,"",0,0
"Amsterdam","H","01","Eenmanszaak","46421","Groothandel in bovenkleding","46433","GH audio- en video-apparatuur","74103","Interieur- en ruimtelijk ontwerp","J","J",0,0,20000613,20000301,20190101,0,0,"",0,0
"Amsterdam","H","01","Eenmanszaak","9609","Overige dienstverlening (rest)","4120","Algemene burgerlijke en utiliteitsbouw","","","N","N",0,0,20000613,20000601,20040214,0,0,"",0,0
"Haarlem","H","01","Eenmanszaak","9002","Dienstverlening voor uitvoerende kunst","","","","","N","N",0,0,20000613,20000510,20210101,0,0,"",0,0
"Nieuw-Vennep","H","41","Besloten vennootschap met gewone structuur","8891","Kinderopvang","","","","","N","N",20030625,20030625,20000613,20000613,0,0,20030625,"",2020,20210417
"Heerhugowaard","N","41","Besloten vennootschap met gewone structuur","4730","Benzinestations","","","","","","",19950717,19950717,20000609,19721116,0,0,19990701,"",2020,0
"Oudkarspel","H","01","Eenmanszaak","7430","Vertalers en tolken","9003","Schrijven en overige scheppende kunst","","","","",0,0,20000607,20000401,20210930,0,0,"",0,0
"Egmond aan Zee","H","41","Besloten vennootschap met gewone structuur","86221","Praktijken medisch spec./med. dagbehand.","","","","","","",20000605,20000605,20000608,20000605,0,0,0,"",2020,20220215
"Limmen","H","41","Besloten vennootschap met gewone structuur","6420","Financiële holdings","","","","","","",20000526,20000526,20000608,20000526,0,0,0,"",2021,20220408
"Spierdijk","H","41","Besloten vennootschap met gewone structuur","6630","Vermogensbeheer","6420","Financiële holdings","","","","",20000530,20000530,20000609,20000530,20170101,0,0,"",2021,20220414
"Heerhugowaard","H","41","Besloten vennootschap met gewone structuur","69102","Rechtskundige adviesbureaus","","","","","","",20000531,20000531,20000609,20000531,0,0,0,"",2021,20220519
"Warder","H","41","Besloten vennootschap met gewone structuur","7311","Reclamebureaus","","","","","","",20000531,20000531,20000609,19870223,0,0,20000531,"",2013,20150831
"Alkmaar","H","41","Besloten vennootschap met gewone structuur","69103","Notariskantoren","","","","","N","N",20000531,20000531,20000609,20000531,20191105,0,0,"",2020,20210503
"Egmond-Binnen","H","41","Besloten vennootschap met gewone structuur","6420","Financiële holdings","","","","","N","N",20000530,20000530,20000609,20000530,20210910,0,0,"",2020,20210326
"Volendam","H","41","Besloten vennootschap met gewone structuur","4333","Afwerking van vloeren en wanden","","","","","","",20000530,20000530,20000609,19810902,20180802,0,20000530,"",2019,20201114
"Lelystad","","71","Vereniging met volledige rechtsbevoegdheid","64303","Beleggingsinst. met beperkte toetreding","","","","","","",20000530,20000530,0,0,0,0,0,"",0,0
"Almere","H","41","Besloten vennootschap met gewone structuur","64303","Beleggingsinst. met beperkte toetreding","","","","","N","N",20000530,20000530,20000609,20000530,20220105,0,0,"",2020,20210917
"Ophemert","H","41","Besloten vennootschap met gewone structuur","6420","Financiële holdings","","","","","","",20000922,20000922,20050520,20000501,20080120,0,20000922,"",2018,20190722
"Almere","H","41","Besloten vennootschap met gewone structuur","4120","Algemene burgerlijke en utiliteitsbouw","4332","Bouwtimmeren","","","","",20000703,20000703,20000613,20000601,20130311,0,20000703,"",2020,20210615
"Nij Beets","H","41","Besloten vennootschap met gewone structuur","46739","GH bouwmaterialen algemeen assortiment","","","","","","",20000531,20000531,20000608,20000531,0,0,0,"",2020,20210820
"De Wilgen","H","41","Besloten vennootschap met gewone structuur","70102","Holdings (geen financiële)","","","","","","",20000531,20000531,20000609,20000531,20100501,0,0,"",2020,20211123
"De Wilgen","H","41","Besloten vennootschap met gewone structuur","69201","Registeraccountants","","","","","","",20000529,20000529,20000609,20000529,20090901,0,0,"",2021,20220318
"Kootstertille","","74","Stichting","88993","Lokaal welzijnswerk","","","","","","",20000607,20000607,0,0,0,0,0,"",0,0
"Oudeschoot","H","41","Besloten vennootschap met gewone structuur","70102","Holdings (geen financiële)","","","","","","",20000605,20000605,20000609,20000605,20070118,0,0,"",2020,20211014
"Wijnjewoude","H","01","Eenmanszaak","8130","Landschapsverzorging","","","","","","",0,0,20000609,20000525,20041015,0,0,"",0,0
"Maarssen","H","41","Besloten vennootschap met gewone structuur","6201","Ontwikkelen/produceren/uitgeven software","70221","Organisatie-adviesbureaus","","","N","N",20040115,20040115,20020806,20000601,20020724,0,20040115,"",2019,20200815
"Kornhorn","H","01","Eenmanszaak","45204","Carrosserieherstel","","","","","N","N",0,0,20000614,20000613,0,0,0,"",0,0
"Dwingeloo","H","11","Vennootschap onder firma","01305","Teelt boomkwekerijgewassen volle grond","","","","","","",20000311,0,20000614,20000311,0,0,0,"",0,0
"Apeldoorn","H","01","Eenmanszaak","43999","Overige gespec. werkz. in de bouw (rest)","","","","","N","N",0,0,20000613,20000619,0,0,0,"",0,0
"Zutphen","H","41","Besloten vennootschap met gewone structuur","64302","Beleggingsinstellingen in vaste activa","","","","","N","N",20000531,20000531,20000613,20000531,20000926,0,0,"",2021,20220321
"Beltrum","H","41","Besloten vennootschap met gewone structuur","64302","Beleggingsinstellingen in vaste activa","","","","","N","N",20000608,20000608,20071222,20000608,20111101,0,0,"",2019,20201217
"Zutphen","H","41","Besloten vennootschap met gewone structuur","56101","Restaurants","","","","","N","N",20070418,20070418,20000613,19811229,0,0,20070418,"",2021,20220407
"Sleen","H","41","Besloten vennootschap met gewone structuur","6420","Financiële holdings","","","","","N","N",20000530,20000530,20010313,20000530,20150504,0,0,"",2020,20220413
"Ermelo","H","01","Eenmanszaak","8130","Landschapsverzorging","4120","Algemene burgerlijke en utiliteitsbouw","","","N","N",0,0,20000613,20000529,20060101,0,20020102,"",0,0
"Apeldoorn","H","41","Besloten vennootschap met gewone structuur","52102","Opslag in koelhuizen e.d.","","","","","N","N",20000531,20000531,20000613,20000531,0,0,0,"",2020,20210825
"Oldenzaal","H","11","Vennootschap onder firma","7311","Reclamebureaus","6311","Gegevensverw./webhosting/aanverw. activ.","6201","Ontwikkelen/produceren/uitgeven software","N","N",20000601,0,20000614,20000601,0,0,0,"",0,0
"Raalte","H","41","Besloten vennootschap met gewone structuur","70102","Holdings (geen financiële)","6311","Gegevensverw./webhosting/aanverw. activ.","","","N","N",20000809,20000809,20041007,20000101,20130923,0,20000809,"",2020,20210629
"Eefde","H","41","Besloten vennootschap met gewone structuur","6420","Financiële holdings","64303","Beleggingsinst. met beperkte toetreding","","","N","N",20000711,20000711,20000614,20000614,0,0,20000711,"",2019,20210826
"Enter","H","11","Vennootschap onder firma","56101","Restaurants","91041","Dieren-/plantentuinen, kinderboerderijen","55201","Verh. vakantiehuisjes en appartementen","N","N",20000615,0,20000614,20000615,20140317,0,0,"",0,0
"Bemmel","N","41","Besloten vennootschap met gewone structuur","47713","Winkels in bovenkleding/mode-artikelen","","","","","","",20080530,20080530,20000614,20000401,20210507,0,20080101,"",2020,20211104
"Malden","H","41","Besloten vennootschap met gewone structuur","70102","Holdings (geen financiële)","","","","","","",20000526,20000526,20000609,20000526,20090417,0,0,"",2020,20220614
"Lemmer","H","41","Besloten vennootschap met gewone structuur","68204","Verh. onroerend goed (niet v woonruimte)","","","","","","",20000531,20000531,20210107,19740625,20220215,0,20000531,"",2018,20200419
"Gendt","H","41","Besloten vennootschap met gewone structuur","43222","Inst. verwarmings-/luchtbehandelingsapp.","4321","Elektrotechnische bouwinstallatie","","","","",20000531,20000531,20000609,19860415,0,0,20000531,"",2020,20210928
"West-Graftdijk","H","41","Besloten vennootschap met gewone structuur","55201","Verh. vakantiehuisjes en appartementen","7911","Reisbemiddeling","","","N","N",20000609,20000609,20181024,20000609,20181019,0,0,"",2021,0
"Wijchen","H","41","Besloten vennootschap met gewone structuur","64303","Beleggingsinst. met beperkte toetreding","","","","","","",20000531,20000531,20000613,20000531,0,0,0,"",2020,20210714
"Niftrik","","71","Vereniging met volledige rechtsbevoegdheid","94997","Overige belangenbehartiging (rest)","","","","","","",20000607,20000607,0,0,0,0,0,"",0,0
"Westervoort","","74","Stichting","88999","Overig maatsch.adv./gemeenschapshuizen","","","","","","",20000609,20000609,0,0,0,0,0,"",0,0
"Dieren","H","01","Eenmanszaak","0121","Teelt van druiven","8720","Huizen/dagverbl. verstandelijk gehand.","56101","Restaurants","N","N",0,0,20000614,20000614,20170406,0,0,"",0,0
"Zelhem","","71","Vereniging met volledige rechtsbevoegdheid","94991","Gezelligheidsverenigingen","","","","","","",19860800,0,0,0,0,0,0,"",0,0
"De Rijp","","74","Stichting","94993","Steunfondsen (niet ohgv welzijnszorg)","","","","","","",20000609,20000609,0,0,0,0,0,"",0,0
"Geldermalsen","H","01","Eenmanszaak","8130","Landschapsverzorging","","","","","","",0,0,20000614,20000615,20040519,0,0,"",0,0
"Lexmond","","74","Stichting","94996","Overige ideële organisaties (rest)","","","","","","",20000516,20000516,0,0,0,0,0,"",0,0
"Herwijnen","H","41","Besloten vennootschap met gewone structuur","64301","Beleggingsinstell. in financiële activa","64303","Beleggingsinst. met beperkte toetreding","","","","",20000613,20000613,20000614,20000613,20080901,0,0,"",2021,20220426
"Kesteren","H","41","Besloten vennootschap met gewone structuur","6420","Financiële holdings","","","","","","",20000608,20000608,20000614,20000608,0,0,0,"",2020,20211214
"Culemborg","H","01","Eenmanszaak","85522","Kunstzinnige vorming voor amateurs","47918","Internethandel overige non-food","47914","Internethandel kleding, mode-artikelen","","",0,0,20170118,20000614,20161201,0,0,"",0,0
"Schiedam","H","41","Besloten vennootschap met gewone structuur","46499","GH ov. consumentenart. (non-food) (rest)","6420","Financiële holdings","","","","",20000525,20000525,20100512,20000101,20100401,0,20000525,"",2021,20220506
"Well L","H","41","Besloten vennootschap met gewone structuur","6420","Financiële holdings","","","","","N","N",20061127,20061127,20000613,20000101,20070801,0,20061127,"",2020,20220315
"Venlo","H","41","Besloten vennootschap met gewone structuur","6420","Financiële holdings","","","","","N","N",20000530,20000530,20000614,20000530,20201213,0,0,"",2020,20220614
"Eindhoven","H","01","Eenmanszaak","70221","Organisatie-adviesbureaus","85592","Bedrijfsopleiding en -training","70222","Advisering ohgv management/bedrijfsv.","N","N",0,0,20160216,20000615,20160202,0,0,"",0,0
"Stevensweert","","71","Vereniging met volledige rechtsbevoegdheid","94997","Overige belangenbehartiging (rest)","","","","","","",20000522,20000522,0,0,0,0,0,"",0,0
"Weert","H","01","Eenmanszaak","45205","Overige gespec. reparatie/slepen auto's","","","","","N","N",0,0,20000614,20000614,20070424,0,20070424,"",0,0
"Sittard","","41","Besloten vennootschap met gewone structuur","","","","","","","","",19900914,19900914,0,0,0,0,0,"F",1998,20000131
"Maastricht","H","41","Besloten vennootschap met gewone structuur","64303","Beleggingsinst. met beperkte toetreding","","","","","","",20000419,20000419,20000608,20000419,20200411,0,0,"",2019,20210415
"Puth","","74","Stichting","5630","Cafés","","","","","","",20000531,20000531,0,0,0,0,0,"",0,0
"Heerlen","","74","Stichting","94991","Gezelligheidsverenigingen","","","","","","",20000530,20000530,0,0,0,0,0,"",0,0
"Oss","H","41","Besloten vennootschap met gewone structuur","4321","Elektrotechnische bouwinstallatie","","","","","","",20000531,20000531,20000609,19890530,20211115,0,20000531,"",2020,20210728
"Elshout","H","41","Besloten vennootschap met gewone structuur","6420","Financiële holdings","","","","","","",20000517,20000517,20000609,20000517,20180603,0,0,"",2019,20201201
"Tilburg","H","41","Besloten vennootschap met gewone structuur","70221","Organisatie-adviesbureaus","","","","","","",20000526,20000526,20000608,20000526,20110701,0,0,"",2020,20210624
"Oss","H","41","Besloten vennootschap met gewone structuur","6420","Financiële holdings","","","","","N","N",20000606,20000606,20000608,20000606,20180122,0,0,"",2020,20210525
"'s-Hertogenbosch","H","41","Besloten vennootschap met gewone structuur","69101","Advocatenkantoren, bewindv. en curatoren","","","","","N","N",20000531,20000531,20000608,20000531,20050630,0,0,"",2019,20210805
"Veldhoven","H","41","Besloten vennootschap met gewone structuur","6420","Financiële holdings","","","","","","",20000531,20000531,20000608,20000531,20121119,0,0,"",2020,20210910
"'s-Hertogenbosch","H","41","Besloten vennootschap met gewone structuur","46751","GH chem.grondst./chemicaliën ind.toep.","","","","","","",20000927,20000927,20021031,20000606,20210518,0,20000927,"",2015,20170118
"Eindhoven","","71","Vereniging met volledige rechtsbevoegdheid","94997","Overige belangenbehartiging (rest)","","","","","","",20000414,20000414,0,0,0,0,0,"",0,0
"Uden","H","41","Besloten vennootschap met gewone structuur","64301","Beleggingsinstell. in financiële activa","","","","","N","N",20000531,20000531,20000609,20000531,20190912,0,0,"",2021,20220412
"Eindhoven","H","41","Besloten vennootschap met gewone structuur","6420","Financiële holdings","","","","","N","N",20000531,20000531,20000609,20000531,0,0,0,"",2019,20201005
"Gemonde","H","11","Vennootschap onder firma","0143","Fokken en houden van paarden en ezels","9609","Overige dienstverlening (rest)","01462","Vleesvarkensbedrijven","","",20000401,0,20000609,20000401,20210115,0,0,"",0,0
"Eindhoven","","71","Vereniging met volledige rechtsbevoegdheid","94997","Overige belangenbehartiging (rest)","","","","","","",20000529,20000529,0,0,0,0,0,"",0,0
"Haaren","H","41","Besloten vennootschap met gewone structuur","6420","Financiële holdings","","","","","N","J",20000329,20000329,20000613,20000329,0,0,0,"",2020,20210507
"Heusden","H","41","Besloten vennootschap met gewone structuur","91042","Natuurbehoud","","","","","","",20000531,20000531,20101001,20000531,20100916,0,0,"",2017,20180702
"'s-Gravenhage","H","01","Eenmanszaak","93299","Ov. recreatie (rest)(geen jachthavens)","","","","","","",0,0,20201208,20000619,20211018,0,0,"",0,0
"Best","","74","Stichting","88999","Overig maatsch.adv./gemeenschapshuizen","","","","","","",20000529,20000529,0,0,0,0,0,"",0,0
"Son en Breugel","H","01","Eenmanszaak","6201","Ontwikkelen/produceren/uitgeven software","85592","Bedrijfsopleiding en -training","","","","",0,0,20000614,20000601,20020528,0,0,"",0,0
"Rotterdam","H","41","Besloten vennootschap met gewone structuur","78201","Uitzendbureaus","70102","Holdings (geen financiële)","","","","",20000531,20000531,20210208,19980101,20210201,0,20000531,"",2020,20211007
"Tilburg","H","11","Vennootschap onder firma","56102","Fastfoodrest, cafet, ijssal, eetkr e.d.","","","","","N","N",20021101,0,20000614,20000614,0,0,20021101,"",0,0
"Ulicoten","H","41","Besloten vennootschap met gewone structuur","70222","Advisering ohgv management/bedrijfsv.","","","","","","",20000531,20000531,20000614,20000531,20190923,0,0,"",2020,20211010
"Ede","H","41","Besloten vennootschap met gewone structuur","6420","Financiële holdings","","","","","","",20000531,20000531,20161205,20000531,20180401,0,0,"",2020,20211227
"Amsterdam","H","41","Besloten vennootschap met gewone structuur","70221","Organisatie-adviesbureaus","","","","","","",20000530,20000530,20131105,20000529,20170606,0,0,"",2020,20210317
"Hoeven","","71","Vereniging met volledige rechtsbevoegdheid","90011","Beoefening van podiumkunst","","","","","","",20000530,20000530,0,0,0,0,0,"",0,0
"Heijningen","","71","Vereniging met volledige rechtsbevoegdheid","94992","Hobbyclubs","","","","","","",19350504,20000608,0,0,0,0,0,"",0,0
"Breda","H","41","Besloten vennootschap met gewone structuur","6612","Commissionairs/makelaars in effecten ed","","","","","","",20000530,20000530,20000614,20000530,20080601,0,0,"",2020,20211219
"Etten-Leur","H","41","Besloten vennootschap met gewone structuur","46751","GH chem.grondst./chemicaliën ind.toep.","","","","","J","",20000525,20000525,20000614,19930101,20210701,0,20000525,"",2021,20220530
"St. Willebrord","H","01","Eenmanszaak","96022","Schoonheidsverzorging/pedi-/manicures","","","","","","",0,0,20000614,20000601,20040823,0,0,"",0,0
"Etten-Leur","H","41","Besloten vennootschap met gewone structuur","4110","Projectontwikkeling","","","","","","",20000524,20000524,20000614,20000524,0,0,0,"",2020,20210429
"Breda","H","41","Besloten vennootschap met gewone structuur","1392","Verv. geconfectioneerde art. van textiel","46696","Groothandel in emballage","77299","Verh. overige consumentenartikelen","","",20000531,20000531,20000614,20000531,0,0,0,"",2020,20210505
"Breda","H","41","Besloten vennootschap met gewone structuur","2630","Vervaardiging van communicatieapparatuur","78202","Uitleenbureaus","","","J","J",20000525,20000525,20000614,20000525,20150223,0,0,"",2020,20211223
"Oosterhout","H","94","Buitenl. EG-venn. met onderneming in Nederland","4941","Goederenvervoer over weg (geen verhuiz.)","52242","Laad-/los-/oversl.ac. niet voor zeevaart","6420","Financiële holdings","N","N",0,0,20000614,20000101,0,0,0,"",0,0
"Teteringen","H","01","Eenmanszaak","4332","Bouwtimmeren","","","","","N","N",0,0,20000614,20000617,20060101,0,0,"",0,0
"Kruiningen","H","41","Besloten vennootschap met gewone structuur","6420","Financiële holdings","","","","","N","N",20000530,20000530,20000614,20000101,20150722,0,0,"",2020,20210724
"Sint-Annaland","H","41","Besloten vennootschap met gewone structuur","6420","Financiële holdings","","","","","N","N",20000531,20000531,20000614,20000531,20160816,0,0,"",2021,20220329
"Sint-Annaland","H","41","Besloten vennootschap met gewone structuur","6420","Financiële holdings","","","","","N","N",20000531,20000531,20000614,20000531,20210720,0,0,"",2020,20220505
"Nieuwleusen","N","42","Besloten vennootschap blijkens statuten structuurvennootschap","46739","GH bouwmaterialen algemeen assortiment","","","","","N","N",19721220,19721220,20000613,19170118,0,0,19981230,"",2022,0
"Raalte","N","42","Besloten vennootschap blijkens statuten structuurvennootschap","46739","GH bouwmaterialen algemeen assortiment","","","","","N","N",19721220,19721220,20000613,19970415,0,0,19981230,"",2022,0
"Oldenzaal","N","42","Besloten vennootschap blijkens statuten structuurvennootschap","46739","GH bouwmaterialen algemeen assortiment","","","","","N","N",19721220,19721220,20000613,19330502,20080801,0,19981230,"",2022,0
"Goor","N","42","Besloten vennootschap blijkens statuten structuurvennootschap","46739","GH bouwmaterialen algemeen assortiment","","","","","N","N",19721220,19721220,20000613,19180101,0,0,19981230,"",2022,0
"Hengelo","N","42","Besloten vennootschap blijkens statuten structuurvennootschap","46739","GH bouwmaterialen algemeen assortiment","","","","","N","N",19721220,19721220,20000613,19221212,0,0,19981230,"",2022,0
"Almelo","H","11","Vennootschap onder firma","90013","Circus en variété","","","","","N","N",20080101,0,20140203,20000615,20140201,0,20080101,"",0,0
"Rotterdam","H","01","Eenmanszaak","4321","Elektrotechnische bouwinstallatie","","","","","N","N",0,0,20000614,20000614,0,0,0,"",0,0
"Dieren","H","01","Eenmanszaak","70221","Organisatie-adviesbureaus","85599","Studiebegeleiding/vorming/onderwijs","8560","Dienstverlening voor het onderwijs","N","N",0,0,20200720,20000621,20200529,0,0,"",0,0
"Rotterdam","","74","Stichting","90011","Beoefening van podiumkunst","","","","","","",20000529,20000529,0,0,0,0,0,"",0,0
"Hilversum","H","41","Besloten vennootschap met gewone structuur","6201","Ontwikkelen/produceren/uitgeven software","","","","","N","N",20010608,20010608,20041115,20000614,20041110,0,20010608,"",2020,20220103
"Rotterdam","","74","Stichting","94997","Overige belangenbehartiging (rest)","","","","","","",20000526,20000526,0,0,0,0,0,"",0,0
"Barendrecht","H","41","Besloten vennootschap met gewone structuur","78201","Uitzendbureaus","7830","Payrolling (personeelsbeheer)","","","N","N",20040217,20040217,20000614,20000401,20060428,0,20040217,"",2021,20220522
"Gouda","H","01","Eenmanszaak","55201","Verh. vakantiehuisjes en appartementen","","","","","N","N",0,0,20000614,20000401,20110407,0,0,"",0,0
"Vroomshoop","H","41","Besloten vennootschap met gewone structuur","6420","Financiële holdings","","","","","N","N",20000608,20000608,20130814,20000608,20130801,0,0,"",2020,20211126
"Ridderkerk","H","01","Eenmanszaak","4391","Dakdekken en bouwen van dakconstructies","","","","","N","N",0,0,20000614,20000621,0,0,20021118,"",0,0
"Haastrecht","H","41","Besloten vennootschap met gewone structuur","6420","Financiële holdings","7021","Adviesbureaus publ. relations en comm.","","","N","N",20000608,20000608,20000614,20000608,0,0,0,"",2020,20220101
"Gouda","H","11","Vennootschap onder firma","85599","Studiebegeleiding/vorming/onderwijs","47999","DH via overige distributievormen","","","J","J",20050101,0,20000614,20000601,20091228,0,20050101,"",0,0
"Zoetermeer","H","41","Besloten vennootschap met gewone structuur","4651","GH computers, randapparatuur en software","6201","Ontwikkelen/produceren/uitgeven software","","","N","N",20000714,20000714,20000613,19950830,20220118,0,20000714,"",2020,20211007
"'s-Gravenhage","","71","Vereniging met volledige rechtsbevoegdheid","88993","Lokaal welzijnswerk","","","","","","",20000531,20000531,0,0,0,0,0,"",0,0
"'s-Gravenhage","H","41","Besloten vennootschap met gewone structuur","6622","Assurantietussenpersonen","6831","Bemidd. bij handel/huur/verhuur onr.goed","","","N","N",20000530,20000530,20000613,20000530,20130530,0,0,"",2020,20220510
"'s-Gravenhage","H","41","Besloten vennootschap met gewone structuur","2442","Vervaardiging van aluminium","72193","Speur-/ontw.werk ohgv gezondh./voeding","","","J","J",20000608,20000608,20000613,20000608,20160415,0,0,"",2020,20210412
"Maasdijk","H","01","Eenmanszaak","0161","Dienstverl. akker- en/of tuinbouw","","","","","N","N",0,0,20000614,20000601,0,0,0,"",0,0
"'s-Gravenhage","H","01","Eenmanszaak","4120","Algemene burgerlijke en utiliteitsbouw","","","","","N","N",0,0,20000614,20000614,20200101,0,0,"",0,0
"'s-Gravenhage","H","01","Eenmanszaak","70222","Advisering ohgv management/bedrijfsv.","","","","","J","J",0,0,20000614,20000621,0,0,0,"",0,0
"Lisse","H","41","Besloten vennootschap met gewone structuur","6420","Financiële holdings","4334","Schilderen en glaszetten","","","N","N",20000530,20000530,20000613,20000530,20010219,0,0,"",2020,20211223
"Noordwijkerhout","H","41","Besloten vennootschap met gewone structuur","6420","Financiële holdings","","","","","N","N",20000526,20000526,20000613,20000526,0,0,0,"",2020,20220103
"Amsterdam-Duivendrecht","H","41","Besloten vennootschap met gewone structuur","4652","GH elektronische/telecommunicatieapp.","7112","Ingenieurs/overig techn. ontwerp/advies","","","N","J",20000804,20000804,20010712,20000613,20150309,0,20000804,"",2021,20220604
"Utrecht","H","11","Vennootschap onder firma","7311","Reclamebureaus","","","","","N","N",20010401,0,20031020,20000614,20070731,0,20010401,"",0,0
"'s-Gravenzande","H","41","Besloten vennootschap met gewone structuur","6420","Financiële holdings","68203","Verhuur van overige woonruimte","68204","Verh. onroerend goed (niet v woonruimte)","N","N",20000724,20000724,20180716,20000614,20220210,0,20000724,"",2003,20041222
"Nieuwegein","H","01","Eenmanszaak","45205","Overige gespec. reparatie/slepen auto's","4120","Algemene burgerlijke en utiliteitsbouw","","","","",0,0,20000614,20000622,20061004,0,0,"",0,0
"Zeist","H","41","Besloten vennootschap met gewone structuur","66191","Admin.kantoren voor aandelen/obligaties","","","","","","",20000509,20000509,20000614,20000509,0,0,0,"",2020,20210311
"De Meern","","71","Vereniging met volledige rechtsbevoegdheid","94997","Overige belangenbehartiging (rest)","","","","","","",20000614,20000614,0,0,0,0,0,"",0,0
"Veenendaal","H","01","Eenmanszaak","4331","Stukadoren","","","","","","",0,0,20140716,20000101,20191014,0,0,"",0,0
"Ede","H","41","Besloten vennootschap met gewone structuur","6420","Financiële holdings","","","","","N","N",20000526,20000526,20070424,20000526,20170901,0,0,"",2020,20220614
"Baarn","H","41","Besloten vennootschap met gewone structuur","70221","Organisatie-adviesbureaus","","","","","","",20000811,20000811,20000613,20000601,20130901,0,20000811,"",2020,20211202
"Huizen","H","01","Eenmanszaak","4334","Schilderen en glaszetten","","","","","","",0,0,20000614,20000601,0,0,0,"",0,0
"Soest","H","11","Vennootschap onder firma","96021","Haarverzorging","96022","Schoonheidsverzorging/pedi-/manicures","7990","Info.verstr. ohgv toerisme/reservering","N","N",20030101,0,20000614,20000614,0,0,20030101,"",0,0
"Soest","","74","Stichting","88993","Lokaal welzijnswerk","","","","","","",20000529,20000529,0,0,0,0,0,"",0,0
"Amersfoort","H","11","Vennootschap onder firma","4120","Algemene burgerlijke en utiliteitsbouw","","","","","","",20000614,0,20000614,20000614,0,0,0,"",0,0
"Amsterdam","H","41","Besloten vennootschap met gewone structuur","7490","Overige special. zakelijke dienstverl.","7021","Adviesbureaus publ. relations en comm.","9002","Dienstverlening voor uitvoerende kunst","N","N",20000530,20000530,20000613,19910520,0,0,20000530,"",2020,20210813
"Huizen","H","41","Besloten vennootschap met gewone structuur","64922","Volkskredietbanken/commerciële financ.","","","","","N","N",20000530,20000530,20191223,20000530,20220531,0,0,"",2021,20220513
"Limmen","H","41","Besloten vennootschap met gewone structuur","6420","Financiële holdings","","","","","N","N",20000531,20000531,20030401,20000531,20030201,0,0,"",2020,20211220
"Amsterdam","","74","Stichting","93126","Wielersport","","","","","","",20000531,20000531,0,0,0,0,0,"",0,0
"Amsterdam","H","51","Naamloze vennootschap met gewone structuur","6420","Financiële holdings","","","","","N","N",20000526,20000526,20000609,20000526,0,0,0,"",2020,20211213
"Amsterdam","H","41","Besloten vennootschap met gewone structuur","64301","Beleggingsinstell. in financiële activa","64302","Beleggingsinstellingen in vaste activa","","","N","N",20000526,20000526,20000609,20000526,0,0,0,"",2020,20210921
"Beverwijk","H","01","Eenmanszaak","9003","Schrijven en overige scheppende kunst","85522","Kunstzinnige vorming voor amateurs","","","N","N",0,0,20000609,20000301,20060202,0,20010101,"",0,0
"Arnhem","H","41","Besloten vennootschap met gewone structuur","6831","Bemidd. bij handel/huur/verhuur onr.goed","","","","","","",20000725,20000725,20010625,20000501,20070601,0,20000725,"",2020,20211102
"Haarlem","H","11","Vennootschap onder firma","56101","Restaurants","5630","Cafés","","","N","N",20000614,0,20000614,20000614,20001027,0,0,"",0,0
"Amsterdam","H","41","Besloten vennootschap met gewone structuur","6420","Financiële holdings","","","","","N","N",20000727,20000727,20000614,20000601,20190701,0,20000727,"",2020,20211102
"Amsterdam","H","41","Besloten vennootschap met gewone structuur","70102","Holdings (geen financiële)","","","","","N","N",20000727,20000727,20000614,20000601,20190701,0,20000727,"",2020,20211102
"Amsterdam","H","01","Eenmanszaak","93146","Sportscholen","","","","","N","N",0,0,20000614,20000614,0,0,0,"",0,0
"Haarlem","","74","Stichting","66191","Admin.kantoren voor aandelen/obligaties","","","","","","",20000531,20000531,0,0,0,0,0,"",0,0
"Amsterdam","H","01","Eenmanszaak","6202","Advisering ohgv informatietechnologie","","","","","N","N",0,0,20000614,20000614,20050301,0,0,"",0,0
"Heemstede","H","41","Besloten vennootschap met gewone structuur","6420","Financiële holdings","","","","","N","N",20000608,20000608,20000614,20000608,0,0,0,"",2021,20220603
"Rotterdam","H","41","Besloten vennootschap met gewone structuur","4311","Slopen van bouwwerken","","","","","N","N",20000131,20000131,20181029,20000131,20211227,0,0,"",2017,20180424
"Amsterdam","H","01","Eenmanszaak","46471","Groothandel in huismeubilair","","","","","J","N",0,0,20000614,20000614,20180216,0,20020115,"",0,0
"Amstelveen","H","41","Besloten vennootschap met gewone structuur","93299","Ov. recreatie (rest)(geen jachthavens)","","","","","N","N",20061222,20061222,20000614,20000614,20011001,0,20061222,"",2021,20220517
"Diemen","H","01","Eenmanszaak","6622","Assurantietussenpersonen","","","","","N","N",0,0,20000614,20000614,0,0,0,"",0,0
"IJmuiden","H","41","Besloten vennootschap met gewone structuur","6420","Financiële holdings","","","","","N","N",20000531,20000531,20000614,20000531,20060327,0,0,"",2020,20211231
"IJmuiden","H","41","Besloten vennootschap met gewone structuur","4110","Projectontwikkeling","6810","Handel in eigen onroerend goed","","","N","N",20000531,20000531,20000614,20000531,20060327,0,0,"",2020,20211231
"IJmuiden","H","41","Besloten vennootschap met gewone structuur","46696","Groothandel in emballage","","","","","N","N",20000531,20000531,20000614,20000531,20060327,0,0,"",2020,20211231
"Diemen","H","01","Eenmanszaak","4334","Schilderen en glaszetten","","","","","N","N",0,0,20000614,20000619,20071031,0,0,"",0,0
"'s-Gravenhage","N","41","Besloten vennootschap met gewone structuur","4711","Supermarkten e.d. winkels alg.ass.v.gm.","","","","","N","N",19710318,19710318,20000614,20000621,20110615,0,0,"",2020,0
"Middenbeemster","H","11","Vennootschap onder firma","47761","Winkels bloemen/planten/zaden/tuinbenod.","","","","","","",19960805,0,20000613,19630816,20130320,0,20000101,"",0,0
"Hem","H","41","Besloten vennootschap met gewone structuur","6420","Financiële holdings","","","","","N","N",20000530,20000530,20000608,20000530,20030101,0,0,"",2020,20210605
"Julianadorp","H","01","Eenmanszaak","56101","Restaurants","","","","","","",0,0,20000613,20000525,20110211,0,20000703,"",0,0
"Heerhugowaard","H","41","Besloten vennootschap met gewone structuur","6202","Advisering ohgv informatietechnologie","0910","Dienstverl. winning aardolie en aardgas","","","","",20000608,20000608,20000613,20000608,20030114,0,0,"",2020,20211124
"Heiloo","","74","Stichting","6420","Financiële holdings","","","","","","",20000531,20000531,0,0,0,0,0,"",0,0
"De Rijp","","71","Vereniging met volledige rechtsbevoegdheid","94991","Gezelligheidsverenigingen","","","","","","",20000607,20000607,0,0,0,0,0,"",0,0
"Schoorl","","74","Stichting","94997","Overige belangenbehartiging (rest)","","","","","","",20000427,20000427,0,0,0,0,0,"",0,0
"03578 Relleu Alicante","H","41","Besloten vennootschap met gewone structuur","70102","Holdings (geen financiële)","","","","","","",20000531,20000531,20190325,20000531,20190325,0,0,"",2018,20190919
"Monnickendam","H","41","Besloten vennootschap met gewone structuur","6420","Financiële holdings","","","","","","",20000531,20000531,20141110,20000531,20141029,0,0,"",2020,20211227
"Sappemeer","H","74","Stichting","93195","Organiseren van sportevenementen","46422","Groothandel in werkkleding","","","N","N",20011127,20011127,20100201,20000610,20100101,0,20011127,"",0,0
"Oldeberkoop","H","41","Besloten vennootschap met gewone structuur","6832","Beheer van onroerend goed","70102","Holdings (geen financiële)","","","","",20000608,20000608,20000613,20000608,20180108,0,0,"",2021,20220504
"Wiuwert","H","41","Besloten vennootschap met gewone structuur","70102","Holdings (geen financiële)","","","","","","",20000529,20000529,20000613,20000529,20000529,0,0,"",2020,20210827
"Doniaga","","74","Stichting","93152","Roei-, kano-, zeil- en surfsport e.d.","","","","","","",20000608,20000608,0,0,0,0,0,"",0,0
"Wijnjewoude","H","41","Besloten vennootschap met gewone structuur","70102","Holdings (geen financiële)","","","","","","",20000609,20000609,20000609,20000609,0,0,0,"",2021,20220420
"Noardburgum","H","01","Eenmanszaak","43999","Overige gespec. werkz. in de bouw (rest)","43993","Metselen en voegen","3832","Gesorteerd mater. voorber. tot recycling","","",0,0,20000615,20000615,20060501,0,0,"",0,0
"Groningen","","74","Stichting","94996","Overige ideële organisaties (rest)","","","","","","",20000614,20000614,0,0,0,0,0,"",0,0
"Veendam","H","41","Besloten vennootschap met gewone structuur","69203","Boekhoudkantoren","","","","","N","N",20000613,20000613,20000615,20000613,20191101,0,0,"",2021,20220203
"Oosterbeek","H","41","Besloten vennootschap met gewone structuur","6420","Financiële holdings","","","","","","",20000614,20000614,20011112,20000614,20150612,0,0,"",2020,20211104
"Hoogeveen","","74","Stichting","94911","Religieuze organisaties","","","","","","",20000613,20000613,0,0,0,0,0,"",0,0
"Beilen","H","11","Vennootschap onder firma","69203","Boekhoudkantoren","","","","","","",20000601,0,20000615,20000601,20050812,0,0,"",0,0
"Zwolle","H","01","Eenmanszaak","4332","Bouwtimmeren","4333","Afwerking van vloeren en wanden","","","","",0,0,20000615,20000619,20100328,0,0,"",0,0
"Hengelo","H","41","Besloten vennootschap met gewone structuur","6420","Financiële holdings","","","","","N","N",20000531,20000531,20000614,20000531,0,0,0,"",2020,20210525
"Borne","","72","Vereniging met beperkte rechtsbevoegdheid","64303","Beleggingsinst. met beperkte toetreding","","","","","","",20000120,0,0,0,0,0,0,"",0,0
"Saasveld","H","41","Besloten vennootschap met gewone structuur","64303","Beleggingsinst. met beperkte toetreding","","","","","N","N",20000605,20000605,20000615,20000605,20170119,0,0,"",2020,20220519
"Deventer","H","41","Besloten vennootschap met gewone structuur","64301","Beleggingsinstell. in financiële activa","","","","","N","N",20000531,20000531,20000615,20000531,20200601,0,0,"",2019,20211213
"Apeldoorn","H","41","Besloten vennootschap met gewone structuur","70221","Organisatie-adviesbureaus","","","","","N","N",20020517,20020517,20000615,20000615,0,0,20020517,"",2020,20210716
"Putten","","72","Vereniging met beperkte rechtsbevoegdheid","64303","Beleggingsinst. met beperkte toetreding","","","","","","",20000401,20000401,0,0,0,0,0,"",0,0
"Balgoij","H","01","Eenmanszaak","5530","Kampeerterreinen","","","","","","",0,0,20000614,20000615,20071120,0,20050101,"",0,0
"Eefde","H","41","Besloten vennootschap met gewone structuur","6420","Financiële holdings","66292","Pensioenadv.bureaus/beheer pensioenverm.","","","N","N",20000606,20000606,20000904,20000606,20000801,0,0,"",2020,20220601
"Nijmegen","H","01","Eenmanszaak","4334","Schilderen en glaszetten","","","","","","",0,0,20000615,20000615,20070601,0,20070601,"",0,0
"Wijchen","H","21","Commanditaire vennootschap","46691","Groothandel in intern transportmaterieel","45192","Handel/rep. zwaardere bedrijfsauto's","4941","Goederenvervoer over weg (geen verhuiz.)","","",20000601,0,20011106,20000601,20150724,0,0,"",0,0
"Oosterbeek","H","01","Eenmanszaak","74103","Interieur- en ruimtelijk ontwerp","88101","Thuiszorg","","","N","N",0,0,20000615,20000615,0,0,0,"",0,0
"Nijmegen","","74","Stichting","94993","Steunfondsen (niet ohgv welzijnszorg)","","","","","","",20000607,20000607,0,0,0,0,0,"",0,0
"Herwijnen","H","01","Eenmanszaak","9002","Dienstverlening voor uitvoerende kunst","","","","","","",0,0,20000615,20000601,20170728,0,0,"",0,0
"Venray","H","01","Eenmanszaak","96022","Schoonheidsverzorging/pedi-/manicures","","","","","N","N",0,0,20000615,20000601,0,0,0,"",0,0
"Bladel","H","41","Besloten vennootschap met gewone structuur","46331","GH zuivelproducten/spijsoliën en -vetten","","","","","J","J",20000810,20000810,20120802,20000601,20120601,0,20000810,"",2021,0
"Bladel","H","41","Besloten vennootschap met gewone structuur","46331","GH zuivelproducten/spijsoliën en -vetten","","","","","J","J",20000810,20000810,20120802,20000601,20120601,0,20000810,"",2021,0
"Bladel","H","41","Besloten vennootschap met gewone structuur","46331","GH zuivelproducten/spijsoliën en -vetten","","","","","J","J",20000810,20000810,20120802,20000601,20120601,0,20000810,"",2021,0
"Bladel","H","41","Besloten vennootschap met gewone structuur","46331","GH zuivelproducten/spijsoliën en -vetten","","","","","J","J",20000810,20000810,20120802,20000601,20120601,0,20000810,"",2021,0
"Bladel","H","41","Besloten vennootschap met gewone structuur","46331","GH zuivelproducten/spijsoliën en -vetten","","","","","J","J",20000810,20000810,20120802,20000601,20120601,0,20000810,"",2021,0
"Bladel","H","41","Besloten vennootschap met gewone structuur","46331","GH zuivelproducten/spijsoliën en -vetten","","","","","J","J",20000810,20000810,20120802,20000601,20120601,0,20000810,"",2021,0
"Bladel","H","41","Besloten vennootschap met gewone structuur","46331","GH zuivelproducten/spijsoliën en -vetten","","","","","J","J",20000810,20000810,20120802,20000601,20120601,0,20000810,"",2021,0
"Bladel","H","41","Besloten vennootschap met gewone structuur","46331","GH zuivelproducten/spijsoliën en -vetten","","","","","J","J",20000810,20000810,20120802,20000601,20120601,0,20000810,"",2021,0
"Bladel","H","41","Besloten vennootschap met gewone structuur","46331","GH zuivelproducten/spijsoliën en -vetten","","","","","J","J",20000810,20000810,20120802,20000601,20120601,0,20000810,"",2021,0
"Bladel","H","41","Besloten vennootschap met gewone structuur","46331","GH zuivelproducten/spijsoliën en -vetten","","","","","J","J",20000810,20000810,20120802,20000601,20120601,0,20000810,"",2021,0
"Grubbenvorst","H","41","Besloten vennootschap met gewone structuur","1393","Vervaardiging van vloerkleden en tapijt","72192","Technisch speur- en ontwikkelingswerk","7740","Lease niet-financiële immateriële activa","J","J",20000530,20000530,20000615,20000530,20110509,0,0,"",2020,20210719
"Tegelen","H","11","Vennootschap onder firma","1200","Vervaardiging van tabaksproducten","","","","","N","N",20000622,0,20000615,20000622,0,0,0,"",0,0
"Berg en Terblijt","H","41","Besloten vennootschap met gewone structuur","70221","Organisatie-adviesbureaus","70102","Holdings (geen financiële)","64303","Beleggingsinst. met beperkte toetreding","N","N",20000530,20000530,20000614,20000530,0,0,0,"",2020,20211108
"Maastricht","H","41","Besloten vennootschap met gewone structuur","5630","Cafés","56101","Restaurants","","","N","N",20000529,20000529,20000614,20000529,20040213,0,0,"",2021,20220616
"Brunssum","H","01","Eenmanszaak","96021","Haarverzorging","96022","Schoonheidsverzorging/pedi-/manicures","","","N","N",0,0,20000614,20000602,0,0,20070101,"",0,0
"Vught","","74","Stichting","94991","Gezelligheidsverenigingen","","","","","","",20000602,20000602,0,0,0,0,0,"",0,0
"Schin op Geul","","71","Vereniging met volledige rechtsbevoegdheid","94992","Hobbyclubs","","","","","","",20000531,20000531,0,0,0,0,0,"",0,0
"Heerlen","H","41","Besloten vennootschap met gewone structuur","70222","Advisering ohgv management/bedrijfsv.","2349","Verv. overige keramische prod. (rest)","17211","Verv. verpakkingsmiddelen(papier/karton)","N","N",20000907,20000907,20000615,20000615,20020501,0,20000907,"",2021,20220118
"Valkenburg","H","41","Besloten vennootschap met gewone structuur","6420","Financiële holdings","","","","","N","N",20000531,20000531,20000615,20000531,20110715,0,0,"",2021,20220512
"Cuijk","H","41","Besloten vennootschap met gewone structuur","1330","Textielveredeling","","","","","J","J",20000525,20000525,20000608,19910521,0,0,20000525,"",2020,20211028
"Helvoirt","H","41","Besloten vennootschap met gewone structuur","6420","Financiële holdings","","","","","","",20000531,20000531,20000613,20000531,20020205,0,0,"",2020,20210712
"Uden","H","41","Besloten vennootschap met gewone structuur","6420","Financiële holdings","70221","Organisatie-adviesbureaus","","","N","N",20000710,20000710,20000613,20000101,20210401,0,20000710,"",2020,20211014
"Overloon","","71","Vereniging met volledige rechtsbevoegdheid","94997","Overige belangenbehartiging (rest)","93141","Individuele zaalsport","93129","Overige buitensport","","",19550613,20000529,0,0,0,0,0,"",0,0
"Hapert","H","41","Besloten vennootschap met gewone structuur","70222","Advisering ohgv management/bedrijfsv.","6420","Financiële holdings","7112","Ingenieurs/overig techn. ontwerp/advies","","",20000530,20000530,20000613,20000530,20070901,0,0,"",2021,20220615
"Waalre","H","41","Besloten vennootschap met gewone structuur","70222","Advisering ohgv management/bedrijfsv.","6420","Financiële holdings","","","","",20000530,20000530,20000613,20000530,20170801,0,0,"",2021,20220523
"Waalre","H","41","Besloten vennootschap met gewone structuur","70222","Advisering ohgv management/bedrijfsv.","","","","","","",20000530,20000530,20000613,20000530,20170801,0,0,"",2021,20220523
"Lierop","","72","Vereniging met beperkte rechtsbevoegdheid","93299","Ov. recreatie (rest)(geen jachthavens)","","","","","","",20000601,0,0,0,0,0,0,"",0,0
"Valkenswaard","H","01","Eenmanszaak","4332","Bouwtimmeren","","","","","N","N",0,0,20000613,20000601,20020617,0,0,"",0,0
"Eindhoven","H","41","Besloten vennootschap met gewone structuur","6420","Financiële holdings","","","","","","",20000530,20000530,20000614,20000530,20081115,0,0,"",2019,0
"Westendorp","H","41","Besloten vennootschap met gewone structuur","6420","Financiële holdings","","","","","","",20000608,20000608,20020819,20000608,20020801,0,0,"",2020,20210630
"Boekel","H","41","Besloten vennootschap met gewone structuur","70102","Holdings (geen financiële)","","","","","","",20000609,20000609,20000614,20000609,20130701,0,0,"",2020,20210826
"Milheeze","","71","Vereniging met volledige rechtsbevoegdheid","93122","Veldsport in teamverband (geen voetbal)","","","","","","",20000609,20000609,0,0,0,0,0,"",0,0
"Oirschot","H","41","Besloten vennootschap met gewone structuur","6420","Financiële holdings","4665","Groothandel in bedrijfsmeubels","","","J","J",20000609,20000609,20000614,20000609,20100615,0,0,"",2021,20220330
"Helmond","H","11","Vennootschap onder firma","96021","Haarverzorging","","","","","","",20000615,0,20000615,20000615,20000701,0,0,"",1999,0
"Bergeijk","H","01","Eenmanszaak","4332","Bouwtimmeren","","","","","N","N",0,0,20000615,20000615,0,0,0,"",0,0
"Erp","H","01","Eenmanszaak","9003","Schrijven en overige scheppende kunst","","","","","","",0,0,20000615,20000615,20061101,0,0,"",0,0
"'s-Hertogenbosch","H","41","Besloten vennootschap met gewone structuur","4120","Algemene burgerlijke en utiliteitsbouw","","","","","","",20080229,20080229,20000615,20000615,20180514,0,20080229,"",2020,20211103
"Asten","H","41","Besloten vennootschap met gewone structuur","4622","Groothandel in bloemen en planten","8130","Landschapsverzorging","0129","Teelt van overige meerjarige gewassen","J","J",20050531,20050531,20000615,20000101,0,0,20050531,"",2020,20211008
"Helmond","H","01","Eenmanszaak","96022","Schoonheidsverzorging/pedi-/manicures","","","","","","",0,0,20000615,20000601,0,0,0,"",0,0
"Oss","H","41","Besloten vennootschap met gewone structuur","6622","Assurantietussenpersonen","","","","","","",20000529,20000529,20000614,20000531,20120813,0,0,"",2021,20220428
"Uden","H","41","Besloten vennootschap met gewone structuur","6420","Financiële holdings","","","","","N","N",20000714,20000714,20000614,20000607,0,0,20000714,"",2020,20210701
"Uden","H","41","Besloten vennootschap met gewone structuur","68203","Verhuur van overige woonruimte","","","","","N","N",20000714,20000714,20000614,20000607,0,0,20000714,"",2020,20210629
"Uden","H","41","Besloten vennootschap met gewone structuur","93119","Overige sportaccommodaties","","","","","","",20000714,20000714,20000614,20000607,0,0,20000714,"",2020,20210701
"Vlijmen","H","01","Eenmanszaak","77299","Verh. overige consumentenartikelen","","","","","N","N",0,0,20000615,20000601,0,0,0,"",0,0
"Oost West en Middelbeers","H","01","Eenmanszaak","96022","Schoonheidsverzorging/pedi-/manicures","","","","","","",0,0,20000614,20000601,0,0,0,"",0,0
"Veghel","H","01","Eenmanszaak","4120","Algemene burgerlijke en utiliteitsbouw","","","","","N","N",0,0,20000615,20000623,0,0,0,"",0,0
"Aarle-Rixtel","H","01","Eenmanszaak","4120","Algemene burgerlijke en utiliteitsbouw","","","","","","",0,0,20000615,20000615,20030526,0,0,"",0,0
"Best","H","01","Eenmanszaak","4616","HB textiel/kleding/schoeisel/lederwaren","1330","Textielveredeling","","","J","N",0,0,20000615,20000615,20070416,0,20090101,"",0,0
"Someren","H","41","Besloten vennootschap met gewone structuur","2511","Verv. metalen constr.werken/delen ervan","46722","GH ferrometalen en -halffabrikaten","","","N","N",20080528,20080528,20000615,20000615,20150803,0,20080528,"",2021,20220531
"Oisterwijk","H","41","Besloten vennootschap met gewone structuur","6420","Financiële holdings","","","","","","",20000531,20000531,20000615,20000531,0,0,0,"",2019,20210309
"Diessen","","71","Vereniging met volledige rechtsbevoegdheid","9411","Bedrijfs- en werkgeversorganisaties","","","","","","",19840101,20000529,0,0,0,0,0,"",0,0
"Langeweg","","74","Stichting","88102","Welzijnswerk voor ouderen","","","","","","",20000607,20000607,0,0,0,0,0,"",0,0
"Nieuw-Vossemeer","H","11","Vennootschap onder firma","43221","Loodg.- en fitterswerk; inst. sanitair","2790","Verv. overige elektrische apparatuur","","","","",20000619,0,20000614,20000619,0,0,0,"",0,0
"Willemstad","H","01","Eenmanszaak","86919","Overige paramedische praktijken","","","","","N","N",0,0,20000615,19990701,20000816,0,0,"",0,0
"Putte","H","01","Eenmanszaak","4334","Schilderen en glaszetten","","","","","","",0,0,20000615,20000613,20190506,0,20020101,"",0,0
"Scherpenisse","H","41","Besloten vennootschap met gewone structuur","6420","Financiële holdings","","","","","N","N",20000531,20000531,20000615,20000531,20210202,0,0,"",2020,20211117
"Oostburg","H","41","Besloten vennootschap met gewone structuur","6420","Financiële holdings","","","","","N","N",20000530,20000530,20000614,20000530,0,0,0,"",2020,20210510
"Hoedekenskerke","H","11","Vennootschap onder firma","2562","Algemene metaalbewerking","4321","Elektrotechnische bouwinstallatie","","","N","N",20000615,0,20000615,20000615,0,0,0,"",0,0
"Goes","","71","Vereniging met volledige rechtsbevoegdheid","94911","Religieuze organisaties","","","","","","",19680130,20000607,0,0,0,0,0,"",0,0
"Lage Zwaluwe","H","41","Besloten vennootschap met gewone structuur","6420","Financiële holdings","","","","","","",20000531,20000531,20191218,20000531,20191216,0,0,"",2020,20211221
"Dordrecht","H","41","Besloten vennootschap met gewone structuur","6420","Financiële holdings","","","","","N","N",20051128,20051128,20000614,20000614,20150330,0,20051128,"",2020,20211102
"Pernis Rotterdam","H","41","Besloten vennootschap met gewone structuur","6420","Financiële holdings","","","","","N","N",20000531,20000531,20000615,20000531,20051101,0,0,"",2020,20211102
"Rotterdam","H","41","Besloten vennootschap met gewone structuur","6420","Financiële holdings","","","","","N","N",20000525,20000525,20000615,20000525,0,0,0,"",2021,20220223
"Bergschenhoek","H","41","Besloten vennootschap met gewone structuur","6420","Financiële holdings","","","","","N","N",20000816,20000816,20071222,20000101,0,0,20000816,"",2020,20220509
"Rotterdam","H","41","Besloten vennootschap met gewone structuur","6420","Financiële holdings","","","","","N","N",20000605,20000605,20000615,20000605,0,0,0,"",2020,20211224
"Rotterdam","","74","Stichting","9002","Dienstverlening voor uitvoerende kunst","","","","","","",20000530,20000530,0,0,0,0,0,"",0,0
"Spijkenisse","H","01","Eenmanszaak","43999","Overige gespec. werkz. in de bouw (rest)","4332","Bouwtimmeren","","","N","N",0,0,20000615,20000615,0,0,0,"",0,0
"Maasdam","H","01","Eenmanszaak","0161","Dienstverl. akker- en/of tuinbouw","01472","Opfokken en/of houden van vleeskuikens","","","","",0,0,20000615,20000619,0,0,0,"",0,0
"Goudswaard","H","41","Besloten vennootschap met gewone structuur","6420","Financiële holdings","","","","","N","N",20001124,20001124,20000615,20000615,20220126,0,20001124,"",2019,20200626
"Moerkapelle","H","41","Besloten vennootschap met gewone structuur","6420","Financiële holdings","","","","","N","N",20000530,20000530,20000615,20000530,0,0,0,"",2021,20220607
"Nieuwerkerk ad IJssel","H","11","Vennootschap onder firma","50401","Binnenvaart (vrachtvaart)","","","","","N","N",20070101,0,20000615,20000623,0,0,20070101,"",0,0
"Gouda","","74","Stichting","94996","Overige ideële organisaties (rest)","","","","","","",20000614,20000614,0,0,0,0,0,"",0,0
"Rotterdam","H","41","Besloten vennootschap met gewone structuur","6420","Financiële holdings","","","","","N","N",20000531,20000531,20000615,20000531,20061215,0,0,"",2020,20211010
"Hardinxveld-Giessendam","H","01","Eenmanszaak","7732","Verh./lease machines/instal.voor de bouw","","","","","N","N",0,0,20000615,20000615,20060101,0,0,"",0,0
"Rotterdam","H","41","Besloten vennootschap met gewone structuur","6420","Financiële holdings","","","","","","",20000529,20000529,20000615,20000529,20130214,0,0,"",2020,20211122
"Hendrik-Ido-Ambacht","H","41","Besloten vennootschap met gewone structuur","64303","Beleggingsinst. met beperkte toetreding","6420","Financiële holdings","","","N","N",20000704,20000704,20000615,20000101,20160128,0,20000704,"",2020,20211227
"Vlaardingen","H","41","Besloten vennootschap met gewone structuur","4652","GH elektronische/telecommunicatieapp.","","","","","J","N",20000816,20000816,20000615,20000615,0,0,20000816,"",2020,20211201
"Leiderdorp","H","01","Eenmanszaak","4665","Groothandel in bedrijfsmeubels","","","","","J","N",0,0,20111013,20000601,20161227,0,0,"",0,0
"Rotterdam","H","41","Besloten vennootschap met gewone structuur","69101","Advocatenkantoren, bewindv. en curatoren","","","","","","",20000531,20000531,20000615,20000531,0,0,0,"",2020,20220404
"Breda","H","41","Besloten vennootschap met gewone structuur","69201","Registeraccountants","","","","","","",20000606,20000606,20051003,20000606,20051001,0,0,"",2020,20211105
"'s-Gravenhage","H","41","Besloten vennootschap met gewone structuur","6831","Bemidd. bij handel/huur/verhuur onr.goed","","","","","N","N",20000707,20000707,20000614,20000601,20170404,0,20000707,"",2020,20220420
"'s-Gravenhage","H","01","Eenmanszaak","70221","Organisatie-adviesbureaus","85592","Bedrijfsopleiding en -training","","","N","N",0,0,20000614,20000614,0,0,0,"",0,0
"'s-Gravenhage","H","41","Besloten vennootschap met gewone structuur","6420","Financiële holdings","","","","","N","N",20001010,20001010,20000615,20000601,20151217,0,20001010,"",2021,20220523
"Delft","H","01","Eenmanszaak","6201","Ontwikkelen/produceren/uitgeven software","","","","","N","N",0,0,20000615,20000615,20170601,0,0,"",0,0
"Bodegraven","H","11","Vennootschap onder firma","56102","Fastfoodrest, cafet, ijssal, eetkr e.d.","78201","Uitzendbureaus","","","N","N",19960805,0,20000615,20000615,20170301,0,0,"",0,0
"Lisse","H","41","Besloten vennootschap met gewone structuur","6420","Financiële holdings","","","","","N","N",20000530,20000530,20000614,20000530,0,0,0,"",2020,20220207
"Lisse","H","41","Besloten vennootschap met gewone structuur","6420","Financiële holdings","","","","","N","N",20000531,20000531,20170324,20000531,20170323,0,0,"",2020,20210906
"Zwammerdam","H","01","Eenmanszaak","69203","Boekhoudkantoren","","","","","N","N",0,0,20000614,20000601,0,0,0,"",0,0
"Katwijk","H","01","Eenmanszaak","9003","Schrijven en overige scheppende kunst","7311","Reclamebureaus","","","N","N",0,0,20000614,19900101,0,0,0,"",0,0
"Noordwijkerhout","H","01","Eenmanszaak","45112","Handel/rep. personen-/lichte bedr.auto's","","","","","J","J",0,0,20000615,20000615,20030314,0,0,"",0,0
"Apeldoorn","H","41","Besloten vennootschap met gewone structuur","46699","GH ov.mach./app./toeb. ind./handel","","","","","J","J",19841212,19841212,20000615,20000523,20210301,0,0,"",2020,20210621
"Zeist","H","41","Besloten vennootschap met gewone structuur","4762","Winkels kranten/tijdschr./kantoorbeh.","7722","Videotheken","","","","",19960403,19960403,20120821,19960601,20190109,0,0,"",2014,20160606
"Valkenburg","N","41","Besloten vennootschap met gewone structuur","55101","Hotel-restaurants","","","","","","",19971107,19971107,20000615,20000301,20000301,0,0,"",2021,0
"Veenendaal","","71","Vereniging met volledige rechtsbevoegdheid","93122","Veldsport in teamverband (geen voetbal)","","","","","","",20000525,20000525,0,0,0,0,0,"",0,0
"Maarssen","H","41","Besloten vennootschap met gewone structuur","70221","Organisatie-adviesbureaus","78202","Uitleenbureaus","","","","",20000608,20000608,20000614,20000608,20070814,0,0,"",2020,20220520
"Abcoude","H","41","Besloten vennootschap met gewone structuur","6420","Financiële holdings","","","","","","",20000525,20000525,20000614,20000525,0,0,0,"",2019,20201022
"Houten","H","01","Eenmanszaak","9003","Schrijven en overige scheppende kunst","85599","Studiebegeleiding/vorming/onderwijs","","","","",0,0,20000615,20000615,0,0,0,"",0,0
"Maarssen","H","41","Besloten vennootschap met gewone structuur","6420","Financiële holdings","","","","","","",20000531,20000531,20000615,20000531,20160201,0,0,"",2016,20180420
"Elst","H","41","Besloten vennootschap met gewone structuur","64923","Participatiemaatschappijen","","","","","","",20000803,20000803,20050527,20000601,20070406,0,20000803,"",2020,20220612
"Haren Gn","H","01","Eenmanszaak","4120","Algemene burgerlijke en utiliteitsbouw","","","","","N","N",0,0,20111111,20000615,20220110,0,0,"",0,0
"Bosch en Duin","H","41","Besloten vennootschap met gewone structuur","66191","Admin.kantoren voor aandelen/obligaties","","","","","","",20000519,20000519,20000615,20000519,0,0,0,"",2020,20220520
"Veenendaal","H","01","Eenmanszaak","8553","Auto- en motorrijscholen","","","","","","",0,0,20000615,20000615,20050516,0,0,"",0,0
"Veenendaal","H","41","Besloten vennootschap met gewone structuur","46902","Niet-gespec. GH in niet-consumentenart.","7311","Reclamebureaus","47192","Winkels met alg.assort. (geen warenh.)","","",20010522,20010522,20000615,20000615,20151201,0,20010522,"",2020,20220616
"Utrecht","H","41","Besloten vennootschap met gewone structuur","69104","Deurwaarderskantoren","","","","","N","N",20000531,20000531,20000615,20000531,20021003,0,0,"",2020,20211111
"De Rijp","H","41","Besloten vennootschap met gewone structuur","7430","Vertalers en tolken","7320","Markt- en opinieonderzoekbureaus","74201","Fotografie","","",20080506,20080506,20180613,20000615,20180601,0,20080506,"",2020,20210412
"Ter Apel","H","41","Besloten vennootschap met gewone structuur","2511","Verv. metalen constr.werken/delen ervan","2893","Verv. machines prod. voedings-/genotm.","","","","",20000609,20000609,20031015,20000609,20031008,0,0,"",2020,20220107
"Putten","H","41","Besloten vennootschap met gewone structuur","6420","Financiële holdings","","","","","","",20010518,20010518,20070612,20000615,20210301,0,20010518,"",2019,20201119
"Bunschoten-Spakenburg","H","41","Besloten vennootschap met gewone structuur","6420","Financiële holdings","","","","","N","N",20000714,20000714,20000615,20000601,20040902,0,20000714,"",2020,20211229
"Amsterdam","H","41","Besloten vennootschap met gewone structuur","6420","Financiële holdings","","","","","","",20000810,20000810,20170209,20000501,20220101,0,20000810,"",2020,20211122
"Nederhorst den Berg","H","41","Besloten vennootschap met gewone structuur","69203","Boekhoudkantoren","70221","Organisatie-adviesbureaus","","","","",20000928,20000928,20000615,20000615,20041217,0,20000928,"",2020,20210426
"Breukelen","H","01","Eenmanszaak","6202","Advisering ohgv informatietechnologie","70221","Organisatie-adviesbureaus","85592","Bedrijfsopleiding en -training","","",0,0,20100728,20000101,20100718,0,0,"",0,0
"Amsterdam","H","41","Besloten vennootschap met gewone structuur","6420","Financiële holdings","","","","","N","N",20000531,20000531,20000609,20000531,0,0,0,"",2020,20211229
"Amstelveen","H","41","Besloten vennootschap met gewone structuur","6420","Financiële holdings","","","","","N","N",20000530,20000530,20000613,20000530,20220120,0,0,"",2020,20210816
"Purmerend","H","01","Eenmanszaak","4120","Algemene burgerlijke en utiliteitsbouw","","","","","N","N",0,0,20160825,20000619,20160812,0,0,"",0,0
"Amsterdam","H","01","Eenmanszaak","7311","Reclamebureaus","18123","Drukkerijen van reclame","70221","Organisatie-adviesbureaus","N","N",0,0,20000614,20000601,20141001,0,0,"",0,0
"Haarlem","H","11","Vennootschap onder firma","47713","Winkels in bovenkleding/mode-artikelen","","","","","N","N",20000616,0,20000615,20000616,0,0,0,"",0,0
"Amsterdam","","71","Vereniging met volledige rechtsbevoegdheid","94995","Overk. organen (niet ohgv welzijn/sport)","85599","Studiebegeleiding/vorming/onderwijs","","","","",20000608,20000608,0,0,0,0,0,"",2001,20030618
"IJmuiden","H","01","Eenmanszaak","96021","Haarverzorging","","","","","N","N",0,0,20000615,20000615,20080114,0,0,"",0,0
"Amsterdam","H","41","Besloten vennootschap met gewone structuur","69102","Rechtskundige adviesbureaus","70221","Organisatie-adviesbureaus","6202","Advisering ohgv informatietechnologie","N","N",20000629,20000629,20000615,20000501,20080221,0,20000629,"",2020,20210809
"Amsterdam","H","41","Besloten vennootschap met gewone structuur","47915","Internethandel huis- en tuinartikelen","6190","Overige telecommunicatie","6312","Webportals","N","N",20000821,20000821,20000615,20000301,20170301,0,20000821,"",2019,20210114
"Nieuw-Vennep","H","41","Besloten vennootschap met gewone structuur","6203","Beheer van computerfaciliteiten","6209","Ov. dienstv. act. ohgv informatietechn.","","","N","N",20000531,20000531,20000615,19970217,20190701,0,20000531,"",2020,20210712
"Bloemendaal","H","41","Besloten vennootschap met gewone structuur","6201","Ontwikkelen/produceren/uitgeven software","","","","","N","N",20030328,20030328,20000615,20000515,20080804,0,20030328,"",2020,20220523
"Nieuw-Vennep","H","41","Besloten vennootschap met gewone structuur","6201","Ontwikkelen/produceren/uitgeven software","6202","Advisering ohgv informatietechnologie","","","N","N",20000531,20000531,20000615,19970217,20190701,0,20000531,"",2021,0
"Nieuw-Vennep","H","41","Besloten vennootschap met gewone structuur","6201","Ontwikkelen/produceren/uitgeven software","","","","","N","N",20000531,20000531,20000615,19970217,20190701,0,20000531,"",2020,20210712
"Zaandam","H","01","Eenmanszaak","31011","Interieurbouw","","","","","N","N",0,0,20000615,20000615,20031028,0,20031028,"",0,0
"Hoofddorp","H","41","Besloten vennootschap met gewone structuur","70222","Advisering ohgv management/bedrijfsv.","","","","","N","N",20000608,20000608,20000615,20000608,20211001,0,0,"",2020,20210713
"Amsterdam","N","41","Besloten vennootschap met gewone structuur","47741","Winkels in drogisterij-artikelen","","","","","N","N",19741125,19741125,20000615,20000615,20000615,0,0,"",2020,0
"Alkmaar","","74","Stichting","94996","Overige ideële organisaties (rest)","","","","","","",20000605,20000605,0,0,0,0,0,"",0,0
"Avenhorn","H","01","Eenmanszaak","4120","Algemene burgerlijke en utiliteitsbouw","","","","","N","N",0,0,20000615,20000619,20200114,0,0,"",0,0
"Schoorl","H","41","Besloten vennootschap met gewone structuur","70221","Organisatie-adviesbureaus","47918","Internethandel overige non-food","","","N","N",20060531,20060531,20000615,20000621,0,0,20060531,"",2020,20220509
"Naaldwijk","H","01","Eenmanszaak","7311","Reclamebureaus","7021","Adviesbureaus publ. relations en comm.","4941","Goederenvervoer over weg (geen verhuiz.)","N","N",0,0,20160229,20000515,20160215,0,0,"",0,0
"Drachten","H","41","Besloten vennootschap met gewone structuur","6420","Financiële holdings","7311","Reclamebureaus","7112","Ingenieurs/overig techn. ontwerp/advies","N","N",20070531,20070531,20000614,20000509,20170508,0,20070531,"",2019,20200311
"Balk","H","11","Vennootschap onder firma","6201","Ontwikkelen/produceren/uitgeven software","","","","","","",20000515,0,20000614,20000515,0,0,0,"",0,0
"Workum","","71","Vereniging met volledige rechtsbevoegdheid","9411","Bedrijfs- en werkgeversorganisaties","","","","","","",20000117,20000613,0,0,0,0,0,"",0,0
"Twijzelerheide","","71","Vereniging met volledige rechtsbevoegdheid","94992","Hobbyclubs","","","","","","",19891004,20000526,0,0,0,0,0,"",0,0
"Leeuwarden","H","01","Eenmanszaak","7311","Reclamebureaus","","","","","","",0,0,20000619,20000619,20210505,0,0,"",0,0
"Leeuwarden","H","11","Vennootschap onder firma","56102","Fastfoodrest, cafet, ijssal, eetkr e.d.","","","","","","",20000601,0,20000619,20000601,0,0,0,"",0,0
"Rottum","H","41","Besloten vennootschap met gewone structuur","70221","Organisatie-adviesbureaus","","","","","","",20011002,20011002,20000616,20000201,20190701,0,20011002,"",2020,20220105
"Leeuwarden","","74","Stichting","94997","Overige belangenbehartiging (rest)","","","","","","",20000523,20000523,0,0,0,0,0,"",0,0
"Groningen","H","01","Eenmanszaak","4777","Winkels in juweliersartikelen/uurwerken","","","","","J","N",0,0,20000616,20000601,20201110,0,0,"",0,0
"Groningen","H","41","Besloten vennootschap met gewone structuur","6209","Ov. dienstv. act. ohgv informatietechn.","78202","Uitleenbureaus","","","N","N",20000615,20000615,20141222,20000615,20141215,0,0,"",2020,20210525
"Groningen","H","01","Eenmanszaak","4331","Stukadoren","","","","","N","N",0,0,20000619,20000619,20021015,0,0,"",0,0
"Groningen","H","41","Besloten vennootschap met gewone structuur","86913","Praktijken van psychotherapeuten/-logen","","","","","N","N",20000616,20000616,20000619,19780200,0,0,20000616,"",2020,20220221
"Leek","H","01","Eenmanszaak","69203","Boekhoudkantoren","","","","","N","N",0,0,20000619,20000619,20220601,0,0,"",0,0
"Steenbergen","H","41","Besloten vennootschap met gewone structuur","64303","Beleggingsinst. met beperkte toetreding","","","","","","",20000615,20000615,20000616,20000615,20070801,0,0,"",2021,20220228
"Gorinchem","H","41","Besloten vennootschap met gewone structuur","6420","Financiële holdings","","","","","","",20000719,20000719,20040921,20000501,20160715,0,20000719,"",2021,20220527
"Gorinchem","H","41","Besloten vennootschap met gewone structuur","46738","Groothandel gespec. in overige bouwmat.","7112","Ingenieurs/overig techn. ontwerp/advies","","","","",20000719,20000719,20140412,20000501,20160715,0,20000719,"",2021,20220527
"Arnhem","","74","Stichting","94993","Steunfondsen (niet ohgv welzijnszorg)","","","","","","",20000616,20000616,0,0,0,0,0,"",0,0
"Assen","H","41","Besloten vennootschap met gewone structuur","1413","Vervaardiging van overige bovenkleding","","","","","","J",20000531,20000531,20000619,19930301,20090807,0,20000531,"",2020,20210730
"Bedum","H","41","Besloten vennootschap met gewone structuur","69203","Boekhoudkantoren","","","","","","",20000531,20000531,20000619,19930301,20080306,0,20000531,"",2020,20211101
"'s-Gravenhage","H","41","Besloten vennootschap met gewone structuur","6420","Financiële holdings","85599","Studiebegeleiding/vorming/onderwijs","","","","",20000613,20000613,20210505,20000613,20210505,0,0,"",2020,20211105
"Amsterdam","H","41","Besloten vennootschap met gewone structuur","6420","Financiële holdings","4110","Projectontwikkeling","6201","Ontwikkelen/produceren/uitgeven software","","",20000613,20000613,20190806,20000613,20190101,0,0,"",2020,20211105
"Haarlem","H","41","Besloten vennootschap met gewone structuur","6420","Financiële holdings","","","","","","",20000613,20000613,20180531,20000613,20190707,0,0,"",2020,20211105
"Meppel","H","41","Besloten vennootschap met gewone structuur","6420","Financiële holdings","","","","","","",20000613,20000613,20000619,20000613,20051215,0,0,"",2020,20211105
"Dalfsen","","74","Stichting","88999","Overig maatsch.adv./gemeenschapshuizen","","","","","","",20000526,20000526,0,0,0,0,0,"",0,0
"Nieuwleusen","H","01","Eenmanszaak","4391","Dakdekken en bouwen van dakconstructies","4120","Algemene burgerlijke en utiliteitsbouw","","","","",0,0,20000614,20000608,20050901,0,0,"",0,0
"Kerkrade","","74","Stichting","94993","Steunfondsen (niet ohgv welzijnszorg)","","","","","","",20000614,20000614,0,0,0,0,0,"",0,0
"Dedemsvaart","","74","Stichting","9002","Dienstverlening voor uitvoerende kunst","","","","","","",20000613,20000613,0,0,0,0,0,"",0,0
"Zwolle","H","41","Besloten vennootschap met gewone structuur","68204","Verh. onroerend goed (niet v woonruimte)","","","","","","",20000703,20000703,20000615,20000601,20091218,0,20000703,"",2016,20181108
"Zwolle","H","01","Eenmanszaak","4120","Algemene burgerlijke en utiliteitsbouw","43993","Metselen en voegen","","","","",0,0,20000616,20000601,0,0,0,"",0,0
"Zuidveen","H","41","Besloten vennootschap met gewone structuur","71111","Architecten","4120","Algemene burgerlijke en utiliteitsbouw","6420","Financiële holdings","N","N",20000704,20000704,20000616,20000501,20080804,0,20000704,"",2020,20211008
"Zwolle","H","01","Eenmanszaak","6202","Advisering ohgv informatietechnologie","","","","","","",0,0,20000616,20000616,20180712,0,0,"",0,0
"Nieuwleusen","H","41","Besloten vennootschap met gewone structuur","47591","Winkels in meubels","4753","Winkels in vloerbedekking en gordijnen","","","","",20000530,20000530,20000616,19781201,0,0,20000530,"",2020,20211222
"IJsselmuiden","N","41","Besloten vennootschap met gewone structuur","47591","Winkels in meubels","","","","","","",20000530,20000530,20000616,19821215,20011215,0,20000530,"",2020,20211222
"Apeldoorn","","41","Besloten vennootschap met gewone structuur","","","","","","","","",19951228,19951228,0,0,0,0,0,"",2020,20210428
"Losser","H","41","Besloten vennootschap met gewone structuur","70102","Holdings (geen financiële)","","","","","N","N",20000531,20000531,20000615,20000531,20170701,0,0,"",2021,20220330
"Den Ham","","71","Vereniging met volledige rechtsbevoegdheid","01452","Fokken en houden van geiten","","","","","","",19700522,20000420,0,0,0,0,0,"",0,0
"Hengelo","H","41","Besloten vennootschap met gewone structuur","47782","Winkels in optische artikelen","2670","Verv. optische instrumenten en apparaten","86919","Overige paramedische praktijken","N","N",20000613,20000613,20000615,20000613,20150423,0,0,"",2021,20210827
"Barchem","H","11","Vennootschap onder firma","5530","Kampeerterreinen","0210","Bosbouw","","","N","N",19990101,0,20000615,19990101,0,0,0,"",0,0
"Oldebroek","H","74","Stichting","47793","Winkels tweedeh. goederen (geen kleding)","","","","","","",20000613,20000613,20000615,20000613,20130123,0,0,"",0,0
"Baarn","H","41","Besloten vennootschap met gewone structuur","6420","Financiële holdings","","","","","","",20000607,20000607,20090616,20000607,20160401,0,0,"",2020,20210910
"Arkel","H","41","Besloten vennootschap met gewone structuur","6420","Financiële holdings","","","","","N","N",20000607,20000607,20090408,20000607,20080701,0,0,"",2020,20220214
"Borne","H","41","Besloten vennootschap met gewone structuur","46695","Groothandel in meet- en regelapparaten","","","","","J","J",20000526,20000526,20000615,20000526,20050101,0,0,"",2020,20220124
"Eefde","","74","Stichting","90011","Beoefening van podiumkunst","","","","","","",20000613,20000613,0,0,0,0,0,"",0,0
"Tiel","H","41","Besloten vennootschap met gewone structuur","6420","Financiële holdings","","","","","N","N",20000922,20000922,20010427,20000609,20050803,0,20000922,"",2013,20150408
"Brummen","H","11","Vennootschap onder firma","4333","Afwerking van vloeren en wanden","","","","","N","N",20030326,0,20000616,20000615,20121201,0,20030326,"",0,0
"Borculo","H","01","Eenmanszaak","55202","Jeugdherbergen en vakantiekampen","87902","Maatschappelijk opvang met overnachting","87901","Jeugdzorg (met overnacht. en dagverbl.)","N","N",0,0,20071222,20000601,0,0,20070101,"",0,0
"Barneveld","H","01","Eenmanszaak","96022","Schoonheidsverzorging/pedi-/manicures","","","","","N","N",0,0,20000616,20000616,0,0,0,"",0,0
"Den Ham","H","01","Eenmanszaak","4777","Winkels in juweliersartikelen/uurwerken","","","","","N","N",0,0,20000616,20000616,0,0,0,"",0,0
"Coevorden","H","41","Besloten vennootschap met gewone structuur","77399","Verh./lease ov.mach./werkt./ov. goederen","","","","","J","N",20000614,20000614,20210305,20000614,20210305,0,0,"",2021,20220502
"Empe","","74","Stichting","88993","Lokaal welzijnswerk","","","","","","",20000615,20000615,0,0,0,0,0,"",0,0
"Zutphen","H","01","Eenmanszaak","81221","Glazenwassen","","","","","N","N",0,0,20000616,20000623,20181001,0,0,"",0,0
"Hengelo","","71","Vereniging met volledige rechtsbevoegdheid","94991","Gezelligheidsverenigingen","","","","","","",20000614,20000614,0,0,0,0,0,"",0,0
"Brummen","H","01","Eenmanszaak","70221","Organisatie-adviesbureaus","","","","","N","N",0,0,20000616,20000616,20040908,0,0,"",0,0
"Ootmarsum","H","41","Besloten vennootschap met gewone structuur","69202","Accountants-administratieconsulenten","","","","","N","N",20060114,20060114,20000616,20000616,0,0,20060114,"",2020,20211119
"Elspeet","H","01","Eenmanszaak","4332","Bouwtimmeren","","","","","N","N",0,0,20000619,20000615,20200506,0,0,"",0,0
"Harfsen","H","01","Eenmanszaak","43999","Overige gespec. werkz. in de bouw (rest)","01422","Overige vleesveehouderij/zoogkoeienbedr.","","","N","N",0,0,20000619,20000620,0,0,0,"",0,0
"Barneveld","H","11","Vennootschap onder firma","6201","Ontwikkelen/produceren/uitgeven software","","","","","N","N",20000616,0,20000619,20000616,0,0,0,"",0,0
"Beuningen Gld","","74","Stichting","94993","Steunfondsen (niet ohgv welzijnszorg)","","","","","","",20000614,20000614,0,0,0,0,0,"",0,0
"Wehl","H","41","Besloten vennootschap met gewone structuur","6420","Financiële holdings","","","","","","",20000613,20000613,20000615,20000613,20161107,0,0,"",2020,20210913
"Wehl","H","41","Besloten vennootschap met gewone structuur","7112","Ingenieurs/overig techn. ontwerp/advies","46462","GH med./tandheelk.instr./verpl.art. e.d.","","","","",20000613,20000613,20000615,20000613,20161114,0,0,"",2020,20210913
"Zutphen","H","01","Eenmanszaak","74201","Fotografie","","","","","N","N",0,0,20001017,20000615,20031015,0,0,"",0,0
"Arnhem","H","41","Besloten vennootschap met gewone structuur","70221","Organisatie-adviesbureaus","","","","","","",20000706,20000706,20000616,20000623,20180723,0,20000706,"",2020,20210721
"Terborg","H","41","Besloten vennootschap met gewone structuur","2512","Verv. metalen deuren/vensters/kozijnen","","","","","J","N",20060329,20060329,20000616,20000616,0,0,20060329,"",2021,20220513
"Hengelo (Gld)","H","41","Besloten vennootschap met gewone structuur","4391","Dakdekken en bouwen van dakconstructies","","","","","N","N",20051230,20051230,20080117,19981001,0,0,20051230,"",2020,20211104
"Zevenaar","","74","Stichting","93299","Ov. recreatie (rest)(geen jachthavens)","","","","","","",20000614,20000614,0,0,0,0,0,"",0,0
"Nijmegen","H","01","Eenmanszaak","85592","Bedrijfsopleiding en -training","86922","Arbobegeleiding en reïntegratie","","","","",0,0,20000616,20000616,20151001,0,0,"",0,0
"Steenwijk","H","01","Eenmanszaak","70221","Organisatie-adviesbureaus","","","","","N","N",0,0,20050428,20000616,20050428,0,0,"",0,0
"Nijmegen","","71","Vereniging met volledige rechtsbevoegdheid","9411","Bedrijfs- en werkgeversorganisaties","","","","","","",20000615,20000615,0,0,0,0,0,"",0,0
"Arnhem","H","01","Eenmanszaak","7430","Vertalers en tolken","9003","Schrijven en overige scheppende kunst","","","","",0,0,20000619,20000101,20180914,0,0,"",0,0
"Oosterbeek","H","41","Besloten vennootschap met gewone structuur","6420","Financiële holdings","","","","","","",20000607,20000607,20000619,20000607,20081001,0,0,"",2020,20211209
"Westervoort","","74","Stichting","88999","Overig maatsch.adv./gemeenschapshuizen","","","","","","",20000615,20000615,0,0,0,0,0,"",0,0
"Lochem","H","41","Besloten vennootschap met gewone structuur","6420","Financiële holdings","","","","","","",20000810,20000810,20210409,20000530,20210406,0,20000810,"",2020,20210928
"Braamt","","71","Vereniging met volledige rechtsbevoegdheid","90011","Beoefening van podiumkunst","","","","","","",20000609,20000609,0,0,0,0,0,"",0,0
"Vragender","H","41","Besloten vennootschap met gewone structuur","6420","Financiële holdings","","","","","","",20000331,20000331,20000619,20000331,20080826,0,0,"",2020,20210611
"Vragender","H","41","Besloten vennootschap met gewone structuur","6810","Handel in eigen onroerend goed","4120","Algemene burgerlijke en utiliteitsbouw","47915","Internethandel huis- en tuinartikelen","","",20000331,20000331,20000619,19970101,20080826,0,20000331,"",2020,20210611
"Oosterbeek","H","41","Besloten vennootschap met gewone structuur","6420","Financiële holdings","","","","","","",20000710,20000710,20000619,20000401,20150129,0,20000710,"",2020,20211130
"Andelst","H","41","Besloten vennootschap met gewone structuur","6420","Financiële holdings","","","","","","",20000710,20000710,20000619,20000401,0,0,20000710,"",2020,20220613
"Doesburg","H","01","Eenmanszaak","4120","Algemene burgerlijke en utiliteitsbouw","","","","","N","N",0,0,20000619,20000619,20040701,0,0,"",0,0
"Giessenburg","H","01","Eenmanszaak","4120","Algemene burgerlijke en utiliteitsbouw","","","","","","",0,0,20000616,19990101,0,0,0,"",0,0
"Drunen","H","41","Besloten vennootschap met gewone structuur","70221","Organisatie-adviesbureaus","68203","Verhuur van overige woonruimte","78202","Uitleenbureaus","J","N",20000531,20000531,20011130,20000531,20190709,0,0,"",2020,20220324
"Tiel","H","01","Eenmanszaak","4120","Algemene burgerlijke en utiliteitsbouw","","","","","","",0,0,20211110,20000619,20211101,0,0,"",0,0
"Oss","H","41","Besloten vennootschap met gewone structuur","70221","Organisatie-adviesbureaus","45112","Handel/rep. personen-/lichte bedr.auto's","","","","",20000616,20000616,20091009,20000616,20130830,0,0,"",2019,20200317
"Zoelen","H","41","Besloten vennootschap met gewone structuur","70102","Holdings (geen financiële)","","","","","","",20000531,20000531,20000616,19991231,0,0,20000531,"",2020,20211203
"Woudrichem","H","01","Eenmanszaak","1813","Prepress- en premedia-activiteiten","6201","Ontwikkelen/produceren/uitgeven software","47241","Winkels in brood en banket","","",0,0,20000925,20000619,20060313,0,0,"",0,0
"Venlo","H","01","Eenmanszaak","47789","Winkels gespec. in overige art. (rest)","","","","","N","N",0,0,20000616,20000501,0,0,0,"",0,0
"Horn","H","01","Eenmanszaak","96021","Haarverzorging","","","","","N","N",0,0,20000616,20000401,0,0,0,"",0,0
"Lottum","H","41","Besloten vennootschap met gewone structuur","6420","Financiële holdings","","","","","N","N",20000613,20000613,20000616,20000613,0,0,0,"",2020,20210614
"Merselo","H","74","Stichting","88999","Overig maatsch.adv./gemeenschapshuizen","93196","Overkoepelende organen e.d. (sport)","93199","Overige sportactiviteiten (rest)","N","N",20000605,20000605,20110203,20011026,20200214,0,0,"",0,0
"Wamel","H","41","Besloten vennootschap met gewone structuur","46738","Groothandel gespec. in overige bouwmat.","82999","Overige zakelijke dienstverlening (rest)","","","N","N",20070914,20070914,20050126,20000616,20190214,0,20070914,"",2020,20211228
"Sittard","H","41","Besloten vennootschap met gewone structuur","45112","Handel/rep. personen-/lichte bedr.auto's","45311","GH/HB auto-ond./-access. (geen banden)","","","N","N",19760506,19760506,20000615,19620000,20121206,0,19760506,"",2019,20210302
"Kerkrade","H","41","Besloten vennootschap met gewone structuur","70102","Holdings (geen financiële)","","","","","N","N",20000531,20000531,20000615,20000531,20191001,0,0,"",2020,20211228
"Amsterdam","H","01","Eenmanszaak","88101","Thuiszorg","64923","Participatiemaatschappijen","","","N","N",0,0,20020918,20000615,20120201,0,0,"",0,0
"Born","H","01","Eenmanszaak","4941","Goederenvervoer over weg (geen verhuiz.)","","","","","N","N",0,0,20000615,20000615,0,0,0,"",0,0
"Buchten","H","41","Besloten vennootschap met gewone structuur","70102","Holdings (geen financiële)","6832","Beheer van onroerend goed","","","N","N",20000531,20000531,20000615,20000531,20210914,0,0,"",2019,20210217
"Heerlen","H","01","Eenmanszaak","47299","Gesp. winkels in ov. voedings-/genotm.","","","","","N","N",0,0,20000615,20000615,20200602,0,0,"",0,0
"Kerkrade","H","11","Vennootschap onder firma","47789","Winkels gespec. in overige art. (rest)","","","","","N","N",20040101,0,20000616,20000615,20170701,0,20040101,"",0,0
"Schinnen","H","41","Besloten vennootschap met gewone structuur","45112","Handel/rep. personen-/lichte bedr.auto's","","","","","N","N",20000531,20000531,20000616,20000531,20010419,0,0,"",2020,20220329
"Kerkrade","H","41","Besloten vennootschap met gewone structuur","6831","Bemidd. bij handel/huur/verhuur onr.goed","66193","Hypotheek-/kredietbem./bankagentschappen","","","N","N",20000606,20000606,20000616,20000606,0,0,0,"",2020,20210608
"Born","H","41","Besloten vennootschap met gewone structuur","43221","Loodg.- en fitterswerk; inst. sanitair","47597","Winkels in huishoudelijke art. alg. ass.","43222","Inst. verwarmings-/luchtbehandelingsapp.","J","J",20000531,20000531,20000616,20000531,20020101,0,0,"",2019,20210217
"Beek","H","41","Besloten vennootschap met gewone structuur","7311","Reclamebureaus","","","","","N","N",20000531,20000531,20000616,20000531,0,0,0,"",2020,20220224
"Beek","H","41","Besloten vennootschap met gewone structuur","7311","Reclamebureaus","4941","Goederenvervoer over weg (geen verhuiz.)","","","N","N",20000531,20000531,20000616,20000531,20170501,0,0,"",2020,20220615
"Beek","","74","Stichting","6420","Financiële holdings","","","","","","",20000531,20000531,0,0,0,0,0,"",0,0
"Nijmegen","","74","Stichting","9003","Schrijven en overige scheppende kunst","59111","Prod. films (geen televisiefilms)","","","","",20000607,20000607,20090908,0,0,0,0,"",0,0
"Bunde","","72","Vereniging met beperkte rechtsbevoegdheid","64303","Beleggingsinst. met beperkte toetreding","","","","","","",19981020,0,0,0,0,0,0,"",0,0
"Reijmerstok","H","41","Besloten vennootschap met gewone structuur","42111","Wegenbouw","47528","Bouwmarkten/winkels bouwmat. alg.ass.","","","N","N",20000607,20000607,20000616,20000607,0,0,0,"",2013,20150626
"Brunssum","H","01","Eenmanszaak","46738","Groothandel gespec. in overige bouwmat.","","","","","N","N",0,0,20000619,20000101,20190301,0,0,"",0,0
"Stein","H","01","Eenmanszaak","4120","Algemene burgerlijke en utiliteitsbouw","","","","","N","N",0,0,20000619,20000619,20170714,0,0,"",0,0
"Veldhoven","H","01","Eenmanszaak","90011","Beoefening van podiumkunst","","","","","N","N",0,0,20000614,20000420,0,0,0,"",0,0
"'s-Hertogenbosch","H","41","Besloten vennootschap met gewone structuur","6201","Ontwikkelen/produceren/uitgeven software","6311","Gegevensverw./webhosting/aanverw. activ.","6202","Advisering ohgv informatietechnologie","N","N",20051130,20051130,20000614,20000601,20220412,0,20051130,"",2020,20210707
"Nistelrode","H","41","Besloten vennootschap met gewone structuur","7320","Markt- en opinieonderzoekbureaus","","","","","N","N",20000531,20000531,20000614,20000531,0,0,0,"",2020,20210401
"Someren","H","41","Besloten vennootschap met gewone structuur","4321","Elektrotechnische bouwinstallatie","8010","Particuliere beveiliging","","","N","N",20070926,20070926,20000614,20000601,20140708,0,20070926,"",2021,20220411
"Eindhoven","","71","Vereniging met volledige rechtsbevoegdheid","94997","Overige belangenbehartiging (rest)","","","","","","",20000413,20000413,0,0,0,0,0,"",0,0
"Helmond","","71","Vereniging met volledige rechtsbevoegdheid","90011","Beoefening van podiumkunst","","","","","","",20000609,20000609,0,0,0,0,0,"",0,0
"Eindhoven","H","41","Besloten vennootschap met gewone structuur","85592","Bedrijfsopleiding en -training","","","","","N","N",20010104,20010104,20150206,20000615,20201210,0,20010104,"",2015,20160914
"'s-Hertogenbosch","","74","Stichting","66191","Admin.kantoren voor aandelen/obligaties","","","","","","",20000531,20000531,0,0,0,0,0,"",0,0
"Heusden","","71","Vereniging met volledige rechtsbevoegdheid","9411","Bedrijfs- en werkgeversorganisaties","","","","","","",20000614,20000614,0,0,0,0,0,"",0,0
"Boxtel","H","41","Besloten vennootschap met gewone structuur","6420","Financiële holdings","","","","","N","N",20000901,20000901,20000616,20000614,20190510,0,20000901,"",2020,20220609
"Utrecht","H","41","Besloten vennootschap met gewone structuur","8891","Kinderopvang","","","","","N","N",20000901,20000901,20190703,20000614,20190702,0,20000901,"",2020,20211223
"Budel","H","01","Eenmanszaak","4339","Overige afwerking van gebouwen","","","","","","",0,0,20000616,20000616,20200803,0,20070101,"",0,0
"Sterksel","H","41","Besloten vennootschap met gewone structuur","6201","Ontwikkelen/produceren/uitgeven software","","","","","N","N",20090518,20090518,20000616,20000616,20190911,0,20090518,"",2020,20210322
"Eindhoven","","74","Stichting","70102","Holdings (geen financiële)","","","","","","",20000614,20000614,0,0,0,0,0,"",0,0
"Nistelrode","H","41","Besloten vennootschap met gewone structuur","6420","Financiële holdings","","","","","N","N",20000525,20000525,20000614,19960601,20060307,0,20000525,"",2010,20120201
"Oss","H","01","Eenmanszaak","4334","Schilderen en glaszetten","","","","","","",0,0,20000619,20000619,20061116,0,0,"",0,0
"Helmond","H","01","Eenmanszaak","4120","Algemene burgerlijke en utiliteitsbouw","","","","","","",0,0,20000619,20000626,20131009,0,0,"",0,0
"Kerkdriel","H","01","Eenmanszaak","70221","Organisatie-adviesbureaus","85592","Bedrijfsopleiding en -training","","","N","N",0,0,20010806,20000601,20010806,0,0,"",0,0
"Eindhoven","H","01","Eenmanszaak","69203","Boekhoudkantoren","","","","","","",0,0,20000619,20000601,20110301,0,0,"",0,0
"Heeswijk-Dinther","H","11","Vennootschap onder firma","47782","Winkels in optische artikelen","","","","","N","N",20000101,0,20000616,19861201,0,0,20000101,"",0,0
"Geldrop","H","01","Eenmanszaak","3212","Bewerken edelstenen en verv. sieraden","","","","","","",0,0,20000619,20000616,20031001,0,0,"",0,0
"Langenboom","H","11","Vennootschap onder firma","93125","Paardensport en maneges","","","","","N","N",20000101,0,20000619,20000101,0,0,0,"",0,0
"Tilburg","","74","Stichting","6832","Beheer van onroerend goed","","","","","","",20000530,20000530,0,0,0,0,0,"",0,0
"Breda","H","41","Besloten vennootschap met gewone structuur","6831","Bemidd. bij handel/huur/verhuur onr.goed","","","","","","",20000918,20000918,20080118,20000401,20200601,0,20000918,"",2020,20220222
"Tilburg","","71","Vereniging met volledige rechtsbevoegdheid","70222","Advisering ohgv management/bedrijfsv.","","","","","","",20000606,20000606,0,0,0,0,0,"",0,0
"Tilburg","H","01","Eenmanszaak","45311","GH/HB auto-ond./-access. (geen banden)","","","","","J","J",0,0,20000616,20000619,20070801,0,0,"",0,0
"Oisterwijk","H","01","Eenmanszaak","70221","Organisatie-adviesbureaus","","","","","","",0,0,20000619,20000626,20200630,0,0,"",0,0
"Tilburg","H","41","Besloten vennootschap met gewone structuur","4941","Goederenvervoer over weg (geen verhuiz.)","52109","Opslag in distr.centra en overige opslag","78202","Uitleenbureaus","","",20000627,20000627,20000619,20000501,20080218,0,20000627,"",2021,20220217
"Diessen","H","41","Besloten vennootschap met gewone structuur","70102","Holdings (geen financiële)","6622","Assurantietussenpersonen","","","","",20000616,20000616,20000619,20000616,20030611,0,0,"",2020,20211223
"Etten-Leur","","74","Stichting","88993","Lokaal welzijnswerk","","","","","","",20000606,20000606,0,0,0,0,0,"",0,0
"Halsteren","H","41","Besloten vennootschap met gewone structuur","47789","Winkels gespec. in overige art. (rest)","2223","Verv. kunststofproducten voor de bouw","","","","",20000531,20000531,20000615,20000531,0,0,0,"",2020,20220506
"Oud Gastel","","71","Vereniging met volledige rechtsbevoegdheid","55201","Verh. vakantiehuisjes en appartementen","","","","","","",20000606,20000606,0,0,0,0,0,"",0,0
"Breda","H","41","Besloten vennootschap met gewone structuur","6420","Financiële holdings","4614","HB mach./techn.ben./schepen/vliegtuigen","","","","",20000529,20000529,20000615,20000529,0,0,0,"",2020,20210907
"Roosendaal","H","41","Besloten vennootschap met gewone structuur","7320","Markt- en opinieonderzoekbureaus","","","","","","",20000329,20000329,20000616,20000329,20140401,0,0,"",2020,20211122
"Breda","H","01","Eenmanszaak","7311","Reclamebureaus","6201","Ontwikkelen/produceren/uitgeven software","7490","Overige special. zakelijke dienstverl.","","",0,0,20000619,20000619,20080801,0,0,"",0,0
"Rijsbergen","H","01","Eenmanszaak","2562","Algemene metaalbewerking","33121","Rep./onderh. mach. voor algemeen gebruik","","","","",0,0,20000619,20000619,0,0,0,"",0,0
"Goes","H","41","Besloten vennootschap met gewone structuur","6420","Financiële holdings","","","","","N","N",20000529,20000529,20000605,20000529,20141223,0,0,"",2020,20210615
"Terneuzen","H","41","Besloten vennootschap met gewone structuur","6420","Financiële holdings","","","","","N","N",20000529,20000529,20000605,20000529,20070824,0,0,"",2021,20220512
"Renesse","","74","Stichting","9002","Dienstverlening voor uitvoerende kunst","","","","","","",20000530,20000530,0,0,0,0,0,"",0,0
"Noordwijk","H","41","Besloten vennootschap met gewone structuur","6612","Commissionairs/makelaars in effecten ed","","","","","N","N",20000531,20000531,20181008,20000531,20180921,0,0,"",2020,20211030
"Kruiningen","","74","Stichting","85201","Basisonderwijs voor leerplichtigen","","","","","","",20000509,20000509,0,0,0,0,0,"",0,0
"Kloetinge","H","41","Besloten vennootschap met gewone structuur","6420","Financiële holdings","","","","","N","N",20000531,20000531,20000605,20000531,20021005,0,0,"",2020,20211007
"'s-Heer Hendrikskinderen","H","41","Besloten vennootschap met gewone structuur","6420","Financiële holdings","","","","","N","N",20000531,20000531,20000605,20000531,20001208,0,0,"",2020,20211007
"Kruiningen","H","41","Besloten vennootschap met gewone structuur","01301","Teelt van bloembollen","0161","Dienstverl. akker- en/of tuinbouw","","","N","N",20000530,20000530,20000615,20000530,20150722,0,0,"",2020,20210724
"Hengstdijk","H","01","Eenmanszaak","9313","Fitnesscentra","","","","","N","N",0,0,20000616,20000101,0,0,20050501,"",0,0
"Goes","H","41","Besloten vennootschap met gewone structuur","6420","Financiële holdings","","","","","N","N",20000614,20000614,20000616,20000614,20100115,0,0,"",2021,20220318
"Terneuzen","","71","Vereniging met volledige rechtsbevoegdheid","5630","Cafés","","","","","","",19640110,0,0,0,0,0,0,"",0,0
"Grijpskerke","H","01","Eenmanszaak","43999","Overige gespec. werkz. in de bouw (rest)","4120","Algemene burgerlijke en utiliteitsbouw","","","N","N",0,0,20000619,20000626,20060506,0,0,"",0,0
"Oud-Vossemeer","","71","Vereniging met volledige rechtsbevoegdheid","9002","Dienstverlening voor uitvoerende kunst","","","","","","",19991117,20000616,0,0,0,0,0,"",0,0
"Vlaardingen","H","41","Besloten vennootschap met gewone structuur","46723","GH non-ferrometalen en -halffabrikaten","","","","","J","J",20000531,20000531,20210610,20000531,20220101,0,0,"",2020,20211230
"Hoogvliet Rotterdam","H","41","Besloten vennootschap met gewone structuur","6420","Financiële holdings","","","","","N","N",20000614,20000614,20000616,20000614,0,0,0,"",2015,20160919
"Gouda","H","41","Besloten vennootschap met gewone structuur","6831","Bemidd. bij handel/huur/verhuur onr.goed","","","","","N","N",20001108,20001108,20000616,20000501,0,0,20001108,"",2020,20210114
"Dordrecht","H","41","Besloten vennootschap met gewone structuur","68204","Verh. onroerend goed (niet v woonruimte)","","","","","N","N",20000818,20000818,20000616,20000601,20010820,0,20000818,"",2020,20210609
"Krimpen aan den IJssel","H","01","Eenmanszaak","8130","Landschapsverzorging","7490","Overige special. zakelijke dienstverl.","","","N","N",0,0,20000616,20000616,20061012,0,0,"",0,0
"Hoek van Holland","H","01","Eenmanszaak","5630","Cafés","","","","","N","N",0,0,20000616,20000601,0,0,20031020,"",0,0
"Simonshaven","H","41","Besloten vennootschap met gewone structuur","46741","Groothandel in ijzer- en metaalwaren","","","","","J","N",20010208,20010208,20000616,20000613,0,0,20010208,"",2020,20210729
"Appeltern","H","41","Besloten vennootschap met gewone structuur","6201","Ontwikkelen/produceren/uitgeven software","","","","","N","N",20000817,20000817,20140412,20000613,20041206,0,20000817,"",2020,20211210
"Sint-Maartensdijk","H","01","Eenmanszaak","6201","Ontwikkelen/produceren/uitgeven software","","","","","N","N",0,0,20210511,20000615,20210426,0,0,"",0,0
"Heerjansdam","H","41","Besloten vennootschap met gewone structuur","6630","Vermogensbeheer","64303","Beleggingsinst. met beperkte toetreding","","","N","N",20000704,20000704,20000616,20000101,20060601,0,20000704,"",2021,20220331
"Burgum","H","41","Besloten vennootschap met gewone structuur","64303","Beleggingsinst. met beperkte toetreding","70221","Organisatie-adviesbureaus","","","N","N",20000608,20000608,20020103,20000608,20190915,0,0,"",2020,20210818
"Vierpolders","H","41","Besloten vennootschap met gewone structuur","6831","Bemidd. bij handel/huur/verhuur onr.goed","66193","Hypotheek-/kredietbem./bankagentschappen","","","N","N",20000526,20000526,20000616,19850215,0,0,20000526,"",2020,20220407
"Rotterdam","H","41","Besloten vennootschap met gewone structuur","32501","Tandtechnische bedrijven","47591","Winkels in meubels","47789","Winkels gespec. in overige art. (rest)","N","N",20000710,20000710,20000616,20000615,20110110,0,20000710,"",2020,20211214
"Hardinxveld-Giessendam","","71","Vereniging met volledige rechtsbevoegdheid","5530","Kampeerterreinen","94997","Overige belangenbehartiging (rest)","","","","",20000615,20000615,0,0,0,0,0,"",0,0
"Capelle aan den IJssel","H","41","Besloten vennootschap met gewone structuur","7311","Reclamebureaus","","","","","N","N",20001012,20001012,20000616,20000501,20150112,0,20001012,"",2020,20210609
"Rotterdam","H","41","Besloten vennootschap met gewone structuur","6420","Financiële holdings","49391","Ongeregeld personenvervoer over de weg","","","N","N",20000731,20000731,20000616,20000615,20121228,0,20000731,"",2020,20210903
"Rotterdam","","74","Stichting","94993","Steunfondsen (niet ohgv welzijnszorg)","","","","","","",19870618,19870618,0,0,0,0,0,"",0,0
"Sliedrecht","H","41","Besloten vennootschap met gewone structuur","6420","Financiële holdings","","","","","N","N",20000530,20000530,20000616,20000530,20171115,0,0,"",2020,20210622
"Dordrecht","H","01","Eenmanszaak","4120","Algemene burgerlijke en utiliteitsbouw","","","","","","",0,0,20000619,20000619,20070101,0,0,"",0,0
"Rotterdam","","74","Stichting","69209","Overige administratiekantoren","","","","","","",20000607,20000607,0,0,0,0,0,"",0,0
"Schiedam","","72","Vereniging met beperkte rechtsbevoegdheid","94997","Overige belangenbehartiging (rest)","","","","","","",19920401,19920401,0,0,0,0,0,"",0,0
"Nieuwerkerk ad IJssel","H","41","Besloten vennootschap met gewone structuur","6420","Financiële holdings","","","","","N","N",20031212,20031212,20000619,20000601,20081222,0,20031212,"",2021,20220217
"Europoort Rotterdam","H","41","Besloten vennootschap met gewone structuur","6832","Beheer van onroerend goed","","","","","N","N",20000531,20000531,20000619,20000531,20141002,0,0,"",2018,20200130
"Schoonhoven","H","41","Besloten vennootschap met gewone structuur","6420","Financiële holdings","","","","","N","N",20000531,20000531,20000619,20000531,0,0,0,"",2020,20211011
"Vlaardingen","","74","Stichting","64303","Beleggingsinst. met beperkte toetreding","","","","","","",20000309,20000309,0,0,0,0,0,"",0,0
"Berg en Terblijt","H","41","Besloten vennootschap met gewone structuur","70222","Advisering ohgv management/bedrijfsv.","","","","","N","N",20000819,20000819,20021216,20000301,20021115,0,20000819,"",2018,20200113
"Velddriel","H","41","Besloten vennootschap met gewone structuur","45112","Handel/rep. personen-/lichte bedr.auto's","45203","Reparatie van specifieke auto-onderdelen","","","J","J",20010905,20010905,20010312,20000601,20011218,0,20010905,"",2021,20220510
"Rotterdam","","71","Vereniging met volledige rechtsbevoegdheid","90011","Beoefening van podiumkunst","","","","","","",19590110,20000530,0,0,0,0,0,"",0,0
"Leusden","H","01","Eenmanszaak","9002","Dienstverlening voor uitvoerende kunst","71112","Interieurarchitecten","","","N","N",0,0,20051125,20000619,20051115,0,0,"",0,0
"'s-Gravenhage","","74","Stichting","88999","Overig maatsch.adv./gemeenschapshuizen","","","","","","",20000428,20000428,0,0,0,0,0,"",0,0
"'s-Gravenhage","H","41","Besloten vennootschap met gewone structuur","56101","Restaurants","","","","","N","N",20000531,20000531,20000613,19840401,0,0,20000531,"",2020,20220207
"'s-Gravenhage","H","01","Eenmanszaak","1512","Verv. koffers, tassen, zadels e.d.","47899","Markthandel in overige goederen","46499","GH ov. consumentenart. (non-food) (rest)","J","J",0,0,20000616,20000619,0,0,0,"",0,0
"'s-Gravenhage","","71","Vereniging met volledige rechtsbevoegdheid","94997","Overige belangenbehartiging (rest)","","","","","","",20000328,20000328,0,0,0,0,0,"",0,0
"1050 Brussel","","71","Vereniging met volledige rechtsbevoegdheid","64923","Participatiemaatschappijen","","","","","","",19991123,0,0,0,0,0,0,"",0,0
"Nieuw-Vennep","","71","Vereniging met volledige rechtsbevoegdheid","94991","Gezelligheidsverenigingen","","","","","","",20000613,20000613,0,0,0,0,0,"",0,0
"'s-Gravenhage","H","41","Besloten vennootschap met gewone structuur","6420","Financiële holdings","","","","","N","N",20000531,20000531,20000615,20000531,20170224,0,0,"",2020,20210914
"'s-Gravenhage","H","41","Besloten vennootschap met gewone structuur","6420","Financiële holdings","","","","","","",20000531,20000531,20000615,20000531,20170224,0,0,"",2020,20210720
"'s-Gravenhage","H","41","Besloten vennootschap met gewone structuur","6420","Financiële holdings","","","","","","",20000608,20000608,20000615,20000608,20020706,0,0,"",2020,20220428
"'s-Gravenhage","H","41","Besloten vennootschap met gewone structuur","78201","Uitzendbureaus","85592","Bedrijfsopleiding en -training","","","N","N",20000531,20000531,20000615,19880506,20161207,0,20000531,"",2020,20210721
"'s-Gravenhage","H","41","Besloten vennootschap met gewone structuur","78201","Uitzendbureaus","","","","","","",20000531,20000531,20000615,20000531,20161010,0,0,"",2020,20210720
"'s-Gravenzande","H","01","Eenmanszaak","49391","Ongeregeld personenvervoer over de weg","","","","","N","N",0,0,20000616,20000616,0,0,0,"",0,0
"Waalre","","74","Stichting","90011","Beoefening van podiumkunst","","","","","","",20000608,20000608,0,0,0,0,0,"",0,0
"Rijswijk","H","41","Besloten vennootschap met gewone structuur","64303","Beleggingsinst. met beperkte toetreding","","","","","N","N",20000609,20000609,20000615,20000609,0,0,0,"",2020,20220612
"Ridderkerk","H","01","Eenmanszaak","2562","Algemene metaalbewerking","","","","","N","N",0,0,20080327,20000601,20080213,0,0,"",0,0
"Leidschendam","H","41","Besloten vennootschap met gewone structuur","6420","Financiële holdings","","","","","","",20000526,20000526,20000619,20000526,20010701,0,0,"",2020,20220607
"Egmond aan Zee","H","41","Besloten vennootschap met gewone structuur","6420","Financiële holdings","","","","","N","N",20000526,20000526,20040330,20000526,20070901,0,0,"",2019,20210517
"'s-Gravenhage","H","01","Eenmanszaak","6831","Bemidd. bij handel/huur/verhuur onr.goed","","","","","N","N",0,0,20000619,20000619,20010726,0,20030101,"",0,0
"'s-Gravenhage","H","01","Eenmanszaak","96022","Schoonheidsverzorging/pedi-/manicures","","","","","N","N",0,0,20000619,20000619,20191222,0,0,"",0,0
"'s-Gravenhage","H","01","Eenmanszaak","81221","Glazenwassen","","","","","","",0,0,20000619,20000401,20150507,0,0,"",0,0
"'s-Gravenhage","H","41","Besloten vennootschap met gewone structuur","6202","Advisering ohgv informatietechnologie","78202","Uitleenbureaus","","","N","N",20000703,20000703,20000619,20000601,20080303,0,20000703,"",2017,20190612
"'s-Gravenhage","H","41","Besloten vennootschap met gewone structuur","47292","Winkels in natuurvoeding/reformartikelen","47789","Winkels gespec. in overige art. (rest)","47918","Internethandel overige non-food","N","N",20071128,20071128,20000619,20000620,20050401,0,20071128,"",2018,20201120
"Voorhout","H","41","Besloten vennootschap met gewone structuur","69101","Advocatenkantoren, bewindv. en curatoren","","","","","N","N",20000530,20000530,20000614,20000530,20060601,0,0,"",2020,20220120
"Noordwijkerhout","","71","Vereniging met volledige rechtsbevoegdheid","94996","Overige ideële organisaties (rest)","","","","","","",20000512,20000512,0,0,0,0,0,"",0,0
"Boskoop","","74","Stichting","64303","Beleggingsinst. met beperkte toetreding","","","","","","",19851127,19851127,0,0,0,0,0,"",0,0
"Hillegom","","74","Stichting","9002","Dienstverlening voor uitvoerende kunst","","","","","","",20000425,20000425,0,0,0,0,0,"",0,0
"Nieuwkoop","H","11","Vennootschap onder firma","4120","Algemene burgerlijke en utiliteitsbouw","","","","","N","N",20000504,0,20000616,20000504,20050818,0,0,"",0,0
"Voorhout","H","11","Vennootschap onder firma","4723","Winkels in vis","","","","","N","N",20070101,0,20000616,20000616,20100101,0,20070101,"",0,0
"Veessen","","74","Stichting","88992","Maatschappelijk werk","","","","","","",20000209,20000209,20141001,0,0,0,0,"",0,0
"Sassenheim","H","41","Besloten vennootschap met gewone structuur","69204","Belastingconsulenten","","","","","N","N",20000825,0,20000901,20000523,0,0,20000825,"",2020,20211008
"Rijnsburg","H","41","Besloten vennootschap met gewone structuur","6202","Advisering ohgv informatietechnologie","70221","Organisatie-adviesbureaus","","","N","N",20000726,20000726,20000807,20000601,20151030,0,20000726,"",2020,20211026
"Voorhout","H","41","Besloten vennootschap met gewone structuur","70102","Holdings (geen financiële)","","","","","N","N",20000530,20000530,20000616,20000530,20060101,0,0,"",2020,20211203
"Nieuwveen","H","41","Besloten vennootschap met gewone structuur","46695","Groothandel in meet- en regelapparaten","","","","","N","N",20050427,20050427,20000616,20000616,0,0,20050427,"",2015,20161117
"Leiderdorp","H","01","Eenmanszaak","6202","Advisering ohgv informatietechnologie","","","","","N","N",0,0,20000616,20000619,0,0,0,"",0,0
"Driebergen-Rijsenburg","H","41","Besloten vennootschap met gewone structuur","6420","Financiële holdings","","","","","","",20000607,20000607,20000616,20000607,20141001,0,0,"",2020,20211230
"Amsterdam","H","41","Besloten vennootschap met gewone structuur","6420","Financiële holdings","","","","","","",20000609,20000609,20090111,20000609,20091230,0,0,"",2021,20220531
"'s-Gravenhage","H","41","Besloten vennootschap met gewone structuur","6420","Financiële holdings","","","","","","",20000614,20000614,20041227,20000614,20190110,0,0,"",2020,20211118
"Oosterwijk","H","01","Eenmanszaak","70222","Advisering ohgv management/bedrijfsv.","8211","Brede administratieve dienstverlening","","","","",0,0,20070904,20000616,20070901,0,20051115,"",0,0
"Maarn","H","41","Besloten vennootschap met gewone structuur","8211","Brede administratieve dienstverlening","7490","Overige special. zakelijke dienstverl.","","","","",20020527,20020527,20000616,20000616,20160215,0,20020527,"",2016,20180622
"Rotterdam","H","41","Besloten vennootschap met gewone structuur","66191","Admin.kantoren voor aandelen/obligaties","","","","","","",20000609,20000609,20070507,20000609,20211022,0,0,"",2020,20210426
"'t Goy","H","41","Besloten vennootschap met gewone structuur","70102","Holdings (geen financiële)","","","","","","",20000331,20000331,20000616,20000331,0,0,0,"",2020,20220105
"Bunnik","H","01","Eenmanszaak","96021","Haarverzorging","","","","","","",0,0,20000616,20000601,20201210,0,0,"",0,0
"Almere","H","41","Besloten vennootschap met gewone structuur","6209","Ov. dienstv. act. ohgv informatietechn.","","","","","","",20000828,20000828,20210921,20000501,20161001,0,20000828,"",2017,20190301
"Wilnis","H","01","Eenmanszaak","0161","Dienstverl. akker- en/of tuinbouw","0162","Dienstverl. voor fokken en houden dieren","","","","",0,0,20000616,20000401,0,0,0,"",0,0
"Utrecht","H","41","Besloten vennootschap met gewone structuur","7430","Vertalers en tolken","78202","Uitleenbureaus","","","","",20000531,20000531,20000616,19831001,20160201,0,20000531,"",2020,20211007
"Woerden","H","41","Besloten vennootschap met gewone structuur","2562","Algemene metaalbewerking","","","","","","",20080206,20080206,20000616,20000619,20161201,0,20080206,"",2020,20210223
"Harmelen","","74","Stichting","94997","Overige belangenbehartiging (rest)","","","","","","",20000510,20000510,0,0,0,0,0,"",0,0
"Utrecht","H","11","Vennootschap onder firma","3109","Vervaardiging van overige meubels","","","","","","",20030401,0,20000619,20000101,20190318,0,20030401,"",0,0
"Utrecht","","74","Stichting","90011","Beoefening van podiumkunst","","","","","","",20000608,20000608,0,0,0,0,0,"",0,0
"Houten","H","41","Besloten vennootschap met gewone structuur","6312","Webportals","","","","","","",20000615,20000615,20000619,20000615,20090605,0,0,"",2020,20211124
"Utrecht","","74","Stichting","94997","Overige belangenbehartiging (rest)","","","","","","",20000605,20000605,0,0,0,0,0,"",0,0
"Veenendaal","H","41","Besloten vennootschap met gewone structuur","7112","Ingenieurs/overig techn. ontwerp/advies","","","","","","",20000531,20000531,20000619,19920501,20211201,0,20000531,"",2021,20220302
"Vorden","H","01","Eenmanszaak","70222","Advisering ohgv management/bedrijfsv.","","","","","","",0,0,20080117,20000615,20120203,0,0,"",0,0
"Utrecht","H","41","Besloten vennootschap met gewone structuur","6831","Bemidd. bij handel/huur/verhuur onr.goed","","","","","","",20000531,20000531,20000619,20000531,20130301,0,0,"",2019,20201118
"Vleuten","H","01","Eenmanszaak","0161","Dienstverl. akker- en/of tuinbouw","01241","Teelt van appels en peren","","","","",0,0,20000608,20000601,0,0,0,"",0,0
"Utrecht","","71","Vereniging met volledige rechtsbevoegdheid","94991","Gezelligheidsverenigingen","","","","","","",20000419,20000419,0,0,0,0,0,"",0,0
"Vinkeveen","","72","Vereniging met beperkte rechtsbevoegdheid","93194","Supportersverenigingen (sport)","","","","","","",19830818,0,0,0,0,0,0,"",0,0
"Amsterdam","","72","Vereniging met beperkte rechtsbevoegdheid","94997","Overige belangenbehartiging (rest)","","","","","","",20000510,0,0,0,0,0,0,"",0,0
"Veenendaal","H","01","Eenmanszaak","4333","Afwerking van vloeren en wanden","","","","","","",0,0,20000619,20000620,20181230,0,0,"",0,0
"Almere","H","01","Eenmanszaak","4334","Schilderen en glaszetten","","","","","","",0,0,20000616,20000616,20120210,0,0,"",0,0
"Amsterdam","H","41","Besloten vennootschap met gewone structuur","7112","Ingenieurs/overig techn. ontwerp/advies","","","","","","",20000613,20000613,20150907,20000613,20150901,0,0,"",2020,20210708
"Leusden","H","41","Besloten vennootschap met gewone structuur","6201","Ontwikkelen/produceren/uitgeven software","4651","GH computers, randapparatuur en software","","","","",20000529,20000529,20000616,20000529,20090316,0,0,"",2020,20210720
"Soesterberg","H","01","Eenmanszaak","4120","Algemene burgerlijke en utiliteitsbouw","","","","","","",0,0,20000616,20000616,0,0,0,"",0,0
"Bunschoten-Spakenburg","H","41","Besloten vennootschap met gewone structuur","6420","Financiële holdings","","","","","","",20000531,20000531,20000616,20000531,20210218,0,0,"",2021,20220223
"Leusden","H","41","Besloten vennootschap met gewone structuur","6420","Financiële holdings","","","","","","",20000614,20000614,20000616,20000614,20070801,0,0,"",2021,20220525
"Putten","","74","Stichting","86929","Samenwerkingsorganen ohgv gez.zorg","","","","","","",20000609,20000609,0,0,0,0,0,"",0,0
"Amersfoort","","74","Stichting","64301","Beleggingsinstell. in financiële activa","","","","","","",20000613,20000613,0,0,0,0,0,"",2004,20060116
"Almere","H","01","Eenmanszaak","4334","Schilderen en glaszetten","","","","","","",0,0,20050401,20000612,20050325,0,0,"",0,0
"Leusden","","74","Stichting","64301","Beleggingsinstell. in financiële activa","","","","","","",20000525,20000525,0,0,0,0,0,"",0,0
"Bunschoten-Spakenburg","H","41","Besloten vennootschap met gewone structuur","6420","Financiële holdings","","","","","","",20000704,20000704,20000619,20000619,0,0,20000704,"",2020,20220207
"Amersfoort","","74","Stichting","94911","Religieuze organisaties","","","","","","",20000512,20000512,0,0,0,0,0,"",0,0
"Leusden","","74","Stichting","64301","Beleggingsinstell. in financiële activa","","","","","","",20000525,20000525,0,0,0,0,0,"",0,0
"Leusden","","74","Stichting","64301","Beleggingsinstell. in financiële activa","","","","","","",20000525,20000525,0,0,0,0,0,"",0,0
"Baarn","H","01","Eenmanszaak","81221","Glazenwassen","69203","Boekhoudkantoren","","","","",0,0,20000619,20000619,0,0,0,"",0,0
"Hilversum","H","41","Besloten vennootschap met gewone structuur","6420","Financiële holdings","","","","","N","N",20011030,20011030,20000619,20000601,20090724,0,20011030,"",2020,20211018
"Amsterdam","H","41","Besloten vennootschap met gewone structuur","6420","Financiële holdings","","","","","N","N",20000531,20000531,20000619,20000531,0,0,0,"",2020,20210806
"Amsterdam","","74","Stichting","94911","Religieuze organisaties","","","","","","",20000607,20000607,0,0,0,0,0,"",0,0
"Schiphol","H","41","Besloten vennootschap met gewone structuur","6420","Financiële holdings","","","","","N","N",20000605,20000605,20000619,20000605,20151215,0,0,"",2020,20211217
"Amsterdam","H","41","Besloten vennootschap met gewone structuur","6420","Financiële holdings","","","","","N","N",20000531,20000531,20000619,20000531,0,0,0,"",2009,20101122
"Amsterdam","H","41","Besloten vennootschap met gewone structuur","56101","Restaurants","5630","Cafés","","","N","N",20000531,20000531,20000619,20000531,20000531,0,20030501,"",2020,20211125
"Amsterdam","H","01","Eenmanszaak","70221","Organisatie-adviesbureaus","7810","Arbeidsbemiddeling","71203","Overige keuring en controle","N","N",0,0,20011203,20000616,20081006,0,0,"",0,0
"Hoofddorp","H","01","Eenmanszaak","70221","Organisatie-adviesbureaus","85592","Bedrijfsopleiding en -training","","","N","N",0,0,20000616,19950501,0,0,0,"",0,0
"Alkmaar","H","41","Besloten vennootschap met gewone structuur","64303","Beleggingsinst. met beperkte toetreding","","","","","N","N",20000615,20000615,20190319,20000615,20190227,0,0,"",2019,20200826
"Haarlem","H","41","Besloten vennootschap met gewone structuur","47911","Internethandel voeding en drogisterij","4634","Groothandel in dranken (geen zuivel)","64301","Beleggingsinstell. in financiële activa","N","N",20000530,20000530,20000616,20000530,20201012,0,0,"",2020,20220411
"Amstelveen","H","01","Eenmanszaak","4932","Vervoer per taxi","","","","","N","N",0,0,20000616,20000616,20110301,0,0,"",0,0
"Hoofddorp","H","01","Eenmanszaak","7112","Ingenieurs/overig techn. ontwerp/advies","2562","Algemene metaalbewerking","","","N","N",0,0,20000616,20000616,20071101,0,0,"",0,0
"Haarlem","H","01","Eenmanszaak","4339","Overige afwerking van gebouwen","4332","Bouwtimmeren","","","N","N",0,0,20000616,20000615,0,0,0,"",0,0
"Heemskerk","H","11","Vennootschap onder firma","47593","Winkels art. woninginrichting alg. ass.","47591","Winkels in meubels","85313","Praktijkonderwijs","N","N",20000616,0,20000616,20000616,20001101,0,0,"",0,0
"Purmerend","H","41","Besloten vennootschap met gewone structuur","7810","Arbeidsbemiddeling","9002","Dienstverlening voor uitvoerende kunst","","","N","N",20000628,20000628,20170301,20000601,20170301,0,20000628,"",2020,20220510
"Amsterdam","H","41","Besloten vennootschap met gewone structuur","4645","Groothandel in parfums en cosmetica","","","","","J","J",20000630,20000630,20050201,20000615,20151208,0,20000630,"",2020,20220215
"Amsterdam","H","41","Besloten vennootschap met gewone structuur","6831","Bemidd. bij handel/huur/verhuur onr.goed","7021","Adviesbureaus publ. relations en comm.","","","N","N",20010213,20010213,20000616,20000616,20030912,0,20010213,"",2020,20220404
"Amsterdam","H","01","Eenmanszaak","4941","Goederenvervoer over weg (geen verhuiz.)","4120","Algemene burgerlijke en utiliteitsbouw","","","N","N",0,0,20000616,20000202,20040202,0,0,"",0,0
"Amsterdam","H","41","Besloten vennootschap met gewone structuur","7311","Reclamebureaus","","","","","N","N",20061110,20061110,20000619,20000619,20011011,0,20061110,"",2020,20210617
"IJmuiden","H","41","Besloten vennootschap met gewone structuur","69103","Notariskantoren","","","","","N","N",20000530,20000530,20000619,20000530,20020328,0,0,"",2020,20210510
"Broek in Waterland","H","41","Besloten vennootschap met gewone structuur","64303","Beleggingsinst. met beperkte toetreding","","","","","N","N",20000822,20000822,20020731,20000401,20090917,0,20000822,"",2015,20160715
"Driehuis NH","H","41","Besloten vennootschap met gewone structuur","6420","Financiële holdings","","","","","N","N",20000530,20000530,20000619,20000530,0,0,0,"",2021,20220516
"Amsterdam","H","01","Eenmanszaak","59112","Productie van televisieprogramma's","","","","","N","N",0,0,20000619,20000619,20100806,0,0,"",0,0
"Amsterdam","H","41","Besloten vennootschap met gewone structuur","6420","Financiële holdings","","","","","N","N",20000616,20000616,20000619,20000616,20151214,0,0,"",2020,20211115
"Amsterdam","H","01","Eenmanszaak","85592","Bedrijfsopleiding en -training","7810","Arbeidsbemiddeling","","","N","N",0,0,20000619,20000619,20090824,0,0,"",0,0
"Santpoort-Zuid","H","41","Besloten vennootschap met gewone structuur","6420","Financiële holdings","","","","","N","N",20000922,20000922,20000619,20000627,20210329,0,20000922,"",2020,20211207
"Haarlem","H","41","Besloten vennootschap met gewone structuur","6420","Financiële holdings","","","","","N","N",20000922,20000922,20000619,20000627,20170601,0,20000922,"",2020,20211203
"Haarlem","H","41","Besloten vennootschap met gewone structuur","78202","Uitleenbureaus","7810","Arbeidsbemiddeling","6202","Advisering ohgv informatietechnologie","N","N",20000922,20000922,20000619,20000627,20120315,0,20000922,"",2021,20220521
"De Kwakel","H","41","Besloten vennootschap met gewone structuur","4622","Groothandel in bloemen en planten","","","","","N","J",20000531,0,20000619,20000531,20001211,0,0,"",2020,0
"Heemstede","H","01","Eenmanszaak","8230","Organiseren van congressen en beurzen","7311","Reclamebureaus","","","N","N",0,0,20000619,20000619,0,0,0,"",0,0
"Amsterdam","H","11","Vennootschap onder firma","56101","Restaurants","","","","","N","N",20000619,0,20000619,20000619,0,0,0,"",0,0
"Schiphol","H","41","Besloten vennootschap met gewone structuur","52291","Expediteurs/cargadoors/bevrachters e.d.","","","","","N","N",20000623,20000623,20000619,20000619,20000623,0,20000623,"",2020,20211230
"Uithoorn","H","01","Eenmanszaak","4651","GH computers, randapparatuur en software","47999","DH via overige distributievormen","","","N","N",0,0,20000619,20000619,20160229,0,0,"",0,0
"Vijfhuizen","H","11","Vennootschap onder firma","70221","Organisatie-adviesbureaus","88991","Ambulante jeugdzorg","85599","Studiebegeleiding/vorming/onderwijs","N","N",20090101,0,20000619,20000202,0,0,20090101,"",0,0
"Leersum","H","41","Besloten vennootschap met gewone structuur","64303","Beleggingsinst. met beperkte toetreding","74103","Interieur- en ruimtelijk ontwerp","","","N","N",20000728,20000728,20041001,20000616,20160805,0,20000728,"",2020,20210715
"Amsterdam","H","01","Eenmanszaak","7112","Ingenieurs/overig techn. ontwerp/advies","","","","","N","N",0,0,20000619,20000101,20030617,0,0,"",0,0
"Zandvoort","H","41","Besloten vennootschap met gewone structuur","6420","Financiële holdings","","","","","N","N",20000630,20000630,20000619,20000614,20120424,0,20000630,"",2019,20210420
"Amersfoort","H","41","Besloten vennootschap met gewone structuur","6202","Advisering ohgv informatietechnologie","78202","Uitleenbureaus","85592","Bedrijfsopleiding en -training","N","N",20000706,20000706,20020204,20000401,20070608,0,20000706,"",2020,20211223
"Haarlem","H","41","Besloten vennootschap met gewone structuur","43999","Overige gespec. werkz. in de bouw (rest)","","","","","N","N",20000905,20000905,20190926,20000201,20220401,0,20000905,"",2018,0
"Watergang","H","41","Besloten vennootschap met gewone structuur","6420","Financiële holdings","","","","","N","N",20000531,20000531,20140326,20000531,20140325,0,0,"",2014,20150723
"Zwaagdijk-Oost","H","41","Besloten vennootschap met gewone structuur","64303","Beleggingsinst. met beperkte toetreding","","","","","","",20000608,20000608,20000615,20000608,0,0,0,"",2021,20220201
"Zuidschermer","H","41","Besloten vennootschap met gewone structuur","77299","Verh. overige consumentenartikelen","43221","Loodg.- en fitterswerk; inst. sanitair","","","N","N",20060531,20060531,20000616,20000616,20091127,0,20060531,"",2020,20211117
"Benningbroek","H","41","Besloten vennootschap met gewone structuur","6420","Financiële holdings","","","","","","",20000531,20000531,20000616,20000531,0,0,0,"",2020,20220203
"Sijbekarspel","H","41","Besloten vennootschap met gewone structuur","6420","Financiële holdings","","","","","","",20000531,20000531,20000616,20000531,20150110,0,0,"",2020,20220203
"Alkmaar","H","01","Eenmanszaak","4334","Schilderen en glaszetten","","","","","N","N",0,0,20000616,20000623,20191028,0,0,"",0,0
"Sijbekarspel","H","41","Besloten vennootschap met gewone structuur","6420","Financiële holdings","","","","","","",20000531,20000531,20000616,20000531,0,0,0,"",2020,20220203
"Sijbekarspel","H","41","Besloten vennootschap met gewone structuur","7112","Ingenieurs/overig techn. ontwerp/advies","64923","Participatiemaatschappijen","","","","",20000531,20000531,20000616,19610101,0,0,20000531,"",2020,20220203
"Zwaag","H","01","Eenmanszaak","43221","Loodg.- en fitterswerk; inst. sanitair","43222","Inst. verwarmings-/luchtbehandelingsapp.","","","N","N",0,0,20000616,20000623,20130313,0,0,"",0,0
"Middenbeemster","H","01","Eenmanszaak","46902","Niet-gespec. GH in niet-consumentenart.","82999","Overige zakelijke dienstverlening (rest)","","","N","N",0,0,20000619,20000420,20100206,0,0,"",0,0
"Hoorn","H","01","Eenmanszaak","7311","Reclamebureaus","","","","","","",0,0,20000619,20000201,20060103,0,0,"",0,0
"Emmeloord","H","41","Besloten vennootschap met gewone structuur","6810","Handel in eigen onroerend goed","","","","","","",20000613,20000613,20000614,20000613,0,0,0,"",2020,20210702
"Kortenhoef","H","41","Besloten vennootschap met gewone structuur","6832","Beheer van onroerend goed","4941","Goederenvervoer over weg (geen verhuiz.)","53202","Koeriers","","",20000614,20000614,20050127,20000614,20050125,0,0,"",2020,20210820
"Almere","H","41","Besloten vennootschap met gewone structuur","6622","Assurantietussenpersonen","6831","Bemidd. bij handel/huur/verhuur onr.goed","","","N","N",20001002,20001002,20000615,19990101,20001002,0,20001002,"",2020,20210915
"Lelystad","H","41","Besloten vennootschap met gewone structuur","6420","Financiële holdings","","","","","","",20000614,20000614,20171120,20000614,20171120,0,0,"",2021,20220208
"Veldhoven","H","41","Besloten vennootschap met gewone structuur","6420","Financiële holdings","","","","","","",20000615,20000615,20010503,20000615,20030601,0,0,"",2020,20210630
"Zeewolde","H","11","Vennootschap onder firma","0111","Teelt granen/peulvruchten/olieh. zaden","","","","","N","N",20000501,0,20000619,19860501,0,0,20000501,"",0,0
"Emmeloord","H","41","Besloten vennootschap met gewone structuur","6420","Financiële holdings","","","","","N","N",20000615,20000615,20000619,20000615,20060301,0,0,"",2020,20211027
"Almere","","74","Stichting","94993","Steunfondsen (niet ohgv welzijnszorg)","","","","","","",20000608,20000608,0,0,0,0,0,"",0,0
"Lelystad","H","41","Besloten vennootschap met gewone structuur","6420","Financiële holdings","","","","","","",20000615,20000615,20000619,20000615,0,0,0,"",2021,20220525
"Emmeloord","H","41","Besloten vennootschap met gewone structuur","6420","Financiële holdings","","","","","","",20000905,20000905,20000619,20000601,0,0,20000905,"",2021,20220127
"Dronten","","74","Stichting","94993","Steunfondsen (niet ohgv welzijnszorg)","","","","","","",20000615,20000615,0,0,0,0,0,"",0,0
"Drachtstercompagnie","","74","Stichting","88999","Overig maatsch.adv./gemeenschapshuizen","","","","","","",20000613,20000613,0,0,0,0,0,"",0,0
"Zwaag","H","41","Besloten vennootschap met gewone structuur","88993","Lokaal welzijnswerk","","","","","","",20000615,20000615,20110323,20000615,20110322,0,0,"",2020,20211229
"Kimswerd","H","01","Eenmanszaak","7112","Ingenieurs/overig techn. ontwerp/advies","","","","","","",0,0,20000616,20000606,20040401,0,0,"",0,0
"Assen","","71","Vereniging met volledige rechtsbevoegdheid","94992","Hobbyclubs","","","","","","",19810626,20000616,0,0,0,0,0,"",0,0
"Vlieland","H","41","Besloten vennootschap met gewone structuur","85599","Studiebegeleiding/vorming/onderwijs","6202","Advisering ohgv informatietechnologie","","","","",20000531,20000531,20150609,20000531,20150529,0,0,"",2020,20220202
"De Wilp","","74","Stichting","88993","Lokaal welzijnswerk","","","","","","",20000616,20000616,0,0,0,0,0,"",0,0
"Amsterdam","","74","Stichting","5814","Uitgeverijen van tijdschriften","","","","","","",20000619,20000619,0,0,0,0,0,"",0,0
"Almelo","H","01","Eenmanszaak","86912","Praktijken van fysiotherapeuten","5811","Uitgeverijen van boeken","","","N","N",0,0,20041206,20000620,20041206,0,0,"",0,0
"Nieuwolda","H","41","Besloten vennootschap met gewone structuur","6420","Financiële holdings","","","","","","",20000828,20000828,20000620,20000608,20161213,0,20000828,"",2021,20220527
"Staphorst","","74","Stichting","88102","Welzijnswerk voor ouderen","","","","","","",20000616,20000616,0,0,0,0,0,"",0,0
"Kampen","H","41","Besloten vennootschap met gewone structuur","6612","Commissionairs/makelaars in effecten ed","","","","","N","N",20000707,20000707,20000619,20000401,20171120,0,20000707,"",2020,20220511
"'s-Hertogenbosch","H","01","Eenmanszaak","47591","Winkels in meubels","","","","","N","N",0,0,20140107,19860321,20130927,0,0,"",0,0
"Enschede","H","41","Besloten vennootschap met gewone structuur","5630","Cafés","","","","","N","N",20000616,20000616,20000619,19991202,0,0,0,"",2015,20170321
"Wierden","H","11","Vennootschap onder firma","9003","Schrijven en overige scheppende kunst","8130","Landschapsverzorging","","","N","N",20050101,0,20000619,20000626,0,0,20050101,"",0,0
"Hengelo","H","01","Eenmanszaak","5920","Maken en uitgeven van geluidsopnamen","","","","","N","N",0,0,20000619,20000619,0,0,0,"",0,0
"Oldebroek","","74","Stichting","94911","Religieuze organisaties","","","","","","",20000616,20000616,0,0,0,0,0,"",0,0
"Ermelo","H","41","Besloten vennootschap met gewone structuur","6831","Bemidd. bij handel/huur/verhuur onr.goed","","","","","N","N",20000726,20000726,20000620,20000601,20100427,0,20000726,"",2020,20210521
"Ermelo","H","11","Vennootschap onder firma","4391","Dakdekken en bouwen van dakconstructies","6312","Webportals","","","N","N",20040101,0,20000620,20000620,20040101,0,20040101,"",0,0
"Wilp","H","41","Besloten vennootschap met gewone structuur","86919","Overige paramedische praktijken","0162","Dienstverl. voor fokken en houden dieren","6420","Financiële holdings","N","N",20000620,20000620,20000620,20000620,20151001,0,0,"",2020,20211208
"Hierden","H","01","Eenmanszaak","8130","Landschapsverzorging","","","","","N","N",0,0,20000620,20000401,0,0,0,"",0,0
"Nijmegen","H","01","Eenmanszaak","2790","Verv. overige elektrische apparatuur","","","","","","",0,0,20000619,20000601,20200325,0,0,"",0,0
"Ede","H","01","Eenmanszaak","4120","Algemene burgerlijke en utiliteitsbouw","","","","","","",0,0,20000620,20000620,20011001,0,0,"",0,0
"Westervoort","H","41","Besloten vennootschap met gewone structuur","6420","Financiële holdings","","","","","","",20000707,20000707,20000620,20000620,0,0,20000707,"",2021,20220430
"Weurt","H","41","Besloten vennootschap met gewone structuur","70102","Holdings (geen financiële)","","","","","","",20000619,20000619,20000620,20000619,20040513,0,0,"",2020,20211104
"Didam","H","41","Besloten vennootschap met gewone structuur","47916","Internethandel in vrijetijdsartikelen","","","","","","",20060928,20060928,20000620,20000620,20120101,0,20060928,"",2020,20220204
"Wapserveen","H","01","Eenmanszaak","2312","Vormen en bewerken van vlakglas","4334","Schilderen en glaszetten","4332","Bouwtimmeren","N","N",0,0,20180430,20000614,20171228,0,20070220,"",0,0
"Ameide","H","01","Eenmanszaak","6201","Ontwikkelen/produceren/uitgeven software","","","","","","",0,0,20140412,20000619,20140903,0,0,"",0,0
"Waardenburg","H","01","Eenmanszaak","01451","Fokken en houden van schapen","0161","Dienstverl. akker- en/of tuinbouw","","","","",0,0,20171013,20000101,0,0,0,"",0,0
"Sevenum","H","41","Besloten vennootschap met gewone structuur","6312","Webportals","","","","","N","N",20040402,20040402,20021128,19980101,20021118,0,20040402,"",2020,20211125
"Heel","","72","Vereniging met beperkte rechtsbevoegdheid","94991","Gezelligheidsverenigingen","","","","","","",20000301,0,0,0,0,0,0,"",0,0
"Leunen","","71","Vereniging met volledige rechtsbevoegdheid","94997","Overige belangenbehartiging (rest)","","","","","","",19750417,20000614,0,0,0,0,0,"",0,0
"Herkenbosch","","74","Stichting","94997","Overige belangenbehartiging (rest)","","","","","","",20000614,20000614,0,0,0,0,0,"",0,0
"Reuver","H","41","Besloten vennootschap met gewone structuur","2229","Verv. overige producten van kunststof","","","","","N","N",20000607,20000607,20000619,19920101,20181120,0,20000607,"",2019,20201102
"Mechelen","H","41","Besloten vennootschap met gewone structuur","64303","Beleggingsinst. met beperkte toetreding","","","","","N","N",20000419,20000419,20000619,20000419,20011101,0,0,"",2005,20070223
"Kerkrade","H","11","Vennootschap onder firma","56102","Fastfoodrest, cafet, ijssal, eetkr e.d.","","","","","N","N",20050101,0,20000620,20000331,20040712,0,20050101,"",0,0
"Eindhoven","H","41","Besloten vennootschap met gewone structuur","4110","Projectontwikkeling","6810","Handel in eigen onroerend goed","","","","",20010105,20010105,20070919,19970617,20110901,0,20010105,"",2020,20210920
"Someren","H","41","Besloten vennootschap met gewone structuur","6420","Financiële holdings","","","","","N","N",20000615,20000615,20000619,20000615,0,0,0,"",2020,20211105
"Veldhoven","H","01","Eenmanszaak","7490","Overige special. zakelijke dienstverl.","91022","Kunstgalerieën en -expositieruimten","55101","Hotel-restaurants","","",0,0,20000620,20000620,0,0,0,"",0,0
"Boxtel","H","01","Eenmanszaak","01411","Houden van melkvee","4120","Algemene burgerlijke en utiliteitsbouw","0143","Fokken en houden van paarden en ezels","N","N",0,0,20000620,20000621,0,0,0,"",0,0
"Raamsdonksveer","H","41","Besloten vennootschap met gewone structuur","70102","Holdings (geen financiële)","","","","","","",20000531,20000531,20141001,20000531,20141001,0,0,"",2020,20210825
"Sprang-Capelle","H","11","Vennootschap onder firma","9313","Fitnesscentra","","","","","","",20000601,0,20000620,20000601,0,0,0,"",0,0
"Lage Zwaluwe","H","41","Besloten vennootschap met gewone structuur","46902","Niet-gespec. GH in niet-consumentenart.","46901","Niet-gespec. GH in consumentenartikelen","","","J","J",20000531,20000531,20200129,19830101,20200115,0,20000531,"",2020,20210616
"Raamsdonksveer","H","41","Besloten vennootschap met gewone structuur","70222","Advisering ohgv management/bedrijfsv.","","","","","","",20000803,20000803,20080707,20000615,20091101,0,20000803,"",2015,20170409
"Breda","H","41","Besloten vennootschap met gewone structuur","6831","Bemidd. bij handel/huur/verhuur onr.goed","","","","","N","N",20000531,20000531,20000619,20000531,20070401,0,0,"",2021,20220602
"Dinteloord","","74","Stichting","93299","Ov. recreatie (rest)(geen jachthavens)","","","","","","",20000608,20000608,0,0,0,0,0,"",0,0
"Breda","H","41","Besloten vennootschap met gewone structuur","4110","Projectontwikkeling","","","","","","",20000531,20000531,20000620,20000531,20211122,0,0,"",2020,20211202
"Almere","H","41","Besloten vennootschap met gewone structuur","4614","HB mach./techn.ben./schepen/vliegtuigen","","","","","J","N",20000620,20000620,20190321,20000620,20190301,0,0,"",2020,20211201
"Etten-Leur","H","41","Besloten vennootschap met gewone structuur","6420","Financiële holdings","64303","Beleggingsinst. met beperkte toetreding","","","","",20000531,20000531,20000620,19981012,20030701,0,20000531,"",2020,20211123
"Middelburg","H","41","Besloten vennootschap met gewone structuur","86922","Arbobegeleiding en reïntegratie","","","","","N","N",20000530,20000530,20000619,19940624,20190101,0,20000530,"",2020,20210906
"Oud-Vossemeer","H","41","Besloten vennootschap met gewone structuur","6420","Financiële holdings","","","","","N","N",20000615,20000615,20000620,20000615,20121121,0,0,"",2020,20220531
"Gapinge","H","01","Eenmanszaak","0111","Teelt granen/peulvruchten/olieh. zaden","","","","","N","N",0,0,20000620,20000301,0,0,0,"",0,0
"Zoetermeer","","74","Stichting","94993","Steunfondsen (niet ohgv welzijnszorg)","","","","","","",20000615,20000615,0,0,0,0,0,"",0,0
"'s-Gravenhage","H","01","Eenmanszaak","4332","Bouwtimmeren","","","","","N","N",0,0,20000620,20000101,20021219,0,0,"",0,0
"'s-Gravenhage","H","01","Eenmanszaak","6312","Webportals","6202","Advisering ohgv informatietechnologie","","","N","N",0,0,20000620,20000625,20180128,0,0,"",0,0
"Capelle aan den IJssel","H","41","Besloten vennootschap met gewone structuur","46699","GH ov.mach./app./toeb. ind./handel","74102","Industrieel en productontwerp","33123","Rep./onderh. machines specif.bedrijfstak","N","N",20001011,20001011,20020214,20000620,20210101,0,20001011,"",2020,20210723
"Hillegom","H","41","Besloten vennootschap met gewone structuur","70102","Holdings (geen financiële)","","","","","N","N",20000531,20000531,20000620,20000531,0,0,0,"",2021,20220607
"Hillegom","H","41","Besloten vennootschap met gewone structuur","70102","Holdings (geen financiële)","","","","","N","N",20000531,20000531,20000620,20000531,0,0,0,"",2020,20211102
"De Meern","","74","Stichting","69102","Rechtskundige adviesbureaus","","","","","","",20000523,20000523,0,0,0,0,0,"",2004,20050415
"Houten","H","41","Besloten vennootschap met gewone structuur","6420","Financiële holdings","","","","","","",20000531,20000531,20000620,20000531,20110516,0,0,"",2020,20211021
"IJsselstein","H","41","Besloten vennootschap met gewone structuur","66191","Admin.kantoren voor aandelen/obligaties","","","","","","",20000613,20000613,20000620,20000613,20151228,0,0,"",2019,20210602
"Rhenen","H","01","Eenmanszaak","70222","Advisering ohgv management/bedrijfsv.","70221","Organisatie-adviesbureaus","","","","",0,0,20000620,20000620,20180228,0,0,"",0,0
"De Bilt","","74","Stichting","94997","Overige belangenbehartiging (rest)","","","","","","",20000525,20000525,20131230,0,0,0,0,"",0,0
"Nieuwegein","H","41","Besloten vennootschap met gewone structuur","66191","Admin.kantoren voor aandelen/obligaties","","","","","","",20000615,20000615,20000620,20000615,0,0,0,"",2020,20210712
"Maarssen","H","41","Besloten vennootschap met gewone structuur","6622","Assurantietussenpersonen","","","","","N","N",20091218,20091218,20120112,20000620,20120101,0,20091218,"",2020,20220304
"Montfoort","H","01","Eenmanszaak","4120","Algemene burgerlijke en utiliteitsbouw","45112","Handel/rep. personen-/lichte bedr.auto's","","","","",0,0,20000620,20000601,20170801,0,0,"",0,0
"Sibculo","H","41","Besloten vennootschap met gewone structuur","70221","Organisatie-adviesbureaus","","","","","N","N",20000531,20000531,20080318,20000531,20180830,0,0,"",2020,20211030
"Driebergen-Rijsenburg","H","01","Eenmanszaak","77299","Verh. overige consumentenartikelen","","","","","","",0,0,20000620,20000614,0,0,0,"",0,0
"Nieuwegein","H","41","Besloten vennootschap met gewone structuur","86912","Praktijken van fysiotherapeuten","86919","Overige paramedische praktijken","93146","Sportscholen","","",20001130,20001130,20131101,20000525,20200301,0,20001130,"",2019,20210402
"Oud-Beijerland","H","41","Besloten vennootschap met gewone structuur","7911","Reisbemiddeling","","","","","","",20010206,20010206,20001215,20000620,20181201,0,20010206,"",2020,20210806
"Amsterdam","H","41","Besloten vennootschap met gewone structuur","64301","Beleggingsinstell. in financiële activa","69203","Boekhoudkantoren","6810","Handel in eigen onroerend goed","N","N",19641231,19641231,20000620,20000102,20000601,0,0,"",2020,20220613
"Alkmaar","H","41","Besloten vennootschap met gewone structuur","4652","GH elektronische/telecommunicatieapp.","","","","","J","J",20000607,20000607,20181217,20000607,20181204,0,0,"",2020,20220124
"Amersfoort","H","01","Eenmanszaak","6202","Advisering ohgv informatietechnologie","9511","Reparatie van computers/randapparatuur","","","","",0,0,20000620,20000614,20060119,0,0,"",0,0
"Nijkerkerveen","H","41","Besloten vennootschap met gewone structuur","19202","Aardolieverwerking (geen -raffinage)","6420","Financiële holdings","","","","",20000614,20000614,20000620,20000614,20201221,0,0,"",2020,20220426
"Amersfoort","H","41","Besloten vennootschap met gewone structuur","6420","Financiële holdings","","","","","","",20000828,20000828,20000620,20000501,20100201,0,20000828,"",2020,20211226
"Amersfoort","H","01","Eenmanszaak","45112","Handel/rep. personen-/lichte bedr.auto's","4532","DH in auto-onderdelen en -accessoires","47713","Winkels in bovenkleding/mode-artikelen","","",0,0,20000620,20000620,20180531,0,0,"",0,0
"Leusden","H","41","Besloten vennootschap met gewone structuur","6420","Financiële holdings","","","","","","",20000602,20000602,20000620,20000602,20190201,0,0,"",2020,20211221
"Baarn","H","41","Besloten vennootschap met gewone structuur","70221","Organisatie-adviesbureaus","","","","","N","N",20040305,20040305,20000620,20000620,20210301,0,20040305,"",2021,20220512
"'s-Gravenhage","H","41","Besloten vennootschap met gewone structuur","64923","Participatiemaatschappijen","","","","","","",20000706,20000706,20150727,20000601,20150727,0,20000706,"",2020,20211012
"Huizen","H","01","Eenmanszaak","4331","Stukadoren","","","","","","",0,0,20000620,20000620,20140130,0,0,"",0,0
"Bunschoten-Spakenburg","H","11","Vennootschap onder firma","8553","Auto- en motorrijscholen","","","","","N","N",20000518,0,20000620,20000518,20170815,0,0,"",0,0
"Schiphol","H","41","Besloten vennootschap met gewone structuur","6420","Financiële holdings","","","","","N","N",20000605,20000605,20000620,20000605,20151215,0,0,"",2020,20211126
"Amsterdam","H","41","Besloten vennootschap met gewone structuur","6201","Ontwikkelen/produceren/uitgeven software","","","","","J","N",20000814,20000814,20000620,20000620,20070601,0,20000814,"",2020,20220322
"Amsterdam-Duivendrecht","H","41","Besloten vennootschap met gewone structuur","70222","Advisering ohgv management/bedrijfsv.","","","","","N","N",20001227,20001227,20000620,20000616,20140101,0,20001227,"",2020,20220505
"Uithoorn","H","01","Eenmanszaak","85592","Bedrijfsopleiding en -training","6190","Overige telecommunicatie","47918","Internethandel overige non-food","N","N",0,0,20000620,20000101,0,0,20081111,"",0,0
"Heerenveen","H","41","Besloten vennootschap met gewone structuur","70221","Organisatie-adviesbureaus","6420","Financiële holdings","","","N","N",20000808,20000808,20000816,20000620,20180601,0,20000808,"",2020,20211221
"Vinkeveen","H","41","Besloten vennootschap met gewone structuur","6420","Financiële holdings","","","","","N","N",20000808,20000808,20000816,20000620,20000808,0,20000808,"",2020,20220430
"Amsterdam-Duivendrecht","H","41","Besloten vennootschap met gewone structuur","6420","Financiële holdings","","","","","N","N",20000713,20000713,20000620,20000601,20160101,0,20000713,"",2020,20211105
"Amsterdam","H","01","Eenmanszaak","56101","Restaurants","","","","","N","N",0,0,20000620,20000602,20191210,0,0,"",0,0
"Bloemendaal","H","41","Besloten vennootschap met gewone structuur","6420","Financiële holdings","","","","","N","N",20000616,20000616,20000620,20000616,0,0,0,"",2020,20220202
"Volendam","H","41","Besloten vennootschap met gewone structuur","47593","Winkels art. woninginrichting alg. ass.","4753","Winkels in vloerbedekking en gordijnen","","","","",20000531,20000531,20000616,19180000,0,0,20000531,"",2020,20210720
"Medemblik","H","01","Eenmanszaak","43993","Metselen en voegen","","","","","","",0,0,20000619,20000601,20090327,0,0,"",0,0
"Tuitjenhorn","H","41","Besloten vennootschap met gewone structuur","4651","GH computers, randapparatuur en software","7311","Reclamebureaus","","","N","N",20000531,20000531,20000616,19891001,20210401,0,20000531,"",2020,20220325
"Hoorn","H","41","Besloten vennootschap met gewone structuur","69203","Boekhoudkantoren","","","","","","",20000614,20000614,20000619,20000614,0,0,0,"F",2019,20201112
"Alkmaar","H","41","Besloten vennootschap met gewone structuur","66193","Hypotheek-/kredietbem./bankagentschappen","6622","Assurantietussenpersonen","","","N","N",20021219,20021219,20000620,20000627,20130416,0,20021219,"",2020,20220415
"Schermerhorn","H","01","Eenmanszaak","23611","Verv. producten van beton voor de bouw","","","","","N","N",0,0,20000620,20000626,0,0,0,"",0,0
"Bunnik","H","61","Coöperatie","6201","Ontwikkelen/produceren/uitgeven software","","","","","N","N",20000517,20000517,20140901,20000517,20190624,0,0,"",2016,20170622
"Bunnik","H","41","Besloten vennootschap met gewone structuur","6420","Financiële holdings","","","","","","",20000829,20000829,20060822,20000517,20190624,0,20000829,"",2020,20210826
"Veenklooster","","74","Stichting","9103","Monumentenzorg","","","","","","",20000616,20000616,0,0,0,0,0,"",0,0
"Schiermonnikoog","H","01","Eenmanszaak","53202","Koeriers","7311","Reclamebureaus","","","","",0,0,20000620,20000515,20010401,0,20090101,"",0,0
"Sint Nicolaasga","H","01","Eenmanszaak","69203","Boekhoudkantoren","69204","Belastingconsulenten","","","","",0,0,20000620,20000619,20011001,0,0,"",0,0
"Veendam","H","41","Besloten vennootschap met gewone structuur","68204","Verh. onroerend goed (niet v woonruimte)","6420","Financiële holdings","6810","Handel in eigen onroerend goed","N","N",20000713,20000713,20000621,20000613,20000713,0,20000713,"",2020,20211109
"Groningen","H","74","Stichting","88999","Overig maatsch.adv./gemeenschapshuizen","","","","","N","N",20000620,20000620,20110518,20000620,0,0,0,"",0,0
"Soest","H","41","Besloten vennootschap met gewone structuur","6420","Financiële holdings","","","","","","",20001116,20001116,20050913,20000619,20050913,0,20001116,"",2020,20220105
"Groningen","H","01","Eenmanszaak","85592","Bedrijfsopleiding en -training","7311","Reclamebureaus","","","N","N",0,0,20000621,20000621,20140820,0,20020417,"",0,0
"Hoogezand","H","41","Besloten vennootschap met gewone structuur","6420","Financiële holdings","78202","Uitleenbureaus","","","N","N",20000531,20000531,20000621,20000531,20050325,0,0,"",2021,20220509
"Zuidlaren","H","01","Eenmanszaak","47761","Winkels bloemen/planten/zaden/tuinbenod.","","","","","","",0,0,20000621,20000628,0,0,0,"",0,0
"Veenhuizen","","71","Vereniging met volledige rechtsbevoegdheid","94991","Gezelligheidsverenigingen","","","","","","",19961105,0,0,0,0,0,0,"",0,0
"Eemnes","H","41","Besloten vennootschap met gewone structuur","6810","Handel in eigen onroerend goed","","","","","","",20000823,20000823,20150216,20000614,20170501,0,20000823,"",2019,20210614
"Westerhaar-Vriezenv.wijk","","71","Vereniging met volledige rechtsbevoegdheid","86929","Samenwerkingsorganen ohgv gez.zorg","","","","","","",19670324,20000607,0,0,0,0,0,"",0,0
"Brummen","H","41","Besloten vennootschap met gewone structuur","46738","Groothandel gespec. in overige bouwmat.","2223","Verv. kunststofproducten voor de bouw","","","N","N",20000619,20000619,20000620,20000619,0,0,0,"",2021,20220513
"Vroomshoop","H","41","Besloten vennootschap met gewone structuur","6810","Handel in eigen onroerend goed","","","","","N","N",20000616,20000616,20000620,20000616,20020612,0,0,"",2021,20220524
"Hellendoorn","H","01","Eenmanszaak","8130","Landschapsverzorging","","","","","N","N",0,0,20000620,20000612,20160628,0,0,"",0,0
"Apeldoorn","H","41","Besloten vennootschap met gewone structuur","70221","Organisatie-adviesbureaus","","","","","N","N",20000713,20000713,20000620,20000608,20111108,0,20000713,"",2020,20220519
"Zutphen","","71","Vereniging met volledige rechtsbevoegdheid","93122","Veldsport in teamverband (geen voetbal)","","","","","","",20000617,20000617,0,0,0,0,0,"",0,0
"Lichtenvoorde","H","01","Eenmanszaak","47819","Markthandel overige voedings- en genotm.","","","","","","",0,0,20000620,20000605,0,0,0,"",0,0
"Amsterdam","","71","Vereniging met volledige rechtsbevoegdheid","9002","Dienstverlening voor uitvoerende kunst","","","","","","",20000531,20000531,0,0,0,0,0,"",0,0
"Lunteren","H","41","Besloten vennootschap met gewone structuur","6831","Bemidd. bij handel/huur/verhuur onr.goed","","","","","","",20000530,20000530,20000620,20000530,20091215,0,0,"",2020,20210817
"Aalten","H","11","Vennootschap onder firma","2511","Verv. metalen constr.werken/delen ervan","2830","Verv. mach./werktuigen land- en bosbouw","","","","",20000601,0,20000620,20000601,20000601,0,0,"",0,0
"Barneveld","H","41","Besloten vennootschap met gewone structuur","6420","Financiële holdings","4619","Niet-gespecialiseerde handelsbemiddeling","","","N","N",20010102,20010102,20001229,20000616,20111104,0,20010102,"",2021,20220530
"Nijmegen","H","01","Eenmanszaak","85592","Bedrijfsopleiding en -training","9002","Dienstverlening voor uitvoerende kunst","","","","",0,0,20000621,20000301,20001222,0,0,"",0,0
"Ederveen","H","41","Besloten vennootschap met gewone structuur","6420","Financiële holdings","","","","","","",20000619,20000619,20000621,20000619,0,0,0,"",2020,20210709
"Arnhem","H","41","Besloten vennootschap met gewone structuur","6420","Financiële holdings","","","","","","",20000619,20000619,20000621,20000619,20120218,0,0,"",2019,20211125
"Velp","H","41","Besloten vennootschap met gewone structuur","6420","Financiële holdings","","","","","","",20001227,20001227,20000621,20000515,0,0,20001227,"",2021,20220425
"Doesburg","H","01","Eenmanszaak","7311","Reclamebureaus","74102","Industrieel en productontwerp","","","N","N",0,0,20000621,20000621,20130108,0,0,"",0,0
"Renkum","H","01","Eenmanszaak","9003","Schrijven en overige scheppende kunst","","","","","","",0,0,20000621,20000620,20000620,0,0,"",0,0
"Doesburg","","74","Stichting","94993","Steunfondsen (niet ohgv welzijnszorg)","","","","","","",20000616,20000616,0,0,0,0,0,"",0,0
"Slijk-Ewijk","H","01","Eenmanszaak","5221","Dienstverlening voor vervoer over land","","","","","","",0,0,20000621,19921001,0,0,20000101,"",0,0
"Zoelmond","","74","Stichting","88993","Lokaal welzijnswerk","","","","","","",20000519,20000519,0,0,0,0,0,"",0,0
"Waardenburg","H","41","Besloten vennootschap met gewone structuur","46902","Niet-gespec. GH in niet-consumentenart.","70221","Organisatie-adviesbureaus","","","J","J",20000531,20000531,20000621,20000531,20061204,0,0,"",2020,20210526
"Zeist","H","41","Besloten vennootschap met gewone structuur","70102","Holdings (geen financiële)","","","","","","",20000728,20000728,20070130,20000501,20070129,0,20000728,"",2021,20220613
"Breda","H","01","Eenmanszaak","96022","Schoonheidsverzorging/pedi-/manicures","","","","","","",0,0,20010402,20000401,20010401,0,0,"",0,0
"Venray","H","41","Besloten vennootschap met gewone structuur","6201","Ontwikkelen/produceren/uitgeven software","","","","","N","N",20000607,20000607,20000620,20000607,0,0,0,"",2020,20211105
"Afferden L","H","11","Vennootschap onder firma","47762","Tuincentra","","","","","N","N",19901031,0,20000621,19901031,0,0,0,"",0,0
"Swalmen","","71","Vereniging met volledige rechtsbevoegdheid","90011","Beoefening van podiumkunst","","","","","","",19881200,20000615,0,0,0,0,0,"",0,0
"Meijel","","71","Vereniging met volledige rechtsbevoegdheid","90011","Beoefening van podiumkunst","","","","","","",20000404,20000613,0,0,0,0,0,"",0,0
"Lottum","","71","Vereniging met volledige rechtsbevoegdheid","94991","Gezelligheidsverenigingen","","","","","","",19680125,0,0,0,0,0,0,"",0,0
"GELEEN","","74","Stichting","69102","Rechtskundige adviesbureaus","","","","","","",20000616,20000616,0,0,0,0,0,"",0,0
"Heerlen","","71","Vereniging met volledige rechtsbevoegdheid","94997","Overige belangenbehartiging (rest)","","","","","","",20000608,20000608,0,0,0,0,0,"",0,0
"Landgraaf","H","41","Besloten vennootschap met gewone structuur","70102","Holdings (geen financiële)","","","","","N","N",20000609,20000609,20000621,20000609,20151009,0,0,"",2018,20190412
"Heerlen","H","41","Besloten vennootschap met gewone structuur","6201","Ontwikkelen/produceren/uitgeven software","","","","","N","N",20010209,20010209,20000621,20000101,20160907,0,20010209,"",2020,20210505
"Roosteren","H","01","Eenmanszaak","43993","Metselen en voegen","46739","GH bouwmaterialen algemeen assortiment","","","N","N",0,0,20000621,20000601,20100901,0,0,"",0,0
"Schinnen","","74","Stichting","94993","Steunfondsen (niet ohgv welzijnszorg)","","","","","","",20000517,20000517,0,0,0,0,0,"",0,0
"Urmond","","71","Vereniging met volledige rechtsbevoegdheid","93299","Ov. recreatie (rest)(geen jachthavens)","","","","","","",19921021,0,0,0,0,0,0,"",0,0
"Vijlen","H","41","Besloten vennootschap met gewone structuur","85592","Bedrijfsopleiding en -training","","","","","N","N",20010531,20010531,20000621,20000101,20200601,0,20010531,"",2020,20211217
"Veghel","H","11","Vennootschap onder firma","5630","Cafés","5621","Eventcatering","","","N","N",20010701,0,20000620,20000620,0,0,20010701,"",0,0
"Nuenen","H","01","Eenmanszaak","43993","Metselen en voegen","","","","","N","N",0,0,20000619,20000601,20201019,0,0,"",0,0
"Tilburg","H","41","Besloten vennootschap met gewone structuur","70222","Advisering ohgv management/bedrijfsv.","","","","","","",20000531,20000531,20060922,20000531,20201012,0,0,"",2019,20210131
"Helmond","","71","Vereniging met volledige rechtsbevoegdheid","94997","Overige belangenbehartiging (rest)","","","","","","",20000615,20000615,0,0,0,0,0,"",0,0
"Rosmalen","","71","Vereniging met volledige rechtsbevoegdheid","94997","Overige belangenbehartiging (rest)","","","","","","",20000606,20000606,0,0,0,0,0,"",0,0
"Oirschot","","72","Vereniging met beperkte rechtsbevoegdheid","64303","Beleggingsinst. met beperkte toetreding","","","","","","",20000221,0,0,0,0,0,0,"",0,0
"Heesch","H","41","Besloten vennootschap met gewone structuur","47528","Bouwmarkten/winkels bouwmat. alg.ass.","","","","","N","N",20091105,20091105,20000621,20000629,0,0,20091105,"",2020,20210430
"Veghel","H","21","Commanditaire vennootschap","2561","Oppervlaktebeh. en bekleding van metaal","","","","","N","N",19990101,0,20000620,19630801,0,0,19990101,"",0,0
"'s-Hertogenbosch","H","41","Besloten vennootschap met gewone structuur","6832","Beheer van onroerend goed","","","","","","",20050228,20050228,20000621,20000621,20191111,0,20050228,"F",2013,20141217
"Eindhoven","H","41","Besloten vennootschap met gewone structuur","6420","Financiële holdings","78202","Uitleenbureaus","","","","",20000918,20000918,20000621,20000621,20180401,0,20000918,"",2016,20171030
"Nuenen","H","01","Eenmanszaak","6622","Assurantietussenpersonen","70222","Advisering ohgv management/bedrijfsv.","","","","",0,0,20000621,20000621,0,0,0,"",0,0
"Amsterdam-Duivendrecht","H","41","Besloten vennootschap met gewone structuur","70221","Organisatie-adviesbureaus","69203","Boekhoudkantoren","","","N","N",20000928,20000928,20080807,20000621,20200301,0,20000928,"",2020,20210726
"Spijkenisse","H","41","Besloten vennootschap met gewone structuur","69209","Overige administratiekantoren","","","","","","",20000928,20000928,20020227,20000621,20210125,0,20000928,"",2021,20220329
"Helvoirt","H","41","Besloten vennootschap met gewone structuur","46739","GH bouwmaterialen algemeen assortiment","","","","","J","J",20001024,20001024,20000621,20000615,20180102,0,20001024,"",2020,20210406
"Heikant","H","41","Besloten vennootschap met gewone structuur","70102","Holdings (geen financiële)","","","","","","",20000607,20000607,20080610,20000607,20080501,0,0,"",2016,20180103
"Steenbergen","H","11","Vennootschap onder firma","01422","Overige vleesveehouderij/zoogkoeienbedr.","0111","Teelt granen/peulvruchten/olieh. zaden","0161","Dienstverl. akker- en/of tuinbouw","","",20000101,0,20000620,20000101,20100913,0,0,"",0,0
"Driebergen-Rijsenburg","","74","Stichting","94993","Steunfondsen (niet ohgv welzijnszorg)","","","","","","",20000606,20000606,20051213,0,0,0,0,"",0,0
"Oosterhout","H","41","Besloten vennootschap met gewone structuur","70222","Advisering ohgv management/bedrijfsv.","69204","Belastingconsulenten","","","","",20000529,20000529,20000621,20000529,20001101,0,0,"",2020,20210222
"Raamsdonksveer","H","41","Besloten vennootschap met gewone structuur","46696","Groothandel in emballage","1624","Vervaardiging van houten emballage","","","","",20000531,20000531,20000621,20000531,20090101,0,0,"",2021,20220524
"Krabbendijke","H","41","Besloten vennootschap met gewone structuur","69201","Registeraccountants","","","","","N","N",20000531,20000531,20000621,20000531,20200610,0,0,"",2021,20220207
"Krabbendijke","H","41","Besloten vennootschap met gewone structuur","6420","Financiële holdings","","","","","N","N",20000531,20000531,20000621,20000531,20200610,0,0,"",2021,20220208
"Burgh-Haamstede","H","01","Eenmanszaak","0210","Bosbouw","8130","Landschapsverzorging","","","N","N",0,0,20000621,20000621,0,0,0,"",0,0
"Colijnsplaat","H","11","Vennootschap onder firma","5530","Kampeerterreinen","5630","Cafés","6810","Handel in eigen onroerend goed","N","N",19980701,0,20000621,19830812,0,0,19980701,"",0,0
"Amsterdam","H","41","Besloten vennootschap met gewone structuur","69209","Overige administratiekantoren","","","","","N","N",20000809,20000809,20130228,20000601,20201101,0,20000809,"",2015,20161227
"Rotterdam","H","41","Besloten vennootschap met gewone structuur","6832","Beheer van onroerend goed","","","","","N","N",20000831,20000831,20000620,20000608,20130822,0,20000831,"",2020,20210618
"ROTTERDAM","H","41","Besloten vennootschap met gewone structuur","6420","Financiële holdings","","","","","N","N",20000609,20000609,20000620,20000609,20101221,0,0,"",2020,20220601
"De Meern","H","41","Besloten vennootschap met gewone structuur","70221","Organisatie-adviesbureaus","","","","","N","N",20000801,20000801,20040802,20000616,20040801,0,20000801,"",2020,20210921
"Rotterdam","H","41","Besloten vennootschap met gewone structuur","6420","Financiële holdings","","","","","N","N",20000609,20000609,20000620,20000609,20161031,0,0,"",2019,20201118
"Goes","","71","Vereniging met volledige rechtsbevoegdheid","6201","Ontwikkelen/produceren/uitgeven software","","","","","","",20000530,20000530,0,0,0,0,0,"",0,0
"Rotterdam","H","01","Eenmanszaak","7311","Reclamebureaus","","","","","N","N",0,0,20000620,20000620,20191016,0,0,"",0,0
"Beltrum","H","01","Eenmanszaak","90013","Circus en variété","","","","","N","N",0,0,20090507,20000101,20081201,0,0,"",0,0
"Rotterdam","H","11","Vennootschap onder firma","69209","Overige administratiekantoren","","","","","N","N",20010401,0,20000620,20000301,20070301,0,20010401,"",0,0
"Maastricht","H","41","Besloten vennootschap met gewone structuur","6420","Financiële holdings","","","","","N","N",20000615,20000615,20200110,20000615,20200110,0,0,"",2020,20210614
"Rotterdam","H","41","Besloten vennootschap met gewone structuur","69101","Advocatenkantoren, bewindv. en curatoren","","","","","N","N",20000615,20000615,20000620,20000615,20160401,0,0,"",2020,20210701
"Oud Gastel","H","01","Eenmanszaak","9002","Dienstverlening voor uitvoerende kunst","","","","","N","N",0,0,20071001,20000620,20181212,0,0,"",0,0
"Amstelveen","H","41","Besloten vennootschap met gewone structuur","85592","Bedrijfsopleiding en -training","","","","","N","N",20000518,20000518,20190527,19960505,20190301,0,20000518,"",2020,20210625
"Krimpen aan de Lek","H","01","Eenmanszaak","85592","Bedrijfsopleiding en -training","70221","Organisatie-adviesbureaus","","","N","N",0,0,20000620,20000601,20040723,0,0,"",0,0
"Oostvoorne","","72","Vereniging met beperkte rechtsbevoegdheid","94992","Hobbyclubs","","","","","","",20000417,0,0,0,0,0,0,"",0,0
"'s-Gravenhage","H","41","Besloten vennootschap met gewone structuur","6420","Financiële holdings","","","","","N","N",20000615,20000615,20150424,20000615,20210713,0,0,"",2020,20211019
"Reeuwijk","H","41","Besloten vennootschap met gewone structuur","6420","Financiële holdings","","","","","N","N",20000925,20000925,20000621,20000621,20100311,0,20000925,"",2020,20210331
"Ridderkerk","H","01","Eenmanszaak","50401","Binnenvaart (vrachtvaart)","3315","Reparatie en onderhoud van schepen","","","N","N",0,0,20000621,19990401,20090501,0,0,"",0,0
"Pernis Rotterdam","H","41","Besloten vennootschap met gewone structuur","68204","Verh. onroerend goed (niet v woonruimte)","70102","Holdings (geen financiële)","","","N","N",20000531,20000531,20000621,20000531,20000531,0,0,"",2020,20210903
"Capelle aan den IJssel","H","01","Eenmanszaak","43999","Overige gespec. werkz. in de bouw (rest)","","","","","J","J",0,0,20000621,20000621,0,0,0,"",0,0
"Reeuwijk","","71","Vereniging met volledige rechtsbevoegdheid","91042","Natuurbehoud","","","","","","",20000619,20000619,0,0,0,0,0,"",0,0
"Zevenhuizen","H","41","Besloten vennootschap met gewone structuur","68204","Verh. onroerend goed (niet v woonruimte)","4110","Projectontwikkeling","4120","Algemene burgerlijke en utiliteitsbouw","N","N",20000615,20000615,20190730,20000615,20190719,0,0,"",2020,20210308
"Dirksland","H","11","Vennootschap onder firma","0150","Akker-/tuinbouw icm fokken/houden dieren","","","","","","",20000301,0,20000621,20000301,0,0,0,"",0,0
"Hoogvliet Rotterdam","H","41","Besloten vennootschap met gewone structuur","2511","Verv. metalen constr.werken/delen ervan","","","","","N","N",20020812,20020812,20000621,20000626,20021001,0,20020812,"",2021,20220612
"Gouda","H","01","Eenmanszaak","70221","Organisatie-adviesbureaus","","","","","J","J",0,0,20000621,20000101,0,0,0,"",0,0
"Rotterdam","H","41","Besloten vennootschap met gewone structuur","70222","Advisering ohgv management/bedrijfsv.","","","","","N","N",20000615,20000615,20000621,20000615,20171010,0,0,"",2020,20220426
"'s-Gravenhage","","74","Stichting","94993","Steunfondsen (niet ohgv welzijnszorg)","","","","","","",20000531,20000531,0,0,0,0,0,"",0,0
"'s-Gravenhage","","74","Stichting","64301","Beleggingsinstell. in financiële activa","","","","","","",20000607,20000607,0,0,0,0,0,"",2016,20170313
"Wassenaar","","74","Stichting","94993","Steunfondsen (niet ohgv welzijnszorg)","","","","","","",20000613,20000613,0,0,0,0,0,"",0,0
"Voorburg","","74","Stichting","88999","Overig maatsch.adv./gemeenschapshuizen","94997","Overige belangenbehartiging (rest)","","","","",20000606,20000606,0,0,0,0,0,"",0,0
"'s-Gravenhage","","74","Stichting","94994","Vriendenkringen ohgv cultuur / fanclubs","","","","","","",20000609,20000609,0,0,0,0,0,"",0,0
"'s-Gravenhage","H","41","Besloten vennootschap met gewone structuur","0910","Dienstverl. winning aardolie en aardgas","","","","","","",20000531,20000531,20000619,20000531,0,0,0,"",2020,20211230
"Zoetermeer","H","41","Besloten vennootschap met gewone structuur","0910","Dienstverl. winning aardolie en aardgas","","","","","N","N",20000615,20000615,20000620,20000615,20041210,0,0,"",2020,20210720
"Wassenaar","H","41","Besloten vennootschap met gewone structuur","64301","Beleggingsinstell. in financiële activa","","","","","N","N",20000615,20000615,20000619,20000615,20150801,0,0,"",2020,20210812
"'s-Gravenzande","H","41","Besloten vennootschap met gewone structuur","4942","Verhuisvervoer","6832","Beheer van onroerend goed","8121","Interieurreiniging van gebouwen","","",20050616,20050616,20160323,20000624,20180706,0,20050616,"",2017,20181106
"'s-Gravenhage","H","01","Eenmanszaak","96022","Schoonheidsverzorging/pedi-/manicures","","","","","N","N",0,0,20000621,20000621,20220513,0,0,"",0,0
"Zoetermeer","H","01","Eenmanszaak","70102","Holdings (geen financiële)","46901","Niet-gespec. GH in consumentenartikelen","","","N","N",0,0,20000621,20000621,0,0,0,"",0,0
"Boskoop","H","41","Besloten vennootschap met gewone structuur","6420","Financiële holdings","","","","","N","N",20000531,20000531,20000619,20000531,20010406,0,0,"",2020,20211018
"Bodegraven","H","41","Besloten vennootschap met gewone structuur","1105","Vervaardiging van bier","","","","","J","J",20060329,20060329,20000620,20000601,20110501,0,20060329,"",2022,0
"Bergschenhoek","H","41","Besloten vennootschap met gewone structuur","69101","Advocatenkantoren, bewindv. en curatoren","","","","","N","N",20000531,20000531,20000620,20000531,20110422,0,0,"",2020,20220422
"Boskoop","H","41","Besloten vennootschap met gewone structuur","6201","Ontwikkelen/produceren/uitgeven software","","","","","N","N",20000531,20000531,20000620,19880701,20210901,0,20000531,"",2020,20211029
"Leiderdorp","H","01","Eenmanszaak","6201","Ontwikkelen/produceren/uitgeven software","6312","Webportals","","","N","N",0,0,20000620,20000601,20190331,0,0,"",0,0
"Benschop","H","01","Eenmanszaak","0161","Dienstverl. akker- en/of tuinbouw","","","","","","",0,0,20000621,20000621,20200713,0,0,"",0,0
"Woerden","","71","Vereniging met volledige rechtsbevoegdheid","93126","Wielersport","","","","","","",20000609,20000609,0,0,0,0,0,"",0,0
"Utrecht","H","01","Eenmanszaak","4333","Afwerking van vloeren en wanden","","","","","","",0,0,20000621,20000626,0,0,0,"",0,0
"Utrecht","H","01","Eenmanszaak","70221","Organisatie-adviesbureaus","7112","Ingenieurs/overig techn. ontwerp/advies","","","","",0,0,20000621,20000101,20050815,0,0,"",0,0
"Berkel-Enschot","","74","Stichting","94997","Overige belangenbehartiging (rest)","","","","","","",20000529,20000529,0,0,0,0,0,"",0,0
"Delft","H","41","Besloten vennootschap met gewone structuur","6420","Financiële holdings","","","","","N","N",20000614,20000614,20000922,20000614,20030805,0,0,"",2019,20200327
"Doorn","H","41","Besloten vennootschap met gewone structuur","66191","Admin.kantoren voor aandelen/obligaties","70221","Organisatie-adviesbureaus","","","","",20000620,20000620,20000621,20000620,20030902,0,0,"",2020,20210420
"Amsterdam","","71","Vereniging met volledige rechtsbevoegdheid","94997","Overige belangenbehartiging (rest)","","","","","","",20000529,20000529,0,0,0,0,0,"",0,0
"Bilthoven","H","41","Besloten vennootschap met gewone structuur","70221","Organisatie-adviesbureaus","","","","","","",20000817,20000817,20000621,20000501,0,0,20000817,"",2020,20220216
"Oegstgeest","H","41","Besloten vennootschap met gewone structuur","70221","Organisatie-adviesbureaus","","","","","","",20000817,20000817,20000829,20000501,20060222,0,20000829,"",2020,20220203
"Bilthoven","H","41","Besloten vennootschap met gewone structuur","6190","Overige telecommunicatie","70221","Organisatie-adviesbureaus","","","","",20000817,20000817,20000621,20000501,0,0,20000817,"",2020,20220216
"Amsterdam","","71","Vereniging met volledige rechtsbevoegdheid","94991","Gezelligheidsverenigingen","","","","","","",20000531,20000531,0,0,0,0,0,"",0,0
"Amsterdam","H","41","Besloten vennootschap met gewone structuur","6420","Financiële holdings","","","","","N","N",20000531,20000531,20000621,20000531,20150101,0,0,"",2021,20220428
"Amsterdam","","74","Stichting","7740","Lease niet-financiële immateriële activa","","","","","","",20000607,20000607,0,0,0,0,0,"",0,0
"Sittard","","74","Stichting","94994","Vriendenkringen ohgv cultuur / fanclubs","","","","","","",20000525,20000525,0,0,0,0,0,"",0,0
"Bussum","H","41","Besloten vennootschap met gewone structuur","6420","Financiële holdings","","","","","N","N",20000531,20000531,20020910,20000531,20020901,0,0,"",2020,20210817
"Paramaribo","","74","Stichting","94997","Overige belangenbehartiging (rest)","","","","","","",20000608,20000608,0,0,0,0,0,"",0,0
"Uitgeest","H","41","Besloten vennootschap met gewone structuur","6420","Financiële holdings","","","","","N","N",20000619,20000619,20000621,20000619,20210107,0,0,"",2014,20160121
"Amsterdam","H","41","Besloten vennootschap met gewone structuur","6420","Financiële holdings","","","","","N","N",20000525,20000525,20000621,20000525,20130319,0,0,"",2021,20210603
"Aalsmeer","","74","Stichting","88993","Lokaal welzijnswerk","","","","","","",20000525,20000525,0,0,0,0,0,"",0,0
"Ridderkerk","H","41","Besloten vennootschap met gewone structuur","4941","Goederenvervoer over weg (geen verhuiz.)","","","","","N","N",20001106,20001106,20030331,20000601,20040311,0,20001106,"",2020,20210412
"Amstelveen","H","41","Besloten vennootschap met gewone structuur","6420","Financiële holdings","","","","","N","N",20000720,20000720,20000621,20000621,20071026,0,20000720,"",2020,20210913
"Amstelveen","H","41","Besloten vennootschap met gewone structuur","7490","Overige special. zakelijke dienstverl.","","","","","N","N",20000720,20000720,20000621,20000621,20071026,0,20000720,"",2020,20210913
"Amsterdam","H","41","Besloten vennootschap met gewone structuur","69103","Notariskantoren","","","","","N","N",20000531,20000531,20000621,20000531,20150101,0,0,"",2021,20220428
"Ugchelen","H","41","Besloten vennootschap met gewone structuur","6420","Financiële holdings","","","","","N","N",20000630,20000630,20030415,20000614,20020101,0,20000630,"",2019,20210420
"Zandvoort","H","01","Eenmanszaak","4333","Afwerking van vloeren en wanden","4332","Bouwtimmeren","","","N","N",0,0,20000621,20000601,0,0,0,"",0,0
"Amsterdam","H","41","Besloten vennootschap met gewone structuur","6420","Financiële holdings","","","","","N","N",20000609,20000609,20000621,20000609,0,0,0,"",2021,20220406
"Zaandam","H","41","Besloten vennootschap met gewone structuur","6420","Financiële holdings","","","","","N","N",20000907,20000907,20000621,20000101,20170907,0,20000907,"",2019,20210623
"Almere","H","01","Eenmanszaak","8130","Landschapsverzorging","4120","Algemene burgerlijke en utiliteitsbouw","","","N","N",0,0,20001028,20000615,20030616,0,20020501,"",0,0
"Boskoop","H","41","Besloten vennootschap met gewone structuur","64303","Beleggingsinst. met beperkte toetreding","","","","","N","N",20000616,20000616,20011001,20000616,20011001,0,0,"",2021,20220330
"Zaandam","H","41","Besloten vennootschap met gewone structuur","4120","Algemene burgerlijke en utiliteitsbouw","7732","Verh./lease machines/instal.voor de bouw","","","N","N",20060124,20060124,20000621,20000621,20220429,0,20060124,"",2021,20220608
"Hoofddorp","H","41","Besloten vennootschap met gewone structuur","74103","Interieur- en ruimtelijk ontwerp","9524","Reparatie en stoffering van meubels","71112","Interieurarchitecten","N","N",20010323,20010323,20000621,20000607,20100301,0,20010323,"",2020,20210920
"Nieuw-Vennep","H","41","Besloten vennootschap met gewone structuur","6420","Financiële holdings","","","","","N","N",20010323,20010323,20000621,20000607,20060703,0,20010323,"",2020,20210920
"Amstelveen","H","41","Besloten vennootschap met gewone structuur","6420","Financiële holdings","","","","","N","N",20060530,20060530,20000621,20000621,20030102,0,20060530,"",2020,20211222
"Beverwijk","H","41","Besloten vennootschap met gewone structuur","6420","Financiële holdings","","","","","N","N",20000619,20000619,20000621,20000619,20150911,0,0,"",2020,20220512
"Zaandam","H","41","Besloten vennootschap met gewone structuur","2562","Algemene metaalbewerking","","","","","N","N",20041231,20041231,20000621,20000524,20190601,0,20041231,"",2021,20220609
"Amsterdam","H","01","Eenmanszaak","93195","Organiseren van sportevenementen","85519","Overig sport- en recreatieonderwijs","70221","Organisatie-adviesbureaus","N","N",0,0,20000621,20000621,0,0,0,"",0,0
"Hoorn","H","41","Besloten vennootschap met gewone structuur","7112","Ingenieurs/overig techn. ontwerp/advies","78202","Uitleenbureaus","4321","Elektrotechnische bouwinstallatie","","",20000615,20000615,20000620,19861101,20151030,0,20000615,"",2020,20220425
"Castricum","H","41","Besloten vennootschap met gewone structuur","4632","GH vlees(waren)/wild en gev. (niet lev.)","","","","","J","N",20000531,20000531,20000620,19870506,0,0,20000531,"",2020,20211014
"Den Helder","H","41","Besloten vennootschap met gewone structuur","7735","Verhuur en lease van vliegtuigen","","","","","J","J",20000907,20000907,20160428,20000501,20160425,0,20000907,"",2014,20150129
"Bovenkarspel","H","01","Eenmanszaak","70221","Organisatie-adviesbureaus","","","","","N","N",0,0,20000621,20000501,0,0,0,"",0,0
"Heerhugowaard","H","41","Besloten vennootschap met gewone structuur","6420","Financiële holdings","","","","","","",20000802,20000802,20000621,20000601,20060128,0,20000802,"",2019,20200831
"Wons","H","01","Eenmanszaak","4120","Algemene burgerlijke en utiliteitsbouw","","","","","","",0,0,20060401,20000621,20060401,0,0,"",0,0
"Hippolytushoef","","71","Vereniging met volledige rechtsbevoegdheid","93149","Overige binnensport en omnisport","","","","","","",20000222,0,0,0,0,0,0,"",0,0
"Wieringerwerf","H","11","Vennootschap onder firma","93299","Ov. recreatie (rest)(geen jachthavens)","6311","Gegevensverw./webhosting/aanverw. activ.","74201","Fotografie","N","N",20000621,0,20000621,20000621,0,0,0,"",0,0
"Den Helder","H","41","Besloten vennootschap met gewone structuur","70102","Holdings (geen financiële)","","","","","N","N",20010615,20010615,20000621,20000621,20050614,0,20010615,"",2020,20220517
"Hoogkarspel","H","01","Eenmanszaak","4332","Bouwtimmeren","43221","Loodg.- en fitterswerk; inst. sanitair","","","N","N",0,0,20000621,20000622,20150903,0,0,"",0,0
"Roden","H","01","Eenmanszaak","43221","Loodg.- en fitterswerk; inst. sanitair","45402","DH en reparatie motorfiets(onderdel)en","","","N","N",0,0,20041122,20000101,20210208,0,0,"",0,0
"Easterein","H","41","Besloten vennootschap met gewone structuur","18129","Overige drukkerijen (rest)","1392","Verv. geconfectioneerde art. van textiel","","","","",20000712,20000712,20000621,19200701,20160711,0,20000712,"",2020,20211221
"Heerenveen","H","41","Besloten vennootschap met gewone structuur","2550","Smeden/persen/stampen/profielwalsen e.d.","","","","","N","N",20060511,20060511,20000621,19370402,20000701,0,20060511,"",2020,20211115
"Farmsum","","74","Stichting","9103","Monumentenzorg","","","","","","",20000619,20000619,0,0,0,0,0,"",0,0
"Roden","H","01","Eenmanszaak","6201","Ontwikkelen/produceren/uitgeven software","74201","Fotografie","6209","Ov. dienstv. act. ohgv informatietechn.","N","N",0,0,20060901,20000621,20150225,0,0,"",0,0
"Lemmer","H","41","Besloten vennootschap met gewone structuur","7732","Verh./lease machines/instal.voor de bouw","","","","","","",20000807,20000807,20000622,20000601,20120809,0,20000807,"",2020,20210929
"Groningen","H","01","Eenmanszaak","86913","Praktijken van psychotherapeuten/-logen","","","","","","",0,0,20000622,20000622,20141101,0,0,"",0,0
"Noordwijk","","71","Vereniging met volledige rechtsbevoegdheid","93129","Overige buitensport","","","","","","",20000404,20000621,0,0,0,0,0,"",0,0
"Uithuizen","","71","Vereniging met volledige rechtsbevoegdheid","94997","Overige belangenbehartiging (rest)","","","","","","",20000621,20000621,0,0,0,0,0,"",0,0
"Onnen","","74","Stichting","88999","Overig maatsch.adv./gemeenschapshuizen","","","","","","",20000616,20000616,0,0,0,0,0,"",0,0
"Groningen","H","01","Eenmanszaak","70221","Organisatie-adviesbureaus","7112","Ingenieurs/overig techn. ontwerp/advies","","","","",0,0,20000622,20000626,20100115,0,0,"",0,0
"Groningen","H","01","Eenmanszaak","6202","Advisering ohgv informatietechnologie","6201","Ontwikkelen/produceren/uitgeven software","7112","Ingenieurs/overig techn. ontwerp/advies","N","N",0,0,20000622,20000622,20140210,0,0,"",0,0
"Hoogeveen","","74","Stichting","64301","Beleggingsinstell. in financiële activa","","","","","","",20000616,20000616,0,0,0,0,0,"",0,0
"Erica","","74","Stichting","9411","Bedrijfs- en werkgeversorganisaties","","","","","","",20000619,20000619,0,0,0,0,0,"",0,0
"Hoogeveen","H","01","Eenmanszaak","4615","HB in meubels, huish. art. en ijzerwaren","","","","","","",0,0,20000622,20000621,20030201,0,0,"",0,0
"Balkbrug","H","01","Eenmanszaak","4312","Grondverzet","42112","Stratenmaken","49393","Geregeld besloten pers.vervoer over weg","","",0,0,20000620,20000601,0,0,0,"",0,0
"Zwolle","","74","Stichting","93195","Organiseren van sportevenementen","9002","Dienstverlening voor uitvoerende kunst","","","","",20000619,20000619,0,0,0,0,0,"",0,0
"Zwolle","H","41","Besloten vennootschap met gewone structuur","6420","Financiële holdings","70102","Holdings (geen financiële)","0143","Fokken en houden van paarden en ezels","","",20000620,20000620,20000621,20000620,20150701,0,0,"",2020,20210831
"Zwolle","H","41","Besloten vennootschap met gewone structuur","6420","Financiële holdings","70102","Holdings (geen financiële)","","","","",20000620,20000620,20000621,20000620,20120206,0,0,"",2020,20210611
"Zwartsluis","H","41","Besloten vennootschap met gewone structuur","6420","Financiële holdings","70102","Holdings (geen financiële)","","","","",20000620,20000620,20000621,20000620,20040602,0,0,"",2020,20210831
"Rijssen","H","41","Besloten vennootschap met gewone structuur","6420","Financiële holdings","","","","","N","N",20000609,20000609,20000621,20000609,20031222,0,0,"",2020,20211020
"Enter","H","01","Eenmanszaak","45112","Handel/rep. personen-/lichte bedr.auto's","","","","","N","N",0,0,20000621,20000620,20010101,0,0,"",0,0
"Losser","H","01","Eenmanszaak","4312","Grondverzet","","","","","N","N",0,0,20000622,20000630,0,0,0,"",0,0
"Barneveld","","61","Coöperatie","","","","","","","","",19840615,19840615,0,0,0,0,0,"",2016,20180507
"Nijmegen","H","41","Besloten vennootschap met gewone structuur","6420","Financiële holdings","","","","","","",20000531,20000531,20100614,20000531,20220422,0,0,"",2020,20220110
"Arnhem","","71","Vereniging met volledige rechtsbevoegdheid","93141","Individuele zaalsport","","","","","","",20000610,20000609,0,0,0,0,0,"",0,0
"Brummen","H","41","Besloten vennootschap met gewone structuur","4773","Apotheken","","","","","","",20000530,20000530,20020307,20000530,20020307,0,0,"",2020,20211110
"Zeist","H","41","Besloten vennootschap met gewone structuur","6420","Financiële holdings","","","","","","",20000609,20000609,20021128,20000609,20161202,0,0,"",2017,20181211
"Wageningen","","74","Stichting","94993","Steunfondsen (niet ohgv welzijnszorg)","","","","","","",20000613,20000613,0,0,0,0,0,"",2005,20060309
"Arnhem","H","01","Eenmanszaak","86912","Praktijken van fysiotherapeuten","","","","","","",0,0,20000622,20000622,20000622,0,0,"",0,0
"Ellecom","H","41","Besloten vennootschap met gewone structuur","64303","Beleggingsinst. met beperkte toetreding","70222","Advisering ohgv management/bedrijfsv.","","","","",20000616,20000616,20170608,20000616,20170606,0,0,"",2021,20220318
"Zelhem","","71","Vereniging met volledige rechtsbevoegdheid","94991","Gezelligheidsverenigingen","","","","","","",20000619,20000619,0,0,0,0,0,"",0,0
"Wijchen","H","41","Besloten vennootschap met gewone structuur","46739","GH bouwmaterialen algemeen assortiment","","","","","","",20000616,20000616,20000622,20000616,0,0,0,"",2022,0
"Escharen","H","41","Besloten vennootschap met gewone structuur","6420","Financiële holdings","","","","","","",20000616,20000616,20211207,20000616,20210114,0,0,"",2020,20211214
"Doesburg","H","41","Besloten vennootschap met gewone structuur","6420","Financiële holdings","","","","","N","N",20000622,20000622,20000622,20000622,20061211,0,0,"",2020,20210402
"Hengelo (Gld)","H","01","Eenmanszaak","7112","Ingenieurs/overig techn. ontwerp/advies","","","","","","",0,0,20080117,20000622,20041101,0,0,"",0,0
"Tiel","H","01","Eenmanszaak","77399","Verh./lease ov.mach./werkt./ov. goederen","9002","Dienstverlening voor uitvoerende kunst","","","N","N",0,0,20140412,20000622,20080805,0,0,"",0,0
"Druten","H","01","Eenmanszaak","47713","Winkels in bovenkleding/mode-artikelen","","","","","","",0,0,20180306,20000622,20160519,0,0,"",0,0
"Meteren","H","01","Eenmanszaak","7021","Adviesbureaus publ. relations en comm.","","","","","","",0,0,20000622,20000622,20001216,0,0,"",0,0
"Venlo","H","01","Eenmanszaak","4765","Winkels in speelgoed","","","","","N","N",0,0,20000622,20000622,20181015,0,0,"",0,0
"Geleen","H","41","Besloten vennootschap met gewone structuur","46751","GH chem.grondst./chemicaliën ind.toep.","6420","Financiële holdings","","","J","J",20000705,20000705,20000622,20000201,20210422,0,20000705,"",2020,20211019
"Sittard","H","41","Besloten vennootschap met gewone structuur","6420","Financiële holdings","","","","","N","N",20000531,20000531,20000622,20000531,20160407,0,0,"",2020,20211018
"Eindhoven","H","41","Besloten vennootschap met gewone structuur","6420","Financiële holdings","64303","Beleggingsinst. met beperkte toetreding","","","N","N",20000531,20000531,20000620,20000531,20050101,0,0,"",2020,20211105
"Wanroij","H","41","Besloten vennootschap met gewone structuur","6420","Financiële holdings","","","","","N","N",20000619,20000619,20000620,20000619,0,0,0,"",2020,20210525
"Helvoirt","H","01","Eenmanszaak","90011","Beoefening van podiumkunst","9002","Dienstverlening voor uitvoerende kunst","59111","Prod. films (geen televisiefilms)","","",0,0,20000621,20000621,20050107,0,0,"",0,0
"'s-Hertogenbosch","H","01","Eenmanszaak","43999","Overige gespec. werkz. in de bouw (rest)","","","","","N","N",0,0,20000621,20000621,20220401,0,0,"",0,0
"'s-Hertogenbosch","H","41","Besloten vennootschap met gewone structuur","6831","Bemidd. bij handel/huur/verhuur onr.goed","","","","","","",20000906,20000906,20000621,20000601,20110124,0,20000906,"",2020,20210607
"Eindhoven","","74","Stichting","8891","Kinderopvang","","","","","","",20000614,0,0,0,0,0,0,"",0,0
"Geldrop","H","01","Eenmanszaak","53202","Koeriers","47918","Internethandel overige non-food","","","N","N",0,0,20000622,20000622,20201128,0,0,"",0,0
"Mill","","71","Vereniging met volledige rechtsbevoegdheid","94997","Overige belangenbehartiging (rest)","","","","","","",20000619,20000619,0,0,0,0,0,"",0,0
"Eindhoven","","71","Vereniging met volledige rechtsbevoegdheid","72192","Technisch speur- en ontwikkelingswerk","","","","","","",20000420,20000420,0,0,0,0,0,"",0,0
"Vorstenbosch","H","01","Eenmanszaak","70221","Organisatie-adviesbureaus","","","","","","",0,0,20000622,20000619,0,0,0,"",0,0
"Veghel","H","01","Eenmanszaak","81221","Glazenwassen","","","","","N","N",0,0,20000622,20000626,0,0,0,"",0,0
"Tilburg","H","41","Besloten vennootschap met gewone structuur","6420","Financiële holdings","","","","","","",20000531,20000531,20000621,20000531,20080211,0,0,"",2020,20211006
"Chaam","","74","Stichting","66191","Admin.kantoren voor aandelen/obligaties","","","","","","",19871221,19871221,20071222,0,0,0,0,"",0,0
"Berkel-Enschot","H","01","Eenmanszaak","4622","Groothandel in bloemen en planten","0129","Teelt van overige meerjarige gewassen","0150","Akker-/tuinbouw icm fokken/houden dieren","","",0,0,20000621,19900712,0,0,0,"",0,0
"Sint-Annaland","H","41","Besloten vennootschap met gewone structuur","3315","Reparatie en onderhoud van schepen","","","","","N","N",20060531,20060531,20000622,20000622,20021224,0,20060531,"",2020,20220325
"Mijdrecht","N","41","Besloten vennootschap met gewone structuur","47591","Winkels in meubels","","","","","","",19940927,19940927,20000622,20000622,0,0,0,"",2020,20211013
"Rotterdam","","74","Stichting","66191","Admin.kantoren voor aandelen/obligaties","","","","","","",20000613,0,0,0,0,0,0,"",0,0
"Rotterdam","H","41","Besloten vennootschap met gewone structuur","6209","Ov. dienstv. act. ohgv informatietechn.","59111","Prod. films (geen televisiefilms)","","","N","N",20000726,20000726,20000622,20000501,20140526,0,20000726,"",2020,20211108
"Rotterdam","","74","Stichting","5811","Uitgeverijen van boeken","","","","","","",20000531,20000531,0,0,0,0,0,"",0,0
"Vlaardingen","H","41","Besloten vennootschap met gewone structuur","4332","Bouwtimmeren","","","","","N","N",20021127,20021127,20000622,20000622,20091101,0,20021127,"",2020,20211119
"Oostvoorne","H","01","Eenmanszaak","4777","Winkels in juweliersartikelen/uurwerken","","","","","N","N",0,0,20000622,20000622,20160901,0,0,"",0,0
"Dordrecht","H","11","Vennootschap onder firma","6312","Webportals","","","","","N","N",20000622,0,20000622,20000622,0,0,0,"",0,0
"Hellevoetsluis","H","41","Besloten vennootschap met gewone structuur","56101","Restaurants","46751","GH chem.grondst./chemicaliën ind.toep.","2573","Vervaardiging van gereedschap","N","N",20000620,20000620,20000622,20000620,0,0,0,"",2020,20210908
"Willemstad","H","41","Besloten vennootschap met gewone structuur","6420","Financiële holdings","","","","","N","N",20000620,20000620,20170512,20000620,20211230,0,0,"",2018,20191227
"Spijkenisse","","74","Stichting","66191","Admin.kantoren voor aandelen/obligaties","","","","","","",20000613,20000613,0,0,0,0,0,"",0,0
"Pernis Rotterdam","H","01","Eenmanszaak","8130","Landschapsverzorging","","","","","N","N",0,0,20000622,20000622,0,0,0,"",0,0
"Schiedam","H","01","Eenmanszaak","33221","Inst. machines voor algemeen gebruik","","","","","N","N",0,0,20000622,20000622,0,0,0,"",0,0
"Delft","","71","Vereniging met volledige rechtsbevoegdheid","68203","Verhuur van overige woonruimte","","","","","","",20000616,20000616,0,0,0,0,0,"",0,0
"Wassenaar","H","01","Eenmanszaak","4321","Elektrotechnische bouwinstallatie","","","","","N","N",0,0,20000621,20000628,20050704,0,0,"",0,0
"Delft","H","41","Besloten vennootschap met gewone structuur","64922","Volkskredietbanken/commerciële financ.","64921","Hypotheekbanken en bouwfondsen","6420","Financiële holdings","N","N",20000615,20000615,20000621,20000615,20170401,0,0,"",2020,20211104
"Zoetermeer","H","41","Besloten vennootschap met gewone structuur","70102","Holdings (geen financiële)","","","","","N","N",20000809,20000809,20000622,20000501,0,0,20000809,"",2020,20220519
"Ottoland","H","41","Besloten vennootschap met gewone structuur","6420","Financiële holdings","","","","","N","N",20000518,20000518,20090831,20000518,20090824,0,0,"",2003,20050201
"Gouda","H","41","Besloten vennootschap met gewone structuur","69101","Advocatenkantoren, bewindv. en curatoren","","","","","N","N",20000531,20000531,20100401,20000531,20100401,0,0,"",2017,20181108
"Benthuizen","","74","Stichting","94919","Over. levensbeschouwelijke organisaties","","","","","","",20000607,20000607,0,0,0,0,0,"",0,0
"Soesterberg","H","11","Vennootschap onder firma","7311","Reclamebureaus","","","","","N","N",20030516,0,20080128,20000621,20080116,0,20030516,"",0,0
"Zevenhoven","H","01","Eenmanszaak","0161","Dienstverl. akker- en/of tuinbouw","","","","","N","N",0,0,20000621,20000621,20170617,0,0,"",0,0
"Amsterdam","H","41","Besloten vennootschap met gewone structuur","69101","Advocatenkantoren, bewindv. en curatoren","","","","","N","N",20000529,20000529,20030501,20000529,20220309,0,0,"",2020,20210924
"Amsterdam","H","41","Besloten vennootschap met gewone structuur","69101","Advocatenkantoren, bewindv. en curatoren","6420","Financiële holdings","","","N","N",20000529,20000529,20030501,20000529,20220309,0,0,"",2020,20210924
"Utrecht","","74","Stichting","88999","Overig maatsch.adv./gemeenschapshuizen","","","","","","",20000606,20000606,0,0,0,0,0,"",0,0
"Houten","","71","Vereniging met volledige rechtsbevoegdheid","94997","Overige belangenbehartiging (rest)","","","","","","",20000511,20000511,0,0,0,0,0,"",0,0
"Zeddam","H","41","Besloten vennootschap met gewone structuur","6420","Financiële holdings","6832","Beheer van onroerend goed","","","","",20000921,20000921,20160830,20000518,20220603,0,20000921,"",2021,20220419
"Haarlem","","74","Stichting","94997","Overige belangenbehartiging (rest)","","","","","","",20000406,20000406,20091124,0,0,0,0,"",0,0
"Utrecht","H","41","Besloten vennootschap met gewone structuur","85592","Bedrijfsopleiding en -training","","","","","","",20000530,20000530,20000616,20000530,20170207,0,0,"",2020,20211227
"Nijmegen","H","41","Besloten vennootschap met gewone structuur","64301","Beleggingsinstell. in financiële activa","64923","Participatiemaatschappijen","","","","",20000619,20000619,20120308,20000619,20120308,0,0,"",2020,20211201
"Sittard","H","01","Eenmanszaak","9003","Schrijven en overige scheppende kunst","","","","","N","N",0,0,20000919,20000622,20160510,0,0,"",0,0
"Kamerik","","74","Stichting","94997","Overige belangenbehartiging (rest)","","","","","","",20000621,20000621,0,0,0,0,0,"",0,0
"Nieuw-Vennep","H","41","Besloten vennootschap met gewone structuur","7740","Lease niet-financiële immateriële activa","46901","Niet-gespec. GH in consumentenartikelen","","","N","N",20000531,20000531,20061204,20000531,20061103,0,0,"",2020,20211201
"Bilthoven","H","41","Besloten vennootschap met gewone structuur","6420","Financiële holdings","","","","","","",20000529,20000529,20181018,20000529,20181018,0,0,"",2020,20211220
"Hilversum","H","41","Besloten vennootschap met gewone structuur","6190","Overige telecommunicatie","78202","Uitleenbureaus","","","N","N",20000714,20000714,20000621,20000601,20220401,0,20000714,"",2021,20220511
"Amsterdam","H","41","Besloten vennootschap met gewone structuur","6201","Ontwikkelen/produceren/uitgeven software","","","","","","",20000630,20000630,20091216,20000621,20140626,0,20000630,"",2020,20211111
"Breda","H","41","Besloten vennootschap met gewone structuur","6420","Financiële holdings","","","","","","",20000830,20000830,20160411,20000601,20180110,0,20000830,"",2021,20220102
"Bussum","H","01","Eenmanszaak","5920","Maken en uitgeven van geluidsopnamen","90012","Producenten van podiumkunst","9003","Schrijven en overige scheppende kunst","","",0,0,20000621,20000621,0,0,0,"",0,0
"Rotterdam","H","41","Besloten vennootschap met gewone structuur","46751","GH chem.grondst./chemicaliën ind.toep.","","","","","J","J",20000607,20000607,20010705,20000607,20010531,0,0,"",2021,0
"Amsterdam","H","11","Vennootschap onder firma","70221","Organisatie-adviesbureaus","85592","Bedrijfsopleiding en -training","","","","",20000621,0,20180907,20000621,20180828,0,0,"",0,0
"Hoofddorp","H","41","Besloten vennootschap met gewone structuur","64923","Participatiemaatschappijen","","","","","","",20000607,20000607,20121114,20000607,20121126,0,0,"",2020,20211029
"Zeist","H","01","Eenmanszaak","70221","Organisatie-adviesbureaus","","","","","N","N",0,0,20170110,20000401,20161201,0,0,"",0,0
"Amersfoort","H","01","Eenmanszaak","47643","Winkels in sportart. (geen watersport)","","","","","","",0,0,20000621,20000615,20180813,0,0,"",0,0
"Loosdrecht","H","41","Besloten vennootschap met gewone structuur","6420","Financiële holdings","","","","","","",20000531,20000531,20000621,20000531,20220101,0,0,"",2020,20210929
"Loosdrecht","H","41","Besloten vennootschap met gewone structuur","6810","Handel in eigen onroerend goed","","","","","N","N",20000531,20000531,20000621,20000531,20220101,0,0,"",2020,20210929
"Leusden","H","01","Eenmanszaak","6201","Ontwikkelen/produceren/uitgeven software","","","","","","",0,0,20000622,20000622,20010701,0,0,"",0,0
"Hilversum","H","41","Besloten vennootschap met gewone structuur","6420","Financiële holdings","","","","","N","N",20000815,20000815,20000622,20000515,20160401,0,20000815,"",2020,20210628
"Dodewaard","H","41","Besloten vennootschap met gewone structuur","6420","Financiële holdings","","","","","","",20000531,20000531,20130417,20000531,20130412,0,0,"",2019,20210111
"Lelystad","H","11","Vennootschap onder firma","7112","Ingenieurs/overig techn. ontwerp/advies","70221","Organisatie-adviesbureaus","","","","",20000622,0,20061020,20000622,20060515,0,0,"",0,0
"Zandvoort","H","01","Eenmanszaak","90012","Producenten van podiumkunst","90011","Beoefening van podiumkunst","","","","",0,0,20111121,20000601,20111121,0,0,"",0,0
"Naarden","H","41","Besloten vennootschap met gewone structuur","6420","Financiële holdings","","","","","","",20000531,20000531,20000622,20000101,20031016,0,20000531,"",2021,20220307
"Naarden","H","41","Besloten vennootschap met gewone structuur","69102","Rechtskundige adviesbureaus","","","","","","",20000531,20000531,20000622,20000101,20031016,0,20000531,"",2021,20220307
"Westknollendam","H","01","Eenmanszaak","4332","Bouwtimmeren","","","","","N","N",0,0,20000622,20000629,20090301,0,0,"",0,0
"Leiden","H","01","Eenmanszaak","7911","Reisbemiddeling","5223","Dienstverlening voor de luchtvaart","52291","Expediteurs/cargadoors/bevrachters e.d.","N","N",0,0,20110531,20000622,20110519,0,0,"",0,0
"Zaandam","H","01","Eenmanszaak","9003","Schrijven en overige scheppende kunst","47761","Winkels bloemen/planten/zaden/tuinbenod.","","","N","N",0,0,20000622,20000629,20020701,0,20030716,"",0,0
"Amsterdam","H","41","Besloten vennootschap met gewone structuur","7021","Adviesbureaus publ. relations en comm.","","","","","N","N",20001030,20001030,20000622,20000601,20150625,0,20001030,"",2013,20150626
"Amsterdam","H","41","Besloten vennootschap met gewone structuur","6420","Financiële holdings","","","","","N","N",20000530,20000530,20000622,20000530,20160201,0,0,"",2020,20211031
"Beverwijk","","74","Stichting","88999","Overig maatsch.adv./gemeenschapshuizen","","","","","","",20000616,20000616,0,0,0,0,0,"",0,0
"Amsterdam","H","01","Eenmanszaak","7911","Reisbemiddeling","","","","","N","N",0,0,20000622,20000601,0,0,0,"",0,0
"Amsterdam","H","01","Eenmanszaak","90011","Beoefening van podiumkunst","9002","Dienstverlening voor uitvoerende kunst","7490","Overige special. zakelijke dienstverl.","N","N",0,0,20000622,20000301,20211027,0,0,"",0,0
"Haarlem","H","01","Eenmanszaak","4120","Algemene burgerlijke en utiliteitsbouw","","","","","N","N",0,0,20000622,20000615,20191129,0,0,"",0,0
"Amsterdam","H","01","Eenmanszaak","74102","Industrieel en productontwerp","7311","Reclamebureaus","","","N","N",0,0,20000622,20000214,0,0,0,"",0,0
"Amsterdam","H","41","Besloten vennootschap met gewone structuur","6420","Financiële holdings","","","","","N","N",20000728,20000728,20000622,20000622,20200228,0,20000728,"",2005,20070521
"Amsterdam","H","01","Eenmanszaak","4120","Algemene burgerlijke en utiliteitsbouw","46901","Niet-gespec. GH in consumentenartikelen","","","J","N",0,0,20000622,20000501,20140320,0,0,"",0,0
"Andijk","H","01","Eenmanszaak","56101","Restaurants","","","","","","",0,0,20000619,19970304,0,0,20000619,"",0,0
"Venhuizen","H","41","Besloten vennootschap met gewone structuur","6420","Financiële holdings","","","","","","",20000609,20000609,20000621,20000609,20031201,0,0,"",2021,20220608
"Alkmaar","H","41","Besloten vennootschap met gewone structuur","70221","Organisatie-adviesbureaus","","","","","","",20000614,20000614,20000621,20000614,20021021,0,0,"",2020,20220325
"Sint Pancras","H","41","Besloten vennootschap met gewone structuur","6420","Financiële holdings","","","","","","",20000428,20000428,20000621,20000428,0,0,0,"",2020,20220401
"Monnickendam","H","41","Besloten vennootschap met gewone structuur","4110","Projectontwikkeling","","","","","N","N",20000616,20000616,20000621,20000616,20141010,0,0,"",2020,20210929
"Zuidschermer","H","41","Besloten vennootschap met gewone structuur","6420","Financiële holdings","","","","","","",20000530,20000530,20000622,20000530,0,0,0,"",2021,20220602
"Zuidschermer","H","41","Besloten vennootschap met gewone structuur","6420","Financiële holdings","","","","","","",20000530,20000530,20000622,20000530,0,0,0,"",2021,20220603
"Zuidschermer","H","41","Besloten vennootschap met gewone structuur","6420","Financiële holdings","","","","","","",20000530,20000530,20000622,20000530,20100601,0,0,"",2021,20220531
"Zuidschermer","H","41","Besloten vennootschap met gewone structuur","70102","Holdings (geen financiële)","","","","","","",20000530,20000530,20000622,20000530,20100601,0,0,"",2021,20220603
"Hoorn","H","41","Besloten vennootschap met gewone structuur","6201","Ontwikkelen/produceren/uitgeven software","7740","Lease niet-financiële immateriële activa","8020","Beveiliging via beveiligingssystemen","","",20000615,20000615,20000622,20000615,20151210,0,0,"",2020,20220425
"Sint Maarten","H","01","Eenmanszaak","4332","Bouwtimmeren","","","","","N","N",0,0,20000622,20000401,20040121,0,0,"",0,0
"Edam","H","11","Vennootschap onder firma","68204","Verh. onroerend goed (niet v woonruimte)","","","","","","",20000615,0,20000622,20000615,20201027,0,0,"",0,0
"Enkhuizen","H","01","Eenmanszaak","7112","Ingenieurs/overig techn. ontwerp/advies","","","","","N","N",0,0,20000622,19991231,20190930,0,0,"",0,0
"Wehl","H","01","Eenmanszaak","53202","Koeriers","47999","DH via overige distributievormen","4941","Goederenvervoer over weg (geen verhuiz.)","","",0,0,20161125,20000608,20161101,0,0,"",0,0
"Leeuwarden","H","41","Besloten vennootschap met gewone structuur","85592","Bedrijfsopleiding en -training","4651","GH computers, randapparatuur en software","","","J","J",20000531,20000531,20000621,20000531,20140901,0,0,"",2019,20200114
"Leeuwarden","H","41","Besloten vennootschap met gewone structuur","70102","Holdings (geen financiële)","","","","","","",20000531,20000531,20000621,20000531,20140901,0,0,"",2019,20200114
"Oudega","H","01","Eenmanszaak","43993","Metselen en voegen","","","","","","",0,0,20000623,20000623,20091119,0,0,"",0,0
"Reduzum","H","41","Besloten vennootschap met gewone structuur","70102","Holdings (geen financiële)","","","","","","",20000608,20000608,20000622,20000608,0,0,0,"",2020,20211109
"Heerenveen","H","41","Besloten vennootschap met gewone structuur","4941","Goederenvervoer over weg (geen verhuiz.)","","","","","J","J",20000608,20000608,20000622,19841210,0,0,20000608,"",2020,20210830
"Roodeschool","H","01","Eenmanszaak","86919","Overige paramedische praktijken","","","","","N","N",0,0,20000623,20000501,0,0,0,"",0,0
"Eelderwolde","H","41","Besloten vennootschap met gewone structuur","6420","Financiële holdings","","","","","","",20001130,20001130,20010723,20000622,20210218,0,20001130,"",2020,20211227
"Winschoten","H","41","Besloten vennootschap met gewone structuur","4932","Vervoer per taxi","","","","","","",20000803,20000803,20000623,20000622,20130315,0,20000803,"",2021,20220513
"Groningen","","74","Stichting","94993","Steunfondsen (niet ohgv welzijnszorg)","","","","","","",20000515,20000515,0,0,0,0,0,"",0,0
"Winschoten","H","41","Besloten vennootschap met gewone structuur","6420","Financiële holdings","","","","","N","N",20000622,20000622,20000623,20000622,0,0,0,"",2020,20210720
"Groningen","","74","Stichting","9103","Monumentenzorg","","","","","","",20000515,20000515,0,0,0,0,0,"",0,0
"Usquert","","74","Stichting","9002","Dienstverlening voor uitvoerende kunst","","","","","","",20000619,20000619,0,0,0,0,0,"",0,0
"Winschoten","H","11","Vennootschap onder firma","56101","Restaurants","","","","","","",20000701,0,20000623,20000701,0,0,0,"",0,0
"Groningen","H","01","Eenmanszaak","59111","Prod. films (geen televisiefilms)","","","","","N","N",0,0,20000626,20000701,20070924,0,0,"",0,0
"Veendam","H","11","Vennootschap onder firma","70221","Organisatie-adviesbureaus","","","","","N","N",20070101,0,20000626,20000701,20191020,0,20070101,"",0,0
"Usquert","H","01","Eenmanszaak","4619","Niet-gespecialiseerde handelsbemiddeling","","","","","N","N",0,0,20000626,20000701,20220104,0,20010101,"",0,0
"Groningen","","74","Stichting","94997","Overige belangenbehartiging (rest)","","","","","","",19991223,19991223,0,0,0,0,0,"",0,0
"Emmen","H","41","Besloten vennootschap met gewone structuur","7311","Reclamebureaus","","","","","","",20000714,20000714,20000623,20000623,20160601,0,20000714,"",2020,20220208
"Erica","H","41","Besloten vennootschap met gewone structuur","6420","Financiële holdings","70221","Organisatie-adviesbureaus","","","","",20000621,20000621,20000623,20000621,0,0,0,"",2021,20220304
"Roden","","71","Vereniging met volledige rechtsbevoegdheid","94991","Gezelligheidsverenigingen","","","","","","",20000621,20000621,0,0,0,0,0,"",0,0
"Groningen","H","41","Besloten vennootschap met gewone structuur","70102","Holdings (geen financiële)","","","","","","",20000616,20000616,20000626,20000616,20170201,0,0,"",2017,20190213
"Rotterdam","H","01","Eenmanszaak","70221","Organisatie-adviesbureaus","","","","","","",0,0,20190520,20000701,20190501,0,0,"",0,0
"Assen","H","41","Besloten vennootschap met gewone structuur","6420","Financiële holdings","","","","","","",20001016,20001016,20000626,20000401,20131106,0,20001023,"",2021,20220407
"Assen","H","41","Besloten vennootschap met gewone structuur","86913","Praktijken van psychotherapeuten/-logen","","","","","","",20010118,20010118,20000626,20000401,20110321,0,20010118,"",2020,20211028
"Arnhem","N","41","Besloten vennootschap met gewone structuur","86922","Arbobegeleiding en reïntegratie","","","","","N","N",19920708,19920708,20000622,20000101,20030101,0,0,"",2020,20211230
"Genemuiden","H","41","Besloten vennootschap met gewone structuur","6420","Financiële holdings","","","","","","",20000619,20000619,20000622,20000619,20050609,0,0,"",2020,20210823
"Genemuiden","H","41","Besloten vennootschap met gewone structuur","70102","Holdings (geen financiële)","","","","","","",20000619,20000619,20000622,20000619,20090615,0,0,"",2020,20210908
"Genemuiden","H","41","Besloten vennootschap met gewone structuur","6420","Financiële holdings","","","","","","",20000619,20000619,20000622,20000619,0,0,0,"",2020,20210823
"Genemuiden","H","41","Besloten vennootschap met gewone structuur","6420","Financiële holdings","","","","","","",20000619,20000619,20000622,20000619,20121231,0,0,"",2020,20210920
"Zwolle","H","01","Eenmanszaak","91022","Kunstgalerieën en -expositieruimten","","","","","J","J",0,0,20000623,20000701,20040301,0,0,"",0,0
"Ommen","H","01","Eenmanszaak","4120","Algemene burgerlijke en utiliteitsbouw","46731","Groothandel in hout en plaatmateriaal","","","","",0,0,20000623,20000701,20020503,0,0,"",0,0
"Balkbrug","H","11","Vennootschap onder firma","0143","Fokken en houden van paarden en ezels","46231","Groothandel in levend vee","70221","Organisatie-adviesbureaus","","",20000701,0,20000623,20000701,0,0,0,"",0,0
"Steenwijk","H","21","Commanditaire vennootschap","52109","Opslag in distr.centra en overige opslag","","","","","","",20000701,0,20000623,20000701,20170801,0,0,"",0,0
"Raalte","H","01","Eenmanszaak","43221","Loodg.- en fitterswerk; inst. sanitair","43222","Inst. verwarmings-/luchtbehandelingsapp.","","","","",0,0,20000623,20000701,20060215,0,0,"",0,0
"Dalfsen","H","01","Eenmanszaak","8130","Landschapsverzorging","","","","","N","N",0,0,20000623,20000701,20000701,0,0,"",0,0
"Kampen","H","01","Eenmanszaak","96022","Schoonheidsverzorging/pedi-/manicures","","","","","","",0,0,20000626,20000701,20130501,0,0,"",0,0
"Amsterdam","N","41","Besloten vennootschap met gewone structuur","45202","Bandenservicebedrijven","","","","","N","N",19760610,19760610,20000626,20000628,0,0,0,"",2021,20211015
"Harderwijk","H","41","Besloten vennootschap met gewone structuur","6420","Financiële holdings","","","","","N","N",20000531,20000531,20000621,19810602,20190802,0,20000531,"",2020,20211206
"Voorthuizen","H","41","Besloten vennootschap met gewone structuur","6420","Financiële holdings","","","","","N","N",20030527,20030527,20000626,20000626,20100701,0,20030527,"",2020,20211018
"Brummen","H","41","Besloten vennootschap met gewone structuur","7311","Reclamebureaus","","","","","N","N",20001016,20001016,20000622,19940101,20210809,0,20001016,"",2020,20210923
"Haarle","H","41","Besloten vennootschap met gewone structuur","4120","Algemene burgerlijke en utiliteitsbouw","","","","","N","N",20000531,20000531,20000622,19740401,0,0,20000531,"",2020,20220614
"Geesteren","H","41","Besloten vennootschap met gewone structuur","5630","Cafés","","","","","N","N",20000531,20000531,20000623,20000531,0,0,0,"",2020,20211201
"Waalwijk","","71","Vereniging met volledige rechtsbevoegdheid","93299","Ov. recreatie (rest)(geen jachthavens)","","","","","","",20000620,20000620,20071222,0,0,0,0,"",0,0
"Uddel","H","11","Vennootschap onder firma","8130","Landschapsverzorging","","","","","N","N",20040101,0,20000623,20000623,20180718,0,20040101,"",0,0
"Albergen","H","41","Besloten vennootschap met gewone structuur","2893","Verv. machines prod. voedings-/genotm.","","","","","N","N",20000710,20000710,20000623,20000619,20010417,0,20000710,"",2020,20211020
"Nijverdal","","71","Vereniging met volledige rechtsbevoegdheid","94992","Hobbyclubs","","","","","","",20000608,20000608,0,0,0,0,0,"",0,0
"Putten","H","01","Eenmanszaak","2562","Algemene metaalbewerking","","","","","N","N",0,0,20000623,20000601,20090601,0,0,"",0,0
"Epe","H","41","Besloten vennootschap met gewone structuur","70102","Holdings (geen financiële)","","","","","N","N",20000620,20000620,20000623,20000620,20040701,0,0,"",2021,20220322
"Enschede","H","01","Eenmanszaak","96022","Schoonheidsverzorging/pedi-/manicures","","","","","N","N",0,0,20000623,20000701,20191115,0,0,"",0,0
"Enschede","H","01","Eenmanszaak","86919","Overige paramedische praktijken","86912","Praktijken van fysiotherapeuten","","","N","N",0,0,20000623,20000601,20200301,0,20090101,"",0,0
"Oldenzaal","H","01","Eenmanszaak","70222","Advisering ohgv management/bedrijfsv.","","","","","N","N",0,0,20000623,20000501,20100201,0,0,"",0,0
"Oldenzaal","H","01","Eenmanszaak","47593","Winkels art. woninginrichting alg. ass.","","","","","N","N",0,0,20000623,20000601,20180924,0,20031014,"",0,0
"Barneveld","H","11","Vennootschap onder firma","01462","Vleesvarkensbedrijven","","","","","N","N",20000101,0,20000623,20000101,0,0,0,"",0,0
"Haaksbergen","H","01","Eenmanszaak","85522","Kunstzinnige vorming voor amateurs","","","","","N","N",0,0,20000623,20000701,0,0,0,"",0,0
"Hengevelde","H","01","Eenmanszaak","43222","Inst. verwarmings-/luchtbehandelingsapp.","","","","","N","N",0,0,20000626,20000701,20050825,0,0,"",0,0
"Lunteren","H","41","Besloten vennootschap met gewone structuur","6312","Webportals","","","","","N","N",20001026,20001026,20041101,20000501,20060905,0,20001026,"",2020,20210722
"Hengelo","H","01","Eenmanszaak","4333","Afwerking van vloeren en wanden","","","","","N","N",0,0,20000626,20000701,0,0,0,"",0,0
"Geesteren","H","41","Besloten vennootschap met gewone structuur","6420","Financiële holdings","","","","","N","N",20000530,20000530,20000626,20000530,20081202,0,0,"",2020,20210421
"Gendringen","","74","Stichting","66191","Admin.kantoren voor aandelen/obligaties","","","","","","",20000621,20000621,0,0,0,0,0,"",0,0
"Groenlo","H","01","Eenmanszaak","96022","Schoonheidsverzorging/pedi-/manicures","","","","","N","N",0,0,20000623,20000701,0,0,0,"",0,0
"Bemmel","H","41","Besloten vennootschap met gewone structuur","70102","Holdings (geen financiële)","","","","","","",20000821,20000821,20000623,20000619,20180801,0,20000821,"",2018,20200217
"Bennekom","","71","Vereniging met volledige rechtsbevoegdheid","94992","Hobbyclubs","","","","","","",19820823,0,0,0,0,0,0,"",0,0
"Zetten","","71","Vereniging met volledige rechtsbevoegdheid","94997","Overige belangenbehartiging (rest)","","","","","","",20000620,20000620,0,0,0,0,0,"",0,0
"Huissen","H","11","Vennootschap onder firma","4334","Schilderen en glaszetten","","","","","","",20000701,0,20000623,20000701,0,0,0,"",0,0
"Wassenaar","H","41","Besloten vennootschap met gewone structuur","70222","Advisering ohgv management/bedrijfsv.","94995","Overk. organen (niet ohgv welzijn/sport)","","","","",20000802,20000802,20030903,20000608,20030818,0,20000802,"",2020,20220615
"Oosterbeek","","74","Stichting","94993","Steunfondsen (niet ohgv welzijnszorg)","","","","","","",20000529,20000529,0,0,0,0,0,"",0,0
"Zetten","","74","Stichting","6832","Beheer van onroerend goed","","","","","","",20000620,20000620,0,0,0,0,0,"",0,0
"Zetten","","71","Vereniging met volledige rechtsbevoegdheid","94997","Overige belangenbehartiging (rest)","","","","","","",20000620,20000620,0,0,0,0,0,"",0,0
"Nijmegen","H","01","Eenmanszaak","4120","Algemene burgerlijke en utiliteitsbouw","4333","Afwerking van vloeren en wanden","","","","",0,0,20000623,20000701,20000701,0,0,"",0,0
"Almen","H","01","Eenmanszaak","7112","Ingenieurs/overig techn. ontwerp/advies","","","","","N","N",0,0,20090730,20000623,20170223,0,0,"",0,0
"Aalten","H","01","Eenmanszaak","4321","Elektrotechnische bouwinstallatie","","","","","N","N",0,0,20000623,20000701,20000701,0,0,"",0,0
"Arnhem","H","01","Eenmanszaak","96021","Haarverzorging","","","","","","",0,0,20000623,20000701,20051006,0,0,"",0,0
"Apeldoorn","H","41","Besloten vennootschap met gewone structuur","85592","Bedrijfsopleiding en -training","","","","","N","N",20091013,20091013,20140120,20000101,20180501,0,20091013,"",2021,20220215
"Almere","H","01","Eenmanszaak","59111","Prod. films (geen televisiefilms)","","","","","","",0,0,20071001,20000623,20071001,0,0,"",0,0
"Rozendaal","H","41","Besloten vennootschap met gewone structuur","6420","Financiële holdings","","","","","","",20000623,20000623,20000626,20000623,20060630,0,0,"",2019,20210210
"Duiven","H","41","Besloten vennootschap met gewone structuur","70102","Holdings (geen financiële)","","","","","","",20000623,20000623,20000626,20000623,20000623,0,0,"",2021,20220401
"Nijmegen","H","41","Besloten vennootschap met gewone structuur","70102","Holdings (geen financiële)","","","","","","",20000623,20000623,20000626,20000623,20121127,0,0,"",2021,20220401
"Veenendaal","H","01","Eenmanszaak","47789","Winkels gespec. in overige art. (rest)","","","","","N","N",0,0,20000626,20000701,20120101,0,0,"",0,0
"Elst","H","01","Eenmanszaak","8130","Landschapsverzorging","","","","","","",0,0,20000626,20000701,20050401,0,0,"",0,0
"Ede","H","41","Besloten vennootschap met gewone structuur","33121","Rep./onderh. mach. voor algemeen gebruik","","","","","","",20010531,20010531,20111121,20000701,20111121,0,20010531,"",2020,20210628
"Zevenaar","H","41","Besloten vennootschap met gewone structuur","45112","Handel/rep. personen-/lichte bedr.auto's","45204","Carrosserieherstel","","","","",20000926,20000926,20000626,20000623,20100712,0,20000926,"",2020,20211111
"Doetinchem","H","41","Besloten vennootschap met gewone structuur","6420","Financiële holdings","","","","","","",20000717,20000717,20000626,20000619,20201111,0,20000717,"",2020,20210818
"Leerdam","H","41","Besloten vennootschap met gewone structuur","4332","Bouwtimmeren","","","","","N","N",20011109,20011109,20000623,20000701,20040906,0,20011109,"",2020,20220613
"Druten","H","11","Vennootschap onder firma","4329","Overige bouwinstallatie","","","","","","",20000701,0,20140412,20000701,20090715,0,0,"",0,0
"Tiel","H","41","Besloten vennootschap met gewone structuur","70102","Holdings (geen financiële)","","","","","","",20000621,20000621,20000623,20000621,20080410,0,0,"",2021,20220324
"Ochten","H","41","Besloten vennootschap met gewone structuur","70102","Holdings (geen financiële)","","","","","","",20000621,20000621,20000623,20000621,0,0,0,"",2021,20220322
"Aalst","H","11","Vennootschap onder firma","0161","Dienstverl. akker- en/of tuinbouw","","","","","","",20000601,0,20000623,20000601,0,0,0,"",0,0
"Hei- en Boeicop","H","11","Vennootschap onder firma","4941","Goederenvervoer over weg (geen verhuiz.)","","","","","","",20000701,0,20140611,20000701,0,0,0,"",0,0
"Opheusden","H","41","Besloten vennootschap met gewone structuur","6420","Financiële holdings","7311","Reclamebureaus","","","N","N",20000623,20000623,20140412,20000623,20140403,0,0,"",2020,20211014
"Nuth","H","41","Besloten vennootschap met gewone structuur","6420","Financiële holdings","","","","","N","N",20000829,20000829,20000623,20000613,0,0,20000829,"",2020,20211018
"Maastricht","","74","Stichting","64923","Participatiemaatschappijen","","","","","","",20000523,20000523,0,0,0,0,0,"",0,0
"Maastricht","H","41","Besloten vennootschap met gewone structuur","8891","Kinderopvang","6420","Financiële holdings","78202","Uitleenbureaus","N","N",20000530,20000530,20000623,20000530,20210401,0,0,"",2019,20200511
"Meerssen","H","41","Besloten vennootschap met gewone structuur","70102","Holdings (geen financiële)","","","","","N","N",20000530,20000530,20000623,20000530,20030313,0,0,"",2020,20211117
"Heerlen","","71","Vereniging met volledige rechtsbevoegdheid","94997","Overige belangenbehartiging (rest)","","","","","","",20000506,20000506,0,0,0,0,0,"",0,0
"Meerssen","H","41","Besloten vennootschap met gewone structuur","2899","Verv. ov.machines/app./werkt. specifiek","","","","","J","J",20000602,20000602,20000623,20000602,20120101,0,0,"",2020,20211101
"Meerssen","H","41","Besloten vennootschap met gewone structuur","70102","Holdings (geen financiële)","","","","","N","N",20000530,20000530,20000623,20000530,20160129,0,0,"",2020,20211103
"Maastricht","H","41","Besloten vennootschap met gewone structuur","68204","Verh. onroerend goed (niet v woonruimte)","","","","","N","N",20030526,20030526,20000626,20000701,20160101,0,20030526,"",2020,20211231
"Sittard","H","41","Besloten vennootschap met gewone structuur","2511","Verv. metalen constr.werken/delen ervan","4299","Bouw overige civieltechnische werken","","","N","N",20000616,20000616,20000626,20000616,0,0,0,"",2021,20220525
"Voerendaal","H","41","Besloten vennootschap met gewone structuur","70222","Advisering ohgv management/bedrijfsv.","69102","Rechtskundige adviesbureaus","","","N","N",20000614,20000614,20000626,20000614,20051001,0,0,"",2020,20220115
"Sittard","H","11","Vennootschap onder firma","45205","Overige gespec. reparatie/slepen auto's","","","","","N","N",20000626,0,20000626,20000626,20190615,0,20000626,"",0,0
"Boxtel","H","11","Vennootschap onder firma","5630","Cafés","","","","","N","N",20000101,0,20000623,19860501,0,0,20000101,"",0,0
"Uden","H","11","Vennootschap onder firma","7311","Reclamebureaus","","","","","N","N",20000101,0,20000622,20000101,0,0,0,"",0,0
"Uden","H","41","Besloten vennootschap met gewone structuur","6420","Financiële holdings","","","","","N","N",20000831,20000831,20000622,20000101,0,0,20000831,"",2020,20211011
"Best","","74","Stichting","64303","Beleggingsinst. met beperkte toetreding","","","","","","",20000531,20000531,0,0,0,0,0,"",0,0
"Eindhoven","H","41","Besloten vennootschap met gewone structuur","56101","Restaurants","","","","","","",20010207,20010207,20000623,20000701,0,0,20010207,"",2020,20211224
"Valkenswaard","H","41","Besloten vennootschap met gewone structuur","6420","Financiële holdings","","","","","","",20000621,20000621,20000622,20000621,20001016,0,0,"",2020,20211230
"Someren","H","01","Eenmanszaak","7112","Ingenieurs/overig techn. ontwerp/advies","","","","","","",0,0,20000623,20000623,20060117,0,0,"",0,0
"Oss","H","41","Besloten vennootschap met gewone structuur","66193","Hypotheek-/kredietbem./bankagentschappen","6831","Bemidd. bij handel/huur/verhuur onr.goed","6420","Financiële holdings","","",20000620,20000620,20000622,20000620,20030709,0,0,"",2019,20210920
"Valkenswaard","H","74","Stichting","68203","Verhuur van overige woonruimte","","","","","","",20000619,20000619,20000623,20000619,0,0,0,"",0,0
"Bladel","H","01","Eenmanszaak","4613","HB hout/vlakglas/sanitair/bouwmaterialen","","","","","","",0,0,20000623,20000623,20070726,0,0,"",0,0
"'s-Hertogenbosch","H","41","Besloten vennootschap met gewone structuur","6420","Financiële holdings","","","","","","",20000921,20000921,20000623,20000501,0,0,20000921,"",2021,20220502
"Uden","H","11","Vennootschap onder firma","93129","Overige buitensport","4618","HB gespecialiseerd in overige goederen","","","","",20000601,0,20000622,20000601,20080525,0,0,"",0,0
"Heeze","","71","Vereniging met volledige rechtsbevoegdheid","94991","Gezelligheidsverenigingen","","","","","","",20000619,20000619,0,0,0,0,0,"",0,0
"Schaijk","H","41","Besloten vennootschap met gewone structuur","4120","Algemene burgerlijke en utiliteitsbouw","46739","GH bouwmaterialen algemeen assortiment","","","","",20000531,20000531,20000623,19800101,0,0,20000531,"",2020,20210528
"Heeze","H","41","Besloten vennootschap met gewone structuur","6420","Financiële holdings","","","","","","",20000620,20000620,20000623,20000620,20110207,0,0,"",2020,20211228
"Vlijmen","H","01","Eenmanszaak","4334","Schilderen en glaszetten","45112","Handel/rep. personen-/lichte bedr.auto's","","","N","N",0,0,20000626,20000701,20020125,0,0,"",0,0
"Grave","H","41","Besloten vennootschap met gewone structuur","7112","Ingenieurs/overig techn. ontwerp/advies","47713","Winkels in bovenkleding/mode-artikelen","","","J","J",20000831,20000831,20000623,20000101,20090609,0,20000831,"",2020,20211011
"Eindhoven","H","41","Besloten vennootschap met gewone structuur","6420","Financiële holdings","","","","","N","N",20000622,20000622,20000623,20000622,20190601,0,0,"",2020,20220204
"Helmond","H","11","Vennootschap onder firma","8121","Interieurreiniging van gebouwen","78202","Uitleenbureaus","","","","",20000901,0,20000626,20000701,20180630,0,20000901,"",0,0
"Vessem","H","41","Besloten vennootschap met gewone structuur","77111","Verh. personen-/lichte bedrijfsauto's","45192","Handel/rep. zwaardere bedrijfsauto's","","","","",20000621,20000621,20000623,19930209,20130114,0,20000628,"",2020,20220318
"Nuenen","H","41","Besloten vennootschap met gewone structuur","64303","Beleggingsinst. met beperkte toetreding","78202","Uitleenbureaus","6201","Ontwikkelen/produceren/uitgeven software","N","N",20000803,20000803,20000626,20000626,20031128,0,20000803,"",2020,20211206
"Helmond","H","01","Eenmanszaak","6810","Handel in eigen onroerend goed","6831","Bemidd. bij handel/huur/verhuur onr.goed","","","","",0,0,20000626,20000701,20170418,0,0,"",0,0
"'s-Hertogenbosch","H","01","Eenmanszaak","96022","Schoonheidsverzorging/pedi-/manicures","","","","","N","N",0,0,20000626,20000626,20080526,0,0,"",0,0
"Tilburg","H","41","Besloten vennootschap met gewone structuur","6420","Financiële holdings","4616","HB textiel/kleding/schoeisel/lederwaren","","","J","J",20000531,20000531,20000623,20000531,20170101,0,0,"",2020,20211006
"Veen","","72","Vereniging met beperkte rechtsbevoegdheid","90011","Beoefening van podiumkunst","","","","","","",19710915,0,0,0,0,0,0,"",0,0
"Tilburg","","71","Vereniging met volledige rechtsbevoegdheid","64303","Beleggingsinst. met beperkte toetreding","","","","","","",20000515,20000515,0,0,0,0,0,"",0,0
"Lomm","H","41","Besloten vennootschap met gewone structuur","6420","Financiële holdings","","","","","","",20000623,20000623,20190321,20000623,20190301,0,0,"",2019,20200520
"De Moer","H","01","Eenmanszaak","45112","Handel/rep. personen-/lichte bedr.auto's","","","","","N","N",0,0,20000626,20000701,0,0,0,"",0,0
"Hilvarenbeek","H","01","Eenmanszaak","5630","Cafés","","","","","","",0,0,20000626,20000626,20000901,0,20020501,"",0,0
"Tilburg","","74","Stichting","90012","Producenten van podiumkunst","","","","","","",20000516,20000516,0,0,0,0,0,"",0,0
"Udenhout","H","01","Eenmanszaak","47789","Winkels gespec. in overige art. (rest)","46499","GH ov. consumentenart. (non-food) (rest)","","","","",0,0,20000626,20000626,0,0,0,"",0,0
"Waalwijk","H","41","Besloten vennootschap met gewone structuur","70102","Holdings (geen financiële)","","","","","N","N",20020514,20020514,20000626,20000626,0,0,20020514,"",2020,20211224
"Waspik","H","01","Eenmanszaak","2562","Algemene metaalbewerking","33121","Rep./onderh. mach. voor algemeen gebruik","","","N","N",0,0,20000626,20000626,0,0,0,"",0,0
"Etten-Leur","H","01","Eenmanszaak","0162","Dienstverl. voor fokken en houden dieren","","","","","","",0,0,20000626,20000701,20030316,0,0,"",0,0
"Standdaarbuiten","H","01","Eenmanszaak","4332","Bouwtimmeren","","","","","","",0,0,20000626,20000701,20180112,0,0,"",0,0
"Zierikzee","H","41","Besloten vennootschap met gewone structuur","4612","HB in brandst./ertsen/metalen/chem.prod.","","","","","J","J",20000615,20000615,20000622,20000615,20120917,0,0,"",2020,20211101
"53909 Zülpich","","71","Vereniging met volledige rechtsbevoegdheid","93141","Individuele zaalsport","","","","","","",20000609,20000609,0,0,0,0,0,"",0,0
"Sluis","H","41","Besloten vennootschap met gewone structuur","6810","Handel in eigen onroerend goed","","","","","N","N",20000610,20000609,20000623,20000610,0,0,0,"",2020,20211001
"Sluis","H","41","Besloten vennootschap met gewone structuur","6810","Handel in eigen onroerend goed","","","","","N","N",20000610,20000609,20000623,20000610,20110105,0,0,"",2020,20220330
"Sluis","H","41","Besloten vennootschap met gewone structuur","6810","Handel in eigen onroerend goed","","","","","N","N",20000610,20000609,20000623,20000610,0,0,0,"",2020,20211220
"Sint-Annaland","H","01","Eenmanszaak","4941","Goederenvervoer over weg (geen verhuiz.)","","","","","N","N",0,0,20000623,19330000,20060515,0,20000101,"",0,0
"Zierikzee","H","41","Besloten vennootschap met gewone structuur","6810","Handel in eigen onroerend goed","6420","Financiële holdings","","","N","N",20000717,20000717,20000623,20000622,20161128,0,20000717,"",2019,20210628
"Middelburg","H","41","Besloten vennootschap met gewone structuur","6201","Ontwikkelen/produceren/uitgeven software","","","","","N","N",20090525,20090525,20000626,20000701,20141201,0,20090525,"",2021,20220614
"Rotterdam","H","01","Eenmanszaak","6202","Advisering ohgv informatietechnologie","","","","","N","N",0,0,20000623,20000101,20021023,0,0,"",0,0
"Vlaardingen","H","41","Besloten vennootschap met gewone structuur","6420","Financiële holdings","","","","","N","N",20000825,20000825,20000623,20000101,20040301,0,20000825,"",2020,20211122
"Rotterdam","H","01","Eenmanszaak","4932","Vervoer per taxi","","","","","N","N",0,0,20000623,20000623,0,0,0,"",0,0
"Capelle aan den IJssel","H","01","Eenmanszaak","4332","Bouwtimmeren","","","","","N","N",0,0,20000623,20000630,0,0,0,"",0,0
"Rotterdam","H","41","Besloten vennootschap met gewone structuur","6420","Financiële holdings","","","","","N","N",20001016,20001016,20000623,20000401,0,0,20001016,"",2019,20210419
"Hardinxveld-Giessendam","H","11","Vennootschap onder firma","6201","Ontwikkelen/produceren/uitgeven software","7911","Reisbemiddeling","","","N","N",20050801,0,20000623,20000623,20090401,0,20050801,"",0,0
"Barendrecht","H","01","Eenmanszaak","4332","Bouwtimmeren","","","","","N","N",0,0,20000623,20000626,20180818,0,0,"",0,0
"Reeuwijk","H","41","Besloten vennootschap met gewone structuur","6630","Vermogensbeheer","64303","Beleggingsinst. met beperkte toetreding","","","N","N",20000725,20000725,20000623,20000701,20220501,0,20000725,"",2020,20211208
"Sliedrecht","H","41","Besloten vennootschap met gewone structuur","6420","Financiële holdings","","","","","","",20000531,20000531,20000623,20000531,0,0,0,"",2013,20150708
"Schijndel","","71","Vereniging met volledige rechtsbevoegdheid","94997","Overige belangenbehartiging (rest)","","","","","","",20000621,20000621,20150115,0,0,0,0,"",0,0
"Rhoon","H","41","Besloten vennootschap met gewone structuur","6420","Financiële holdings","","","","","N","N",20001024,20001024,20000623,20000616,0,0,20001024,"",2020,20220112
"Capelle aan den IJssel","H","41","Besloten vennootschap met gewone structuur","64303","Beleggingsinst. met beperkte toetreding","70102","Holdings (geen financiële)","70222","Advisering ohgv management/bedrijfsv.","N","N",20000710,20000710,20000622,20000615,20141008,0,20000710,"",2020,20210623
"Rotterdam","H","41","Besloten vennootschap met gewone structuur","85592","Bedrijfsopleiding en -training","70221","Organisatie-adviesbureaus","","","N","N",20000831,20000831,20000623,20000608,20211101,0,20000831,"",2018,20201224
"Waddinxveen","H","01","Eenmanszaak","4334","Schilderen en glaszetten","","","","","N","N",0,0,20000623,20000623,20200308,0,0,"",0,0
"Rijsbergen","H","41","Besloten vennootschap met gewone structuur","6420","Financiële holdings","","","","","N","N",20000531,20000531,20190910,20000531,20181201,0,0,"",2021,20220317
"Strijen","H","01","Eenmanszaak","96021","Haarverzorging","47717","Winkels in mode-artikelen","","","","",0,0,20000626,20000701,20131101,0,0,"",0,0
"Moordrecht","","71","Vereniging met volledige rechtsbevoegdheid","94997","Overige belangenbehartiging (rest)","","","","","","",20000623,20000623,0,0,0,0,0,"",0,0
"Gouda","","71","Vereniging met volledige rechtsbevoegdheid","90011","Beoefening van podiumkunst","","","","","","",20000623,20000623,0,0,0,0,0,"",0,0
"Rotterdam","H","01","Eenmanszaak","8553","Auto- en motorrijscholen","","","","","N","N",0,0,20000626,20000701,20150623,0,0,"",0,0
"Utrecht","H","01","Eenmanszaak","90011","Beoefening van podiumkunst","85522","Kunstzinnige vorming voor amateurs","90012","Producenten van podiumkunst","N","N",0,0,20050502,20000626,20130911,0,0,"",0,0
"Brandwijk","H","41","Besloten vennootschap met gewone structuur","4334","Schilderen en glaszetten","4333","Afwerking van vloeren en wanden","","","N","N",20071227,20071227,20000626,20000701,20110624,0,20071227,"",2020,20211214
"Oegstgeest","H","41","Besloten vennootschap met gewone structuur","6420","Financiële holdings","","","","","N","N",20001031,20001031,20120229,20000401,20121112,0,20001031,"",2020,20210531
"Bleskensgraaf ca","","74","Stichting","9103","Monumentenzorg","","","","","","",20000623,20000623,0,0,0,0,0,"",0,0
"Alphen Aan Den Rijn","H","41","Besloten vennootschap met gewone structuur","6209","Ov. dienstv. act. ohgv informatietechn.","85592","Bedrijfsopleiding en -training","","","N","N",20001031,20001031,20050907,20000401,20110721,0,20001031,"",2020,20220421
"Rotterdam","H","01","Eenmanszaak","8553","Auto- en motorrijscholen","","","","","N","N",0,0,20000626,20000626,20210731,0,0,"",0,0
"Voorschoten","H","41","Besloten vennootschap met gewone structuur","7311","Reclamebureaus","","","","","N","N",19981124,19981124,20021217,19980814,20101015,0,19981124,"",2020,20210825
"'s-Gravenhage","H","74","Stichting","88999","Overig maatsch.adv./gemeenschapshuizen","","","","","N","N",20000616,20000616,20111012,20070801,0,0,0,"",0,0
"'s-Gravenhage","","71","Vereniging met volledige rechtsbevoegdheid","94997","Overige belangenbehartiging (rest)","","","","","","",19991207,20000605,0,0,0,0,0,"",0,0
"Delft","H","41","Besloten vennootschap met gewone structuur","70221","Organisatie-adviesbureaus","","","","","N","N",20001016,20001016,20210518,20000401,20210118,0,0,"",2020,20211217
"Venlo","H","41","Besloten vennootschap met gewone structuur","6209","Ov. dienstv. act. ohgv informatietechn.","","","","","J","J",20000816,20000816,20060310,20000601,20210901,0,20000816,"",2020,20211228
"Nootdorp","H","41","Besloten vennootschap met gewone structuur","64301","Beleggingsinstell. in financiële activa","","","","","N","N",20000621,20000621,20000623,20000621,20080811,0,0,"",2020,20211119
"Den Hoorn","H","41","Besloten vennootschap met gewone structuur","70222","Advisering ohgv management/bedrijfsv.","","","","","N","N",20000621,20000621,20000623,20000621,20210415,0,0,"",2020,20210820
"Vleuten","H","41","Besloten vennootschap met gewone structuur","46682","GH machines voedings-/genotmiddelenindu.","","","","","J","J",20000914,20000914,20100301,20000614,20100216,0,20000914,"",2016,20171124
"Opheusden","H","41","Besloten vennootschap met gewone structuur","64303","Beleggingsinst. met beperkte toetreding","70102","Holdings (geen financiële)","","","N","N",20000719,20000719,20200302,20000614,20200228,0,20000719,"",2020,20210804
"'s-Gravenhage","H","41","Besloten vennootschap met gewone structuur","78201","Uitzendbureaus","","","","","N","N",20000801,20000801,20000622,20000601,0,0,20000801,"",2020,20210429
"Wassenaar","H","41","Besloten vennootschap met gewone structuur","70102","Holdings (geen financiële)","","","","","N","N",20001116,20001116,20000622,20000619,20050801,0,20001116,"",2019,20220523
"Leiden","H","41","Besloten vennootschap met gewone structuur","6312","Webportals","47918","Internethandel overige non-food","","","N","N",20000816,20000816,20150109,20000601,20180301,0,20000816,"",2020,20220603
"Delft","H","41","Besloten vennootschap met gewone structuur","6420","Financiële holdings","","","","","N","N",20000912,20000912,20000623,20000701,20210122,0,20000912,"",2020,20211213
"Zoetermeer","H","41","Besloten vennootschap met gewone structuur","6420","Financiële holdings","","","","","N","N",20000622,20000622,20000623,20000622,20140505,0,0,"",2021,20220607
"Voorburg","H","41","Besloten vennootschap met gewone structuur","6810","Handel in eigen onroerend goed","6831","Bemidd. bij handel/huur/verhuur onr.goed","","","N","N",20000622,20000622,20000623,20000622,20180701,0,0,"",2019,20210918
"'s-Gravenhage","","74","Stichting","6420","Financiële holdings","","","","","","",20000616,20000616,20100429,0,0,0,0,"",0,0
"'s-Gravenhage","H","01","Eenmanszaak","74102","Industrieel en productontwerp","","","","","N","N",0,0,20000622,20000620,20130501,0,0,"",0,0
"'s-Gravenhage","H","01","Eenmanszaak","70221","Organisatie-adviesbureaus","","","","","N","N",0,0,20000626,20000627,20020706,0,0,"",0,0
"'s-Gravenhage","H","41","Besloten vennootschap met gewone structuur","45112","Handel/rep. personen-/lichte bedr.auto's","78201","Uitzendbureaus","77111","Verh. personen-/lichte bedrijfsauto's","N","N",20000616,20000616,20101110,20000616,20101110,0,0,"",2019,20210405
"'s-Gravenhage","H","01","Eenmanszaak","69203","Boekhoudkantoren","69204","Belastingconsulenten","","","N","N",0,0,20000623,20000630,20040303,0,0,"",0,0
"'s-Gravenhage","H","01","Eenmanszaak","8129","Overige reiniging","4120","Algemene burgerlijke en utiliteitsbouw","93146","Sportscholen","","",0,0,20000626,20000626,0,0,0,"",0,0
"'s-Gravenhage","H","01","Eenmanszaak","4120","Algemene burgerlijke en utiliteitsbouw","","","","","N","N",0,0,20000626,20000701,0,0,0,"",0,0
"Zoetermeer","H","01","Eenmanszaak","74201","Fotografie","5621","Eventcatering","","","N","N",0,0,20000626,20000701,20050101,0,0,"",0,0
"Delft","H","01","Eenmanszaak","47593","Winkels art. woninginrichting alg. ass.","","","","","N","N",0,0,20000626,20000701,0,0,20050701,"",0,0
"'s-Gravenhage","H","01","Eenmanszaak","4932","Vervoer per taxi","","","","","N","N",0,0,20000626,20000626,20130719,0,0,"",0,0
"Delft","H","61","Coöperatie","86929","Samenwerkingsorganen ohgv gez.zorg","","","","","N","N",20000621,20000621,20000626,20000621,20150831,0,0,"",2017,20190201
"Kwintsheul","H","01","Eenmanszaak","4941","Goederenvervoer over weg (geen verhuiz.)","","","","","N","N",0,0,20200804,20000701,20200725,0,0,"",0,0
"Zoetermeer","H","01","Eenmanszaak","70221","Organisatie-adviesbureaus","","","","","N","N",0,0,20000626,20000701,20021215,0,0,"",0,0
"Bennebroek","H","11","Vennootschap onder firma","6201","Ontwikkelen/produceren/uitgeven software","","","","","N","N",20050801,0,20220302,20000622,20220301,0,20050801,"",0,0
"Amsterdam","H","01","Eenmanszaak","6201","Ontwikkelen/produceren/uitgeven software","","","","","N","N",0,0,20111212,20000401,20111201,0,20030228,"",0,0
"Waddinxveen","H","01","Eenmanszaak","6201","Ontwikkelen/produceren/uitgeven software","6311","Gegevensverw./webhosting/aanverw. activ.","","","N","N",0,0,20090717,20000601,20090713,0,0,"",0,0
"Lisse","H","61","Coöperatie","01309","Teelt overige sierplanten in volle grond","4622","Groothandel in bloemen en planten","","","N","N",20000613,20000613,20000623,20000613,20100106,0,0,"",2016,20170530
"Alphen aan den Rijn","","71","Vereniging met volledige rechtsbevoegdheid","94997","Overige belangenbehartiging (rest)","","","","","","",20000609,20000609,0,0,0,0,0,"",0,0
"Nieuwveen","H","41","Besloten vennootschap met gewone structuur","70102","Holdings (geen financiële)","","","","","N","N",20000530,20000530,20000623,20000530,20000908,0,0,"",2020,20211126
"Nieuwveen","H","41","Besloten vennootschap met gewone structuur","43999","Overige gespec. werkz. in de bouw (rest)","","","","","N","N",20000530,20000530,20000623,20000530,0,0,0,"",2020,20211126
"Koudekerk aan den Rijn","H","01","Eenmanszaak","70221","Organisatie-adviesbureaus","7112","Ingenieurs/overig techn. ontwerp/advies","","","N","N",0,0,20090612,20000623,0,0,20090101,"",0,0
"Blaricum","H","41","Besloten vennootschap met gewone structuur","7740","Lease niet-financiële immateriële activa","72192","Technisch speur- en ontwikkelingswerk","70221","Organisatie-adviesbureaus","N","N",20011231,20011231,20011129,20000623,20180223,0,20011231,"",2019,20210410
"Waddinxveen","","74","Stichting","88999","Overig maatsch.adv./gemeenschapshuizen","","","","","","",20000512,20000512,20060224,0,0,0,0,"",0,0
"Katwijk","H","01","Eenmanszaak","45112","Handel/rep. personen-/lichte bedr.auto's","45192","Handel/rep. zwaardere bedrijfsauto's","","","N","N",0,0,20000626,20000626,20080115,0,0,"",0,0
"Gouda","H","01","Eenmanszaak","47714","Winkels in baby- en kinderkleding","","","","","N","N",0,0,20000626,19970401,20170201,0,20080401,"",0,0
"Delft","H","11","Vennootschap onder firma","47716","Winkels in onderkleding, foundations ed.","4616","HB textiel/kleding/schoeisel/lederwaren","","","J","N",20080101,0,20040331,19941209,20130501,0,20080101,"",0,0
"Maarn","H","41","Besloten vennootschap met gewone structuur","64301","Beleggingsinstell. in financiële activa","","","","","","",20000620,20000620,20000623,20000620,20100118,0,0,"",2021,20220419
"Montfoort","H","01","Eenmanszaak","6311","Gegevensverw./webhosting/aanverw. activ.","32999","Verv. overige goederen (rest)","46499","GH ov. consumentenart. (non-food) (rest)","N","N",0,0,20000623,20000623,20211216,0,0,"",0,0
"De Meern","H","01","Eenmanszaak","4331","Stukadoren","4120","Algemene burgerlijke en utiliteitsbouw","","","","",0,0,20000623,20000615,20030401,0,0,"",0,0
"Nieuwegein","H","41","Besloten vennootschap met gewone structuur","6420","Financiële holdings","","","","","","",20000621,20000621,20000623,20000621,20020601,0,0,"",2020,20211005
"Vinkeveen","H","01","Eenmanszaak","70221","Organisatie-adviesbureaus","","","","","","",0,0,20000623,20000623,20080801,0,0,"",0,0
"Nieuwegein","H","01","Eenmanszaak","8553","Auto- en motorrijscholen","","","","","","",0,0,20000626,20000701,20190115,0,0,"",0,0
"Harmelen","H","01","Eenmanszaak","45204","Carrosserieherstel","","","","","","",0,0,20000626,20000701,20190320,0,0,"",0,0
"Utrecht","H","01","Eenmanszaak","9609","Overige dienstverlening (rest)","","","","","","",0,0,20000626,20000701,20190415,0,0,"",0,0
"Bilthoven","H","41","Besloten vennootschap met gewone structuur","6201","Ontwikkelen/produceren/uitgeven software","85592","Bedrijfsopleiding en -training","64923","Participatiemaatschappijen","","",20001031,20001031,20000626,20000401,20050701,0,20001031,"",2020,20210610
"Utrecht","H","01","Eenmanszaak","9002","Dienstverlening voor uitvoerende kunst","8211","Brede administratieve dienstverlening","86919","Overige paramedische praktijken","","",0,0,20000626,20000701,20070215,0,0,"",0,0
"Utrecht","","74","Stichting","94997","Overige belangenbehartiging (rest)","","","","","","",20000608,20000608,0,0,0,0,0,"",0,0
"Rhenen","H","01","Eenmanszaak","96021","Haarverzorging","","","","","","",0,0,20000626,20000701,20141001,0,0,"",0,0
"Utrecht","H","01","Eenmanszaak","9003","Schrijven en overige scheppende kunst","85522","Kunstzinnige vorming voor amateurs","","","","",0,0,20000626,20000626,0,0,0,"",0,0
"Bussum","N","01","Eenmanszaak","5811","Uitgeverijen van boeken","","","","","","",0,0,20000623,20000623,0,0,0,"",0,0
"Amersfoort","H","41","Besloten vennootschap met gewone structuur","4110","Projectontwikkeling","","","","","","",20000621,20000621,20000623,20000621,0,0,0,"",2020,20211020
"Baarn","H","01","Eenmanszaak","47782","Winkels in optische artikelen","","","","","","",0,0,20000623,20000623,20210601,0,0,"",0,0
"Amsterdam","H","71","Vereniging met volledige rechtsbevoegdheid","86919","Overige paramedische praktijken","","","","","N","N",19940607,0,20190206,20170810,0,0,0,"",0,0
"Amersfoort","H","41","Besloten vennootschap met gewone structuur","59112","Productie van televisieprogramma's","59111","Prod. films (geen televisiefilms)","7021","Adviesbureaus publ. relations en comm.","N","N",20000718,20000718,20000623,20000401,20160401,0,20000718,"",2021,20220531
"Amersfoort","H","01","Eenmanszaak","9002","Dienstverlening voor uitvoerende kunst","","","","","N","N",0,0,20000623,20000701,20200101,0,0,"",0,0
"Amsterdam","H","41","Besloten vennootschap met gewone structuur","64923","Participatiemaatschappijen","","","","","N","N",20000607,20000607,20001213,20000607,20001101,0,0,"",2021,20220504
"Huizen","H","41","Besloten vennootschap met gewone structuur","6420","Financiële holdings","","","","","N","N",20001120,20001120,20000623,20000623,20150921,0,20001120,"",2020,20210615
"Vinkeveen","H","41","Besloten vennootschap met gewone structuur","70221","Organisatie-adviesbureaus","","","","","","",20000713,20000713,20220311,20000313,20220101,0,20000713,"",2019,20210623
"Vinkeveen","H","41","Besloten vennootschap met gewone structuur","70221","Organisatie-adviesbureaus","6420","Financiële holdings","","","","",20000713,20000713,20220311,20000501,20220101,0,20000713,"",2019,20210623
"Rotterdam","H","41","Besloten vennootschap met gewone structuur","64923","Participatiemaatschappijen","","","","","N","N",20000607,20000607,20010705,20000607,20010531,0,0,"",2021,0
"Hilversum","H","41","Besloten vennootschap met gewone structuur","2822","Verv. hijs-, hef- en transportwerktuigen","46699","GH ov.mach./app./toeb. ind./handel","33123","Rep./onderh. machines specif.bedrijfstak","","",20000531,20000531,20040311,20000531,20180622,0,0,"",2020,20210323
"Harlingen","H","41","Besloten vennootschap met gewone structuur","47918","Internethandel overige non-food","","","","","N","N",20070417,20070417,20090819,20000626,20090817,0,20070417,"",2020,20210625
"Hilversum","H","01","Eenmanszaak","45112","Handel/rep. personen-/lichte bedr.auto's","","","","","","",0,0,20000626,20000626,20130101,0,0,"",0,0
"Nijkerk","H","41","Besloten vennootschap met gewone structuur","70102","Holdings (geen financiële)","","","","","","",20000623,20000623,20000626,20000623,0,0,0,"",2021,0
"Hilvarenbeek","N","41","Besloten vennootschap met gewone structuur","4725","Winkels in dranken","","","","","N","N",19741125,19741125,20000626,20000422,0,0,0,"",2020,0
"Rijsenhout","H","41","Besloten vennootschap met gewone structuur","3811","Inzameling van onschadelijk afval","","","","","N","N",20001124,20001124,20041028,20000501,20041027,0,20001124,"",2020,0
"Alphen aan den Rijn","H","51","Naamloze vennootschap met gewone structuur","6209","Ov. dienstv. act. ohgv informatietechn.","6202","Advisering ohgv informatietechnologie","","","J","J",20000629,20000629,20210921,20000101,20210921,0,20000629,"",2020,20220315
"Amsterdam","H","41","Besloten vennootschap met gewone structuur","59111","Prod. films (geen televisiefilms)","7490","Overige special. zakelijke dienstverl.","","","N","N",20000608,20000608,20000626,20000608,20180222,0,0,"",2020,20220124
"Budapest 1051","H","41","Besloten vennootschap met gewone structuur","6420","Financiële holdings","","","","","N","N",20000609,20000609,20000626,20000609,20190704,0,0,"",2020,20210929
"Amsterdam","H","41","Besloten vennootschap met gewone structuur","6420","Financiële holdings","","","","","N","N",20000914,20000914,20000623,20000515,20161010,0,20000914,"",2021,20220320
"Amsterdam","H","41","Besloten vennootschap met gewone structuur","69204","Belastingconsulenten","","","","","N","N",20000131,20000131,20000626,20000131,20210225,0,0,"",2020,20210528
"Amsterdam","","74","Stichting","70222","Advisering ohgv management/bedrijfsv.","","","","","","",20000525,20000525,0,0,0,0,0,"",0,0
"Amsterdam","","74","Stichting","88993","Lokaal welzijnswerk","","","","","","",20000607,20000607,0,0,0,0,0,"",0,0
"Amsterdam","H","41","Besloten vennootschap met gewone structuur","6420","Financiële holdings","","","","","N","N",20000608,20000608,20000623,20000608,20210701,0,0,"",2020,20211229
"Amsterdam","H","41","Besloten vennootschap met gewone structuur","4651","GH computers, randapparatuur en software","6312","Webportals","74201","Fotografie","N","N",20061222,20061222,20000623,20000623,20160930,0,20061222,"",2019,20210525
"Amsterdam","H","01","Eenmanszaak","74201","Fotografie","","","","","N","N",0,0,20000623,20000701,0,0,0,"",0,0
"Diemen","H","41","Besloten vennootschap met gewone structuur","6420","Financiële holdings","","","","","N","N",20000511,20000511,20000623,20000511,20111010,0,0,"",2021,20220509
"Hoofddorp","H","41","Besloten vennootschap met gewone structuur","45402","DH en reparatie motorfiets(onderdel)en","","","","","N","N",20001006,20001006,20161101,20000622,20161101,0,20001006,"",2020,20220126
"Amsterdam","H","41","Besloten vennootschap met gewone structuur","6420","Financiële holdings","","","","","N","N",20000614,20000614,20000623,20000614,20210401,0,0,"",2020,20211209
"Nieuw-Buinen","H","01","Eenmanszaak","8130","Landschapsverzorging","","","","","N","N",0,0,20120809,20000623,20170401,0,0,"",0,0
"Amsterdam","H","01","Eenmanszaak","4120","Algemene burgerlijke en utiliteitsbouw","","","","","N","N",0,0,20000623,20000623,0,0,0,"",0,0
"Haarlem","H","41","Besloten vennootschap met gewone structuur","6420","Financiële holdings","","","","","N","N",20000717,20000717,20000623,20000623,20210223,0,20000717,"",2021,20220317
"Krommenie","H","01","Eenmanszaak","69203","Boekhoudkantoren","","","","","N","N",0,0,20000623,20000626,0,0,0,"",0,0
"Amstelveen","N","41","Besloten vennootschap met gewone structuur","93112","Sporthallen, sportzalen en gymzalen","","","","","N","N",20000620,20000620,20170517,20170501,0,0,0,"",2020,20211201
"Hilversum","H","01","Eenmanszaak","70221","Organisatie-adviesbureaus","","","","","N","N",0,0,20060801,20000623,20060801,0,0,"",0,0
"Amsterdam","H","21","Commanditaire vennootschap","64923","Participatiemaatschappijen","","","","","N","N",20000619,0,20000623,20000619,20200501,0,0,"",2002,0
"Amsterdam","","74","Stichting","6420","Financiële holdings","","","","","","",20000623,20000623,0,0,0,0,0,"",2017,20181213
"Amsterdam","","74","Stichting","6420","Financiële holdings","","","","","","",20000623,20000623,0,0,0,0,0,"",0,0
"Amsterdam","H","01","Eenmanszaak","6201","Ontwikkelen/produceren/uitgeven software","47914","Internethandel kleding, mode-artikelen","","","N","N",0,0,20000623,20000623,20160101,0,0,"",0,0
"Capelle Aan Den Ijssel","H","52","Naamloze vennootschap blijkens statuten structuurvennootschap","6420","Financiële holdings","","","","","N","N",20000615,20000615,20030826,20000615,20120111,0,0,"",2021,20220602
"Amsterdam","H","01","Eenmanszaak","47791","Winkels in antiek","","","","","N","N",0,0,20000623,20000101,20200930,0,0,"",0,0
"Kudelstaart","H","01","Eenmanszaak","4332","Bouwtimmeren","","","","","N","N",0,0,20000626,20000626,20200813,0,0,"",0,0
"Haarlem","H","01","Eenmanszaak","4332","Bouwtimmeren","","","","","N","N",0,0,20000626,20000701,20151203,0,0,"",0,0
"Zwanenburg","H","01","Eenmanszaak","70221","Organisatie-adviesbureaus","","","","","N","N",0,0,20000626,20000601,20130901,0,0,"",0,0
"Amersfoort","H","41","Besloten vennootschap met gewone structuur","6420","Financiële holdings","","","","","N","N",20000921,20000921,20090520,20000609,20190701,0,20000921,"",2017,20190413
"Vinkeveen","H","41","Besloten vennootschap met gewone structuur","7740","Lease niet-financiële immateriële activa","6420","Financiële holdings","","","N","N",20000815,20000815,20150127,20000626,20150127,0,20000815,"",2020,20210719
"Zwartemeer","H","01","Eenmanszaak","43993","Metselen en voegen","","","","","N","N",0,0,20100310,20000703,20100302,0,0,"",0,0
"Utrecht","H","01","Eenmanszaak","9003","Schrijven en overige scheppende kunst","","","","","N","N",0,0,20010903,20000601,20010801,0,0,"",0,0
"Sint Pancras","","71","Vereniging met volledige rechtsbevoegdheid","94997","Overige belangenbehartiging (rest)","","","","","","",20000614,20000614,0,0,0,0,0,"",0,0
"Sint Maartensbrug","","74","Stichting","9002","Dienstverlening voor uitvoerende kunst","","","","","","",20000616,20000616,0,0,0,0,0,"",0,0
"Middenmeer","","72","Vereniging met beperkte rechtsbevoegdheid","64303","Beleggingsinst. met beperkte toetreding","","","","","","",19990601,0,0,0,0,0,0,"",0,0
"Breezand","H","61","Coöperatie","4611","HB landbouwprod., levende dieren e.d.","9411","Bedrijfs- en werkgeversorganisaties","","","","",20000119,20000119,20000623,20000119,0,0,0,"",2019,20201210
"Alkmaar","H","41","Besloten vennootschap met gewone structuur","6420","Financiële holdings","","","","","N","N",20000531,20000531,20000623,19960415,20071201,0,20040101,"",2020,20210520
"Markenbinnen","H","01","Eenmanszaak","2562","Algemene metaalbewerking","4662","Groothandel in gereedschapswerktuigen","43999","Overige gespec. werkz. in de bouw (rest)","N","N",0,0,20000623,20000630,0,0,0,"",0,0
"Schagen","H","41","Besloten vennootschap met gewone structuur","6420","Financiële holdings","","","","","","",20000719,20000719,20000623,20000617,0,0,20000719,"",2020,20211223
"Schagen","H","41","Besloten vennootschap met gewone structuur","43221","Loodg.- en fitterswerk; inst. sanitair","43222","Inst. verwarmings-/luchtbehandelingsapp.","","","N","N",20000719,20000719,20000623,20000617,20190812,0,20000719,"",2020,20211223
"Alkmaar","H","41","Besloten vennootschap met gewone structuur","64923","Participatiemaatschappijen","","","","","","",20000830,20000830,20000623,20000623,20141101,0,20000830,"",2020,20211230
"Volendam","H","41","Besloten vennootschap met gewone structuur","4723","Winkels in vis","","","","","N","N",20000531,20000531,20000623,19741015,20110318,0,20000531,"",2020,20210712
"Bergen (NH)","H","41","Besloten vennootschap met gewone structuur","70102","Holdings (geen financiële)","","","","","N","N",20000531,20000531,20000626,20000531,20220501,0,0,"",2020,20220131
"Volendam","H","01","Eenmanszaak","4332","Bouwtimmeren","","","","","","",0,0,20000626,20000703,20110325,0,0,"",0,0
"Urk","N","11","Vennootschap onder firma","4762","Winkels kranten/tijdschr./kantoorbeh.","4763","Winkels in audio- en video-opnamen","5310","Nationale post met univer. dienstverpl.","N","N",19900201,0,20000623,20000623,0,0,0,"",0,0
"Dronten","H","41","Besloten vennootschap met gewone structuur","69203","Boekhoudkantoren","","","","","N","N",20000622,20000622,20000623,20000622,0,0,0,"",2020,20220218
"Almere","H","41","Besloten vennootschap met gewone structuur","46691","Groothandel in intern transportmaterieel","","","","","N","N",20000628,20000628,20000623,20000620,0,0,20000628,"",2017,20181112
"Almere","H","01","Eenmanszaak","88992","Maatschappelijk werk","96022","Schoonheidsverzorging/pedi-/manicures","","","N","N",0,0,20000626,20000701,20170901,0,0,"",0,0
"Blaricum","H","41","Besloten vennootschap met gewone structuur","70102","Holdings (geen financiële)","","","","","","",20000707,20000707,20150224,20000501,20150123,0,20000707,"",2020,20211213
"Leeuwarden","N","41","Besloten vennootschap met gewone structuur","77111","Verh. personen-/lichte bedrijfsauto's","","","","","","",19910327,19910327,20000626,19970901,0,0,0,"",2019,20201101
"Bolsward","N","41","Besloten vennootschap met gewone structuur","77111","Verh. personen-/lichte bedrijfsauto's","","","","","","",19910327,19910327,20000626,19981201,0,0,0,"",2019,20201101
"Dokkum","N","41","Besloten vennootschap met gewone structuur","77111","Verh. personen-/lichte bedrijfsauto's","","","","","","",19910327,19910327,20000626,19981201,0,0,0,"",2019,20201101
"Joure","N","41","Besloten vennootschap met gewone structuur","77111","Verh. personen-/lichte bedrijfsauto's","","","","","","",19910327,19910327,20000626,20000201,0,0,0,"",2019,20201101
"Bolsward","H","01","Eenmanszaak","4120","Algemene burgerlijke en utiliteitsbouw","","","","","","",0,0,20000626,20000623,0,0,0,"",0,0
"Jubbega","","71","Vereniging met volledige rechtsbevoegdheid","94992","Hobbyclubs","","","","","","",20000605,20000605,0,0,0,0,0,"",0,0
"Joure","H","01","Eenmanszaak","18129","Overige drukkerijen (rest)","","","","","","",0,0,20000626,20000701,20070101,0,0,"",0,0
"Wergea","H","01","Eenmanszaak","47591","Winkels in meubels","3109","Vervaardiging van overige meubels","","","","",0,0,20000626,20000626,0,0,0,"",0,0
"Westhoek","H","01","Eenmanszaak","45112","Handel/rep. personen-/lichte bedr.auto's","3315","Reparatie en onderhoud van schepen","","","","",0,0,20000626,20000701,0,0,0,"",0,0
"Ravenswoud","H","01","Eenmanszaak","96021","Haarverzorging","","","","","","",0,0,20000626,20000701,20070212,0,0,"",0,0
"Nes","H","41","Besloten vennootschap met gewone structuur","4329","Overige bouwinstallatie","46738","Groothandel gespec. in overige bouwmat.","","","","",20090331,20090331,20000626,20000701,20000701,0,20090331,"",2021,20220330
"Rinsumageast","","71","Vereniging met volledige rechtsbevoegdheid","93129","Overige buitensport","","","","","","",19980626,19980626,0,0,0,0,0,"",0,0
"Bantega","H","11","Vennootschap onder firma","7112","Ingenieurs/overig techn. ontwerp/advies","","","","","N","N",20030101,0,20000626,20000701,20070621,0,20030101,"",0,0
"Waskemeer","H","01","Eenmanszaak","4120","Algemene burgerlijke en utiliteitsbouw","","","","","N","N",0,0,20000626,20000612,0,0,0,"",0,0
"Midwolda","H","41","Besloten vennootschap met gewone structuur","2511","Verv. metalen constr.werken/delen ervan","2550","Smeden/persen/stampen/profielwalsen e.d.","4312","Grondverzet","J","J",20061130,20061130,20000627,20000301,0,0,20061130,"",2020,20211008
"Westeremden","","71","Vereniging met volledige rechtsbevoegdheid","94997","Overige belangenbehartiging (rest)","","","","","","",20000506,20000624,0,0,0,0,0,"",0,0
"Nieuw Beerta","H","01","Eenmanszaak","6201","Ontwikkelen/produceren/uitgeven software","47918","Internethandel overige non-food","46692","GH mach./app.warmte-/koel-/vriestechniek","J","J",0,0,20000627,20000627,20140516,0,20020524,"",0,0
"Haren Gn","H","41","Besloten vennootschap met gewone structuur","6420","Financiële holdings","","","","","","",20000609,20000609,20000627,20000609,20070306,0,0,"",2020,20210914
"Gieten","H","41","Besloten vennootschap met gewone structuur","6420","Financiële holdings","","","","","","",20000906,20000906,20000627,20000101,20180801,0,20000906,"",2020,20210830
"Wilhelminaoord","H","41","Besloten vennootschap met gewone structuur","6420","Financiële holdings","","","","","","",20000623,20000623,20000627,20000623,0,0,0,"",2020,20211230
"Assen","H","01","Eenmanszaak","4120","Algemene burgerlijke en utiliteitsbouw","","","","","","",0,0,20000627,20000601,0,0,0,"",0,0
"Wilhelminaoord","H","41","Besloten vennootschap met gewone structuur","4651","GH computers, randapparatuur en software","6202","Advisering ohgv informatietechnologie","","","","",20000623,20000623,20000627,20000623,0,0,0,"",2020,20211230
"Hoogeveen","H","01","Eenmanszaak","47528","Bouwmarkten/winkels bouwmat. alg.ass.","","","","","","",0,0,20000627,19200815,0,0,20000901,"",0,0
"Zwartsluis","H","11","Vennootschap onder firma","01412","Opfokken jongvee voor melkveehouderij","46213","Groothandel in hooi, stro en ruwvoeder","5221","Dienstverlening voor vervoer over land","","",20000621,0,20000626,19750000,0,0,20000621,"",0,0
"Zwolle","H","01","Eenmanszaak","9609","Overige dienstverlening (rest)","","","","","","",0,0,20000627,20000627,0,0,0,"",0,0
"Hellendoorn","H","01","Eenmanszaak","6201","Ontwikkelen/produceren/uitgeven software","6312","Webportals","","","N","N",0,0,20000626,20000701,0,0,0,"",0,0
"Uddel","H","01","Eenmanszaak","96021","Haarverzorging","","","","","N","N",0,0,20000626,20000701,20030301,0,0,"",0,0
"Heerlen","H","41","Besloten vennootschap met gewone structuur","64303","Beleggingsinst. met beperkte toetreding","","","","","N","N",20000615,20000615,20051101,20000615,20051101,0,0,"",2011,20130328
"Apeldoorn","","74","Stichting","88999","Overig maatsch.adv./gemeenschapshuizen","","","","","","",20000623,0,0,0,0,0,0,"",2018,20190806
"Geesteren","H","41","Besloten vennootschap met gewone structuur","01479","Opfokken en/of houden overig pluimvee","","","","","","",20000530,20000530,20000626,20000530,20220215,0,0,"",2020,20210421
"Enter","","74","Stichting","94996","Overige ideële organisaties (rest)","","","","","","",20000620,20000620,0,0,0,0,0,"",0,0
"Deventer","H","01","Eenmanszaak","6312","Webportals","6209","Ov. dienstv. act. ohgv informatietechn.","","","N","N",0,0,20000626,20000701,20121112,0,20080630,"",0,0
"Vriezenveen","H","01","Eenmanszaak","6622","Assurantietussenpersonen","","","","","N","N",0,0,20000626,20000701,0,0,20020101,"",0,0
"Enschede","H","11","Vennootschap onder firma","91021","Musea","56101","Restaurants","7112","Ingenieurs/overig techn. ontwerp/advies","N","N",20000614,0,20000626,20000614,0,0,0,"",0,0
"Zutphen","","71","Vereniging met volledige rechtsbevoegdheid","94997","Overige belangenbehartiging (rest)","","","","","","",19980414,19980414,0,0,0,0,0,"",0,0
"Deventer","H","01","Eenmanszaak","4321","Elektrotechnische bouwinstallatie","","","","","N","N",0,0,20000626,20000701,0,0,0,"",0,0
"Hengelo","H","41","Besloten vennootschap met gewone structuur","2670","Verv. optische instrumenten en apparaten","","","","","N","N",20000626,20000626,20031209,20000626,20150921,0,0,"",2020,20210930
"Putten","H","41","Besloten vennootschap met gewone structuur","6420","Financiële holdings","","","","","N","N",20000331,20000331,20000627,20000331,20120207,0,0,"",2020,20220602
"Almelo","H","11","Vennootschap onder firma","96031","Uitvaartverzorging","","","","","N","N",20000101,0,20000627,20000101,0,0,0,"",0,0
"Almelo","","74","Stichting","9103","Monumentenzorg","7112","Ingenieurs/overig techn. ontwerp/advies","","","","",20000626,20000626,0,0,0,0,0,"",0,0
"Dinxperlo","H","41","Besloten vennootschap met gewone structuur","6420","Financiële holdings","","","","","","",20000622,20000622,20000626,20000622,20010901,0,0,"",2018,20200617
"Wijchen","","71","Vereniging met volledige rechtsbevoegdheid","93149","Overige binnensport en omnisport","","","","","","",19900000,0,0,0,0,0,0,"",0,0
"Groesbeek","","74","Stichting","94993","Steunfondsen (niet ohgv welzijnszorg)","","","","","","",20000616,20000616,0,0,0,0,0,"",0,0
"Arnhem","H","41","Besloten vennootschap met gewone structuur","64303","Beleggingsinst. met beperkte toetreding","","","","","N","N",20000623,20000623,20000627,20000623,0,0,0,"",2019,20220110
"Wijchen","H","41","Besloten vennootschap met gewone structuur","9512","Reparatie van communicatieapparatuur","","","","","N","N",20000913,20000913,20000627,20000622,20071025,0,20000913,"",2019,20201120
"Wijchen","H","01","Eenmanszaak","9003","Schrijven en overige scheppende kunst","","","","","","",0,0,20000627,20000301,20000301,0,0,"",0,0
"Lunteren","H","11","Vennootschap onder firma","46499","GH ov. consumentenart. (non-food) (rest)","47762","Tuincentra","77399","Verh./lease ov.mach./werkt./ov. goederen","","",20090101,0,20000627,19900101,20201103,0,20090101,"",0,0
"Nijmegen","","72","Vereniging met beperkte rechtsbevoegdheid","85599","Studiebegeleiding/vorming/onderwijs","","","","","","",20000619,0,0,0,0,0,0,"",0,0
"Kerkdriel","H","01","Eenmanszaak","4120","Algemene burgerlijke en utiliteitsbouw","4941","Goederenvervoer over weg (geen verhuiz.)","","","","",0,0,20160405,20000701,20101110,0,0,"",0,0
"Oisterwijk","H","41","Besloten vennootschap met gewone structuur","6420","Financiële holdings","","","","","","",20000623,20000623,20190408,20000623,20190405,0,0,"",2020,20220511
"Beesel","H","01","Eenmanszaak","53202","Koeriers","","","","","N","N",0,0,20000627,20000701,20021220,0,0,"",0,0
"Maasbracht","","72","Vereniging met beperkte rechtsbevoegdheid","94992","Hobbyclubs","","","","","","",20000601,0,0,0,0,0,0,"",0,0
"Geleen","H","01","Eenmanszaak","96021","Haarverzorging","","","","","N","N",0,0,20000626,20000701,20100701,0,0,"",0,0
"Maastricht","H","01","Eenmanszaak","85592","Bedrijfsopleiding en -training","","","","","N","N",0,0,20000626,19980101,0,0,0,"",0,0
"Cadier en Keer","H","01","Eenmanszaak","6202","Advisering ohgv informatietechnologie","70221","Organisatie-adviesbureaus","85599","Studiebegeleiding/vorming/onderwijs","N","N",0,0,20000626,20000626,20150101,0,20020501,"",0,0
"Born","H","41","Besloten vennootschap met gewone structuur","3317","Rep./onderh. overige transportmiddelen","","","","","N","N",20000616,20000616,20000627,20000616,20180821,0,0,"",2021,20220331
"Veldhoven","H","41","Besloten vennootschap met gewone structuur","7112","Ingenieurs/overig techn. ontwerp/advies","46383","Gesp. GH in ov. voedings- en genotm.","","","J","J",20000622,20000622,20000626,20000622,20210222,0,0,"",2019,20210118
"Veldhoven","","71","Vereniging met volledige rechtsbevoegdheid","90011","Beoefening van podiumkunst","","","","","","",20000615,20000615,0,0,0,0,0,"",0,0
"Waalre","H","01","Eenmanszaak","74201","Fotografie","","","","","N","N",0,0,20000623,20000701,20201125,0,0,"",0,0
"Wanroij","H","41","Besloten vennootschap met gewone structuur","93211","Pret- en themaparken","","","","","","",20010122,20010122,20000623,20000608,0,0,20010122,"",2020,20211117
"Waalre","H","41","Besloten vennootschap met gewone structuur","6420","Financiële holdings","","","","","","",20000621,20000621,20000623,20000621,20150907,0,0,"",2020,20211224
"Vessem","","71","Vereniging met volledige rechtsbevoegdheid","94997","Overige belangenbehartiging (rest)","","","","","","",20000615,20000615,0,0,0,0,0,"",0,0
"Veldhoven","H","01","Eenmanszaak","6202","Advisering ohgv informatietechnologie","","","","","","",0,0,20000627,20000601,0,0,0,"",0,0
"Veghel","H","41","Besloten vennootschap met gewone structuur","4120","Algemene burgerlijke en utiliteitsbouw","","","","","N","N",20060531,20060531,20000627,20000627,20101124,0,20060531,"",2019,20201125
"Rosmalen","H","41","Besloten vennootschap met gewone structuur","6420","Financiële holdings","","","","","","",20000623,20000623,20000626,20000623,20020101,0,0,"",2020,20211213
"'s-Hertogenbosch","H","11","Vennootschap onder firma","6831","Bemidd. bij handel/huur/verhuur onr.goed","","","","","N","N",20000101,0,20000627,20000101,20200301,0,0,"",0,0
"Sint-Michielsgestel","","72","Vereniging met beperkte rechtsbevoegdheid","93141","Individuele zaalsport","","","","","","",19830901,0,0,0,0,0,0,"",0,0
"Almkerk","H","41","Besloten vennootschap met gewone structuur","70102","Holdings (geen financiële)","70221","Organisatie-adviesbureaus","70222","Advisering ohgv management/bedrijfsv.","","",20000703,20000703,20000626,20000601,0,0,20000703,"",2020,20211119
"schilde 2970","","74","Stichting","66191","Admin.kantoren voor aandelen/obligaties","","","","","","",20000623,20000623,0,0,0,0,0,"",0,0
"Chaam","H","41","Besloten vennootschap met gewone structuur","70222","Advisering ohgv management/bedrijfsv.","70102","Holdings (geen financiële)","","","","",20000623,20000623,20071222,20000623,0,0,0,"",2021,20220407
"Etten-Leur","H","01","Eenmanszaak","69203","Boekhoudkantoren","69204","Belastingconsulenten","","","","",0,0,20000627,20000624,0,0,0,"",0,0
"Bruinisse","H","11","Vennootschap onder firma","93193","Verzorgen van vistochten","5222","Dienstverlening voor vervoer over water","96031","Uitvaartverzorging","N","N",19980101,0,20000627,19980101,20121001,0,0,"",0,0
"Rotterdam","H","01","Eenmanszaak","5630","Cafés","93119","Overige sportaccommodaties","","","N","N",0,0,19931012,19890630,0,0,19981116,"",0,0
"Dordrecht","H","41","Besloten vennootschap met gewone structuur","46692","GH mach./app.warmte-/koel-/vriestechniek","","","","","","",20001025,20001025,20000626,20000701,20180216,0,20001025,"",2021,20220321
"Hendrik-Ido-Ambacht","H","41","Besloten vennootschap met gewone structuur","6622","Assurantietussenpersonen","","","","","N","N",20001212,20001212,20000627,20000508,20170901,0,20001212,"",2020,20210601
"Zwijndrecht","","74","Stichting","94993","Steunfondsen (niet ohgv welzijnszorg)","","","","","","",20000516,20000516,0,0,0,0,0,"",0,0
"Dordrecht","H","11","Vennootschap onder firma","47791","Winkels in antiek","9003","Schrijven en overige scheppende kunst","","","N","N",20070101,0,20000627,20000606,0,0,20070101,"",0,0
"Rotterdam","","71","Vereniging met volledige rechtsbevoegdheid","93145","Denksport","","","","","","",20000620,20000620,0,0,0,0,0,"",0,0
"Rotterdam","H","41","Besloten vennootschap met gewone structuur","49392","Openb.interlokaal pers.vervoer over weg","4932","Vervoer per taxi","","","N","N",20000912,20000912,20000627,20000620,20191010,0,20000912,"",2020,20220117
"Oud-Beijerland","H","41","Besloten vennootschap met gewone structuur","70221","Organisatie-adviesbureaus","69202","Accountants-administratieconsulenten","","","N","N",20090528,20090528,20000627,20000601,20070901,0,20090528,"",2021,20220401
"Bleiswijk","H","01","Eenmanszaak","7430","Vertalers en tolken","7490","Overige special. zakelijke dienstverl.","90012","Producenten van podiumkunst","","",0,0,20060201,20000601,20060101,0,20080101,"",0,0
"Rotterdam","H","74","Stichting","9002","Dienstverlening voor uitvoerende kunst","","","","","N","N",20000608,20000608,20010115,20000701,20190317,0,0,"",2021,20220503
"Rotterdam","H","41","Besloten vennootschap met gewone structuur","6420","Financiële holdings","","","","","N","N",20000623,20000623,20000627,20000623,20001215,0,0,"",2021,20220228
"Grou","H","41","Besloten vennootschap met gewone structuur","70221","Organisatie-adviesbureaus","7810","Arbeidsbemiddeling","","","N","N",20030131,20030131,20220222,20000601,20220216,0,20030131,"",2020,20210527
"Dordrecht","H","01","Eenmanszaak","4321","Elektrotechnische bouwinstallatie","43999","Overige gespec. werkz. in de bouw (rest)","","","N","N",0,0,20000627,20000601,20080604,0,0,"",0,0
"Deurne","H","41","Besloten vennootschap met gewone structuur","4941","Goederenvervoer over weg (geen verhuiz.)","","","","","N","N",20000621,20000621,20000731,20000621,0,0,0,"",2020,20211108
"'s-Gravenhage","H","01","Eenmanszaak","4311","Slopen van bouwwerken","","","","","N","N",0,0,20091217,20000701,20091127,0,20021104,"",0,0
"Schiedam","H","41","Besloten vennootschap met gewone structuur","4110","Projectontwikkeling","7112","Ingenieurs/overig techn. ontwerp/advies","","","N","N",20000905,20000905,20000627,20000703,20190301,0,20000905,"",2016,20180514
"'s-Gravenhage","H","01","Eenmanszaak","4321","Elektrotechnische bouwinstallatie","6209","Ov. dienstv. act. ohgv informatietechn.","6190","Overige telecommunicatie","N","N",0,0,20000623,19990413,20130901,0,0,"",0,0
"'s-Gravenhage","H","41","Besloten vennootschap met gewone structuur","68204","Verh. onroerend goed (niet v woonruimte)","46492","Groothandel in watersportartikelen","","","N","N",20010712,20010712,20000623,20000623,0,0,20010712,"",2020,20220406
"Zoetermeer","H","41","Besloten vennootschap met gewone structuur","70222","Advisering ohgv management/bedrijfsv.","","","","","N","N",20001005,20001005,20000627,20000627,0,0,20001005,"",2019,20200518
"Nieuwkoop","H","41","Besloten vennootschap met gewone structuur","70102","Holdings (geen financiële)","8110","Facility management","","","N","N",20001130,20001130,20010802,20000601,20220615,0,20001130,"",2021,20220523
"'s-Gravenhage","H","01","Eenmanszaak","4782","Markthandel in textiel/kleding/schoeisel","","","","","","",0,0,20000627,20000628,20050304,0,0,"",0,0
"Delft","H","01","Eenmanszaak","4333","Afwerking van vloeren en wanden","","","","","N","N",0,0,20000627,20000704,20040130,0,0,"",0,0
"'s-Gravenhage","H","01","Eenmanszaak","6203","Beheer van computerfaciliteiten","4651","GH computers, randapparatuur en software","","","N","N",0,0,20000627,20000703,20171222,0,20080901,"",0,0
"Honselersdijk","H","01","Eenmanszaak","0161","Dienstverl. akker- en/of tuinbouw","","","","","N","N",0,0,20000627,20000701,0,0,0,"",0,0
"Leiden","H","41","Besloten vennootschap met gewone structuur","70102","Holdings (geen financiële)","","","","","N","N",20000531,20000531,20000623,20000531,20120915,0,0,"",2020,20220329
"Leiden","H","41","Besloten vennootschap met gewone structuur","6202","Advisering ohgv informatietechnologie","78202","Uitleenbureaus","","","N","J",20000531,20000531,20000623,19960904,20120915,0,20000531,"",2021,0
"Naaldwijk","H","41","Besloten vennootschap met gewone structuur","6420","Financiële holdings","","","","","N","N",20000531,20000531,20110215,20000531,20110201,0,0,"",2020,20220307
"Leiden","H","41","Besloten vennootschap met gewone structuur","70102","Holdings (geen financiële)","","","","","N","N",20000619,20000619,20000626,20000619,20210802,0,0,"",2019,20201228
"Rijpwetering","H","01","Eenmanszaak","4312","Grondverzet","","","","","N","N",0,0,20000626,20000701,20020701,0,0,"",0,0
"Leiderdorp","H","01","Eenmanszaak","5221","Dienstverlening voor vervoer over land","85599","Studiebegeleiding/vorming/onderwijs","","","N","N",0,0,20000626,20000701,20160620,0,0,"",0,0
"Rijnsburg","H","41","Besloten vennootschap met gewone structuur","70102","Holdings (geen financiële)","","","","","N","N",20000531,20000531,20000626,20000531,0,0,0,"",2020,20211230
"Nieuw-Vennep","H","41","Besloten vennootschap met gewone structuur","7740","Lease niet-financiële immateriële activa","","","","","N","N",20000713,20000713,20180827,20000501,20180815,0,20000713,"",2020,20210618
"Noordwijkerhout","","71","Vereniging met volledige rechtsbevoegdheid","90011","Beoefening van podiumkunst","","","","","","",20000615,20000615,0,0,0,0,0,"",0,0
"Alphen aan den Rijn","H","11","Vennootschap onder firma","4332","Bouwtimmeren","","","","","N","N",20000623,0,20000626,20000623,0,0,0,"",0,0
"Roelofarendsveen","H","01","Eenmanszaak","47712","Winkels in dameskleding","69209","Overige administratiekantoren","0161","Dienstverl. akker- en/of tuinbouw","N","N",0,0,20020409,20000701,20130101,0,20070701,"",0,0
"Woerden","H","41","Besloten vennootschap met gewone structuur","4777","Winkels in juweliersartikelen/uurwerken","","","","","","",20010420,20010420,20000627,20000401,20111001,0,20010420,"",2019,20201126
"Everdingen","H","01","Eenmanszaak","4391","Dakdekken en bouwen van dakconstructies","","","","","","",0,0,20000627,20000701,20170915,0,0,"",0,0
"Oud Zuilen","H","01","Eenmanszaak","70221","Organisatie-adviesbureaus","","","","","","",0,0,20000627,20000627,0,0,0,"",0,0
"Utrecht","H","01","Eenmanszaak","7112","Ingenieurs/overig techn. ontwerp/advies","","","","","","",0,0,20000627,20000627,0,0,0,"",0,0
"Rhenen","H","01","Eenmanszaak","2822","Verv. hijs-, hef- en transportwerktuigen","43999","Overige gespec. werkz. in de bouw (rest)","4332","Bouwtimmeren","","",0,0,20000627,20000701,0,0,0,"",0,0
"Mijdrecht","H","41","Besloten vennootschap met gewone structuur","70222","Advisering ohgv management/bedrijfsv.","70221","Organisatie-adviesbureaus","85522","Kunstzinnige vorming voor amateurs","","",20001020,20001020,20000627,20000401,20100220,0,20001020,"",2006,20080129
"Schiphol-Rijk","H","41","Besloten vennootschap met gewone structuur","6202","Advisering ohgv informatietechnologie","4651","GH computers, randapparatuur en software","","","J","J",20000531,20000531,20110721,20000531,20140401,0,0,"",2020,20211006
"Utrecht","H","74","Stichting","86913","Praktijken van psychotherapeuten/-logen","","","","","N","N",20000605,20000605,20170428,20170401,20180126,0,0,"",0,0
"Baarn","H","42","Besloten vennootschap blijkens statuten structuurvennootschap","6420","Financiële holdings","","","","","","",20000626,20000626,20000627,20000626,0,0,0,"",2021,20220318
"Huizen","H","41","Besloten vennootschap met gewone structuur","69202","Accountants-administratieconsulenten","","","","","","",20000929,20000929,20000627,20000101,20110314,0,20000929,"",2021,20220302
"Willemstad","H","41","Besloten vennootschap met gewone structuur","6420","Financiële holdings","","","","","N","N",20000728,20000728,20181206,20000615,20181206,0,20000728,"",2017,20200923
"Poederoijen","H","01","Eenmanszaak","90011","Beoefening van podiumkunst","9002","Dienstverlening voor uitvoerende kunst","5621","Eventcatering","","",0,0,20160223,20000601,20160210,0,0,"",0,0
"Sassenheim","H","41","Besloten vennootschap met gewone structuur","4645","Groothandel in parfums en cosmetica","","","","","N","N",20000504,20000504,20070205,20000504,20161219,0,0,"",2019,20210607
"Beverwijk","H","41","Besloten vennootschap met gewone structuur","4773","Apotheken","","","","","N","N",20000607,20000607,20000627,20000607,20171215,0,0,"",2020,20211115
"Bosch en Duin","H","41","Besloten vennootschap met gewone structuur","6201","Ontwikkelen/produceren/uitgeven software","","","","","N","N",20000829,20000829,20101221,20000613,20101210,0,20000829,"",2020,20210722
"AMSTERDAM","H","41","Besloten vennootschap met gewone structuur","5920","Maken en uitgeven van geluidsopnamen","7320","Markt- en opinieonderzoekbureaus","4110","Projectontwikkeling","N","N",20000331,20000331,20000627,20000331,20110628,0,0,"",2020,20220127
"Zeist","H","51","Naamloze vennootschap met gewone structuur","66299","Ov. dienstv. ohgv verz./pensioenf.","","","","","N","N",20000616,20000616,20120307,20000616,20120301,0,0,"",2020,20210708
"Diemen","H","41","Besloten vennootschap met gewone structuur","78202","Uitleenbureaus","","","","","N","N",20000511,20000511,20000627,20000511,20180206,0,0,"",2021,20220509
"Amsterdam","H","01","Eenmanszaak","47915","Internethandel huis- en tuinartikelen","7320","Markt- en opinieonderzoekbureaus","7021","Adviesbureaus publ. relations en comm.","N","N",0,0,20000627,20000615,0,0,0,"",0,0
"Almere","H","01","Eenmanszaak","69209","Overige administratiekantoren","","","","","N","N",0,0,20100721,20000615,20100713,0,0,"",0,0
"Hilversum","H","41","Besloten vennootschap met gewone structuur","6420","Financiële holdings","","","","","N","N",20000615,20000615,20010209,20000615,20090301,0,0,"",2020,20210921
"Hoofddorp","H","41","Besloten vennootschap met gewone structuur","69201","Registeraccountants","","","","","N","N",20000820,20000820,20000627,20000601,20070227,0,20000822,"",2020,20220107
"Alkmaar","H","41","Besloten vennootschap met gewone structuur","70222","Advisering ohgv management/bedrijfsv.","70221","Organisatie-adviesbureaus","","","N","N",20000928,20000928,20020207,20000601,20190701,0,20000928,"",2020,20210405
"Vught","H","41","Besloten vennootschap met gewone structuur","6420","Financiële holdings","","","","","N","N",20000615,20000615,20000831,20000615,20051004,0,0,"",2020,20211123
"Amsterdam","H","41","Besloten vennootschap met gewone structuur","59111","Prod. films (geen televisiefilms)","","","","","N","N",20030327,20030327,20000627,20000601,20070815,0,20030327,"",2021,20220607
"Maastricht","H","41","Besloten vennootschap met gewone structuur","70221","Organisatie-adviesbureaus","64303","Beleggingsinst. met beperkte toetreding","","","N","N",20000726,20000726,20011212,20000501,20190506,0,20000726,"",2020,20211018
"Beverwijk","H","41","Besloten vennootschap met gewone structuur","6420","Financiële holdings","","","","","N","N",20000629,20000629,20000627,20000501,20090201,0,20000629,"",2020,20211224
"Wormerveer","H","01","Eenmanszaak","47526","Winkels in parket-/laminaat-/kurkvloeren","","","","","N","N",0,0,20000627,20000703,20130923,0,20060701,"",0,0
"Amsterdam","H","41","Besloten vennootschap met gewone structuur","6420","Financiële holdings","","","","","N","N",20020419,20020419,20000627,20000601,20011101,0,20020419,"",2020,20220513
"Hoofddorp","","72","Vereniging met beperkte rechtsbevoegdheid","93151","Zwem- en onderwatersport","","","","","","",20000315,20000315,0,0,0,0,0,"",0,0
"Amsterdam","","74","Stichting","94996","Overige ideële organisaties (rest)","","","","","","",20000608,20000608,0,0,0,0,0,"",0,0
"Hilversum","H","01","Eenmanszaak","3212","Bewerken edelstenen en verv. sieraden","","","","","N","N",0,0,20021105,20000701,20200115,0,0,"",0,0
"Beverwijk","H","41","Besloten vennootschap met gewone structuur","6832","Beheer van onroerend goed","6831","Bemidd. bij handel/huur/verhuur onr.goed","","","N","N",20000821,20000821,20000627,20000626,20000821,0,20000821,"",2021,20220228
"Amsterdam","H","11","Vennootschap onder firma","56101","Restaurants","","","","","N","N",20000707,0,20000627,20000626,0,0,20000707,"",0,0
"Amsterdam","H","41","Besloten vennootschap met gewone structuur","6311","Gegevensverw./webhosting/aanverw. activ.","47918","Internethandel overige non-food","6209","Ov. dienstv. act. ohgv informatietechn.","J","N",20001115,20001115,20000627,20000301,20200701,0,20001115,"",2020,20211105
"Oude Pekela","H","41","Besloten vennootschap met gewone structuur","17211","Verv. verpakkingsmiddelen(papier/karton)","","","","","N","N",20000626,20000626,20220329,20000626,20220301,0,0,"",2020,0
"Amsterdam","H","41","Besloten vennootschap met gewone structuur","6420","Financiële holdings","","","","","N","N",20000626,20000626,20000627,20000626,20140805,0,0,"",2021,0
"Haarlem","","74","Stichting","94993","Steunfondsen (niet ohgv welzijnszorg)","","","","","","",20000504,20000504,20060323,0,0,0,0,"",0,0
"Uitgeest","H","41","Besloten vennootschap met gewone structuur","6420","Financiële holdings","","","","","N","N",20000531,20000531,20000627,20000531,20070815,0,0,"",2020,20210903
"Amsterdam","H","11","Vennootschap onder firma","31011","Interieurbouw","4120","Algemene burgerlijke en utiliteitsbouw","","","N","N",20080922,0,20000627,20000501,20200612,0,20080922,"",0,0
"Almere","H","41","Besloten vennootschap met gewone structuur","6420","Financiële holdings","","","","","N","N",20000622,20000622,20140917,20000622,20170801,0,0,"",2021,20220530
"Haarlem","H","01","Eenmanszaak","46471","Groothandel in huismeubilair","47999","DH via overige distributievormen","","","J","N",0,0,20000627,19990101,19990101,0,0,"",0,0
"Broek op Langedijk","H","01","Eenmanszaak","4333","Afwerking van vloeren en wanden","","","","","N","N",0,0,20000626,20000701,20031223,0,20031231,"",0,0
"Egmond-Binnen","H","01","Eenmanszaak","4333","Afwerking van vloeren en wanden","4334","Schilderen en glaszetten","","","","",0,0,20000626,20000701,0,0,0,"",0,0
"Hippolytushoef","H","01","Eenmanszaak","4311","Slopen van bouwwerken","","","","","","",0,0,20000626,20000701,20111006,0,0,"",0,0
"Breezand","H","41","Besloten vennootschap met gewone structuur","70102","Holdings (geen financiële)","","","","","","",20000623,20000623,20000626,20000623,20010101,0,0,"",2020,20210728
"Winkel","H","01","Eenmanszaak","6831","Bemidd. bij handel/huur/verhuur onr.goed","66193","Hypotheek-/kredietbem./bankagentschappen","45191","Import van nieuwe bedrijfsauto's","N","N",0,0,20000627,20000626,20200312,0,0,"",0,0
"Zwaag","H","01","Eenmanszaak","9522","Reparatie van elekt. huishoudelijke app.","","","","","N","N",0,0,20000627,19830408,0,0,20000627,"",0,0
"Zwaag","N","01","Eenmanszaak","9522","Reparatie van elekt. huishoudelijke app.","","","","","N","N",0,0,20000627,19920400,0,0,20000627,"",0,0
"St.-Jacobiparochie","","74","Stichting","94993","Steunfondsen (niet ohgv welzijnszorg)","","","","","","",20000622,20000622,0,0,0,0,0,"",0,0
"Oudebildtzijl","H","01","Eenmanszaak","9003","Schrijven en overige scheppende kunst","","","","","","",0,0,20000627,20000601,20000601,0,0,"",0,0
"Wijnaldum","H","41","Besloten vennootschap met gewone structuur","6420","Financiële holdings","70221","Organisatie-adviesbureaus","","","","",20000623,20000623,20000627,20000623,0,0,0,"",2020,20211103
"Heerenveen","H","11","Vennootschap onder firma","4334","Schilderen en glaszetten","","","","","","",20020401,0,20000627,20000523,20030410,0,20020401,"",0,0
"Leeuwarden","H","01","Eenmanszaak","46424","Groothandel in schoenen","","","","","J","N",0,0,20000628,20000705,20040610,0,20090219,"",0,0
"Ruinerwold","H","41","Besloten vennootschap met gewone structuur","6420","Financiële holdings","","","","","N","N",20000831,20000831,20040712,20000615,20040712,0,20000831,"",2020,20220406
"Den Hoorn","H","41","Besloten vennootschap met gewone structuur","6420","Financiële holdings","","","","","N","N",20000831,20000831,20210909,20000615,20210901,0,20000831,"",2020,20210521
"Groningen","H","01","Eenmanszaak","74103","Interieur- en ruimtelijk ontwerp","","","","","N","N",0,0,20000628,20000701,20110301,0,0,"",0,0
"Delfzijl","H","01","Eenmanszaak","96021","Haarverzorging","","","","","","",0,0,20000628,20000701,20150407,0,0,"",0,0
"Bedum","H","01","Eenmanszaak","6391","Persagentschappen","74201","Fotografie","","","N","N",0,0,20000628,20000101,20090713,0,0,"",0,0
"Groningen","H","11","Vennootschap onder firma","85522","Kunstzinnige vorming voor amateurs","","","","","N","N",20000101,0,20000628,20000101,0,0,0,"",0,0
"Zwiggelte","H","41","Besloten vennootschap met gewone structuur","70102","Holdings (geen financiële)","","","","","","",20000726,20000726,20000628,20000627,0,0,20000726,"",2020,20210817
"Hijken","H","11","Vennootschap onder firma","01451","Fokken en houden van schapen","","","","","","",20000101,0,20000628,20000101,20110928,0,0,"",0,0
"Eexterveen","H","11","Vennootschap onder firma","4334","Schilderen en glaszetten","","","","","","",20000701,0,20000628,19330801,0,0,20000701,"",0,0
"Zwolle","H","41","Besloten vennootschap met gewone structuur","70221","Organisatie-adviesbureaus","7021","Adviesbureaus publ. relations en comm.","","","","",20070529,20070529,20060420,20000628,20200204,0,20070529,"",2020,20220112
"Bergentheim","H","01","Eenmanszaak","45311","GH/HB auto-ond./-access. (geen banden)","","","","","","",0,0,20000628,20000701,20030903,0,0,"",0,0
"Ugchelen","H","41","Besloten vennootschap met gewone structuur","6832","Beheer van onroerend goed","","","","","N","N",20000630,20000630,20000626,20000614,0,0,20000630,"",2019,20210420
"Almelo","H","41","Besloten vennootschap met gewone structuur","6420","Financiële holdings","","","","","N","N",20000531,20000531,20000627,20000531,20171106,0,0,"",2021,20220609
"Apeldoorn","H","41","Besloten vennootschap met gewone structuur","77299","Verh. overige consumentenartikelen","","","","","N","N",20000623,20000623,20000627,20000623,0,0,0,"",2020,20211213
"Amersfoort","H","01","Eenmanszaak","85592","Bedrijfsopleiding en -training","","","","","N","N",0,0,20170105,20000626,20170105,0,0,"",0,0
"Ugchelen","H","41","Besloten vennootschap met gewone structuur","55102","Hotels (geen hotel-rest.)/pens./conf.o.","","","","","N","N",20000630,20000630,20000626,20000614,0,0,20000630,"",2019,20210420
"Haaksbergen","H","51","Naamloze vennootschap met gewone structuur","6420","Financiële holdings","","","","","N","N",20000531,20000531,20000627,20000531,20020917,0,0,"",2020,20211214
"Eefde","H","01","Eenmanszaak","70221","Organisatie-adviesbureaus","","","","","N","N",0,0,20000627,20000701,20080613,0,0,"",0,0
"Hoenderloo","H","41","Besloten vennootschap met gewone structuur","70102","Holdings (geen financiële)","","","","","N","N",20000616,20000616,20171003,20000616,20171003,0,0,"",2006,20070822
"Dronten","H","41","Besloten vennootschap met gewone structuur","6420","Financiële holdings","","","","","N","N",20000627,20000627,20210510,20000627,20210510,0,0,"",2019,20210830
"Apeldoorn","H","41","Besloten vennootschap met gewone structuur","70221","Organisatie-adviesbureaus","","","","","N","N",20000531,20000531,20171114,20000531,20171030,0,0,"",2020,20220211
"Didam","H","01","Eenmanszaak","85519","Overig sport- en recreatieonderwijs","4120","Algemene burgerlijke en utiliteitsbouw","","","","",0,0,20000627,20000101,20220214,0,0,"",0,0
"Oostkapelle","H","11","Vennootschap onder firma","47299","Gesp. winkels in ov. voedings-/genotm.","","","","","N","N",20060101,0,20180313,20000628,20180313,0,20060101,"",0,0
"Arnhem","H","01","Eenmanszaak","47789","Winkels gespec. in overige art. (rest)","","","","","","",0,0,20000628,20000628,20000717,0,0,"",0,0
"Wageningen","","74","Stichting","85314","Brede scholengemeens. voor voortg. ond.","","","","","","",20000628,20000628,0,0,0,0,0,"",0,0
"Velden","H","11","Vennootschap onder firma","43222","Inst. verwarmings-/luchtbehandelingsapp.","","","","","N","N",20080101,0,20000628,20000701,20201207,0,20080101,"",0,0
"Born","H","41","Besloten vennootschap met gewone structuur","4291","Natte waterbouw","","","","","N","N",20000616,20000616,20061123,20000616,20061123,0,0,"",2020,20220105
"Maastricht","H","41","Besloten vennootschap met gewone structuur","68204","Verh. onroerend goed (niet v woonruimte)","","","","","N","N",20000622,20000622,20190719,20000622,20190625,0,0,"",2020,20211210
"Eys","H","01","Eenmanszaak","85592","Bedrijfsopleiding en -training","6311","Gegevensverw./webhosting/aanverw. activ.","69204","Belastingconsulenten","N","N",0,0,20000627,20000701,20150101,0,0,"",0,0
"Maastricht","H","11","Vennootschap onder firma","4762","Winkels kranten/tijdschr./kantoorbeh.","74201","Fotografie","","","N","N",19970101,0,20000628,19960105,20150227,0,20000628,"",0,0
"Maastricht","N","11","Vennootschap onder firma","4762","Winkels kranten/tijdschr./kantoorbeh.","","","","","N","N",19970101,0,20000628,19961101,20130118,0,20000628,"",0,0
"Boxtel","H","41","Besloten vennootschap met gewone structuur","6420","Financiële holdings","","","","","","",20000531,20000531,20000626,20000531,0,0,0,"",2020,20211105
"Heeswijk-Dinther","H","41","Besloten vennootschap met gewone structuur","6420","Financiële holdings","","","","","N","N",20000920,20000920,20000626,20000101,20040101,0,20000920,"",2020,20211110
"Helmond","H","41","Besloten vennootschap met gewone structuur","46473","Groothandel in verlichtingsartikelen","","","","","","",20000530,20000530,20000626,19861001,20190308,0,20000530,"",2020,0
"Eindhoven","H","21","Commanditaire vennootschap","6420","Financiële holdings","","","","","","",20000614,0,20000626,20000614,20140401,0,0,"",0,0
"Riethoven","H","41","Besloten vennootschap met gewone structuur","6420","Financiële holdings","","","","","","",20000623,20000623,20000626,20000623,20050501,0,0,"",2020,20210709
"Bakel","H","11","Vennootschap onder firma","43221","Loodg.- en fitterswerk; inst. sanitair","","","","","","",20000701,0,20000627,20000701,0,0,0,"",0,0
"Veldhoven","H","41","Besloten vennootschap met gewone structuur","6420","Financiële holdings","","","","","","",20010207,20010207,20000628,20000701,20090703,0,20010207,"",2020,20211201
"Oss","H","01","Eenmanszaak","4334","Schilderen en glaszetten","","","","","N","N",0,0,20000628,20000701,0,0,0,"",0,0
"Ell","H","01","Eenmanszaak","7021","Adviesbureaus publ. relations en comm.","","","","","","",0,0,20211228,20000701,20211215,0,20010901,"",0,0
"Schaijk","H","01","Eenmanszaak","7112","Ingenieurs/overig techn. ontwerp/advies","","","","","","",0,0,20000628,20000627,0,0,0,"",0,0
"Geldrop","","74","Stichting","94997","Overige belangenbehartiging (rest)","","","","","","",20000623,20000623,0,0,0,0,0,"",0,0
"Sint-Michielsgestel","H","41","Besloten vennootschap met gewone structuur","7810","Arbeidsbemiddeling","","","","","","",20000627,20000627,20000628,20000627,20180101,0,0,"F",2017,20181221
"Venray","H","01","Eenmanszaak","6201","Ontwikkelen/produceren/uitgeven software","7311","Reclamebureaus","70221","Organisatie-adviesbureaus","N","N",0,0,20090901,20000628,20090901,0,0,"",0,0
"Wijchen","H","01","Eenmanszaak","7311","Reclamebureaus","64923","Participatiemaatschappijen","","","","",0,0,20001114,20000622,20000821,0,0,"",0,0
"Waspik","","72","Vereniging met beperkte rechtsbevoegdheid","1103","Verv. cider en overige vruchtenwijnen","","","","","","",19800101,0,0,0,0,0,0,"",0,0
"Kaatsheuvel","H","41","Besloten vennootschap met gewone structuur","46424","Groothandel in schoenen","","","","","","",20000621,20000621,20050407,20000621,20210903,0,0,"",2021,20220411
"Kaatsheuvel","H","41","Besloten vennootschap met gewone structuur","47711","Winkels in herenkleding","","","","","J","N",20040527,20040527,20000628,20000702,20150101,0,20040527,"",2019,20210203
"Breda","","74","Stichting","69209","Overige administratiekantoren","","","","","","",20000614,20000614,0,0,0,0,0,"",0,0
"Breda","","74","Stichting","88993","Lokaal welzijnswerk","","","","","","",20000613,20000613,0,0,0,0,0,"",0,0
"Oost-Souburg","H","01","Eenmanszaak","96021","Haarverzorging","","","","","N","N",0,0,20000628,20000628,20030117,0,0,"",0,0
"Amsterdam","N","41","Besloten vennootschap met gewone structuur","52291","Expediteurs/cargadoors/bevrachters e.d.","52109","Opslag in distr.centra en overige opslag","","","N","N",19781211,19781211,20000628,20000101,20050510,0,0,"",2020,20211108
"Rotterdam","","72","Vereniging met beperkte rechtsbevoegdheid","88993","Lokaal welzijnswerk","","","","","","",19501214,0,0,0,0,0,0,"",0,0
"Oostvoorne","H","41","Besloten vennootschap met gewone structuur","6420","Financiële holdings","","","","","N","N",20000623,20000623,20000628,20000623,20060407,0,0,"",2020,20210720
"Barendrecht","","74","Stichting","88993","Lokaal welzijnswerk","","","","","","",20000619,20000619,0,0,0,0,0,"",0,0
"Rotterdam","H","41","Besloten vennootschap met gewone structuur","6420","Financiële holdings","","","","","N","N",20001017,20001017,20130307,20000101,20210217,0,20001017,"",2020,20211206
"Hoogvliet Rotterdam","H","41","Besloten vennootschap met gewone structuur","9511","Reparatie van computers/randapparatuur","4741","Winkels in computers/randapp./software","","","N","N",20001024,20001024,20020305,20000701,20151215,0,20001024,"",2021,20220209
"Rotterdam","H","41","Besloten vennootschap met gewone structuur","4120","Algemene burgerlijke en utiliteitsbouw","","","","","N","N",20000622,20000622,20000628,20000622,20040101,0,0,"",2021,20220511
"'s-Gravenhage","","74","Stichting","6420","Financiële holdings","","","","","","",20000621,20000621,0,0,0,0,0,"",0,0
"Rotterdam","H","41","Besloten vennootschap met gewone structuur","6420","Financiële holdings","","","","","N","N",20000622,20000622,20000628,20000622,20040101,0,0,"",2021,20220511
"Barendrecht","H","41","Besloten vennootschap met gewone structuur","46311","Groothandel in groenten en fruit","","","","","J","J",20000815,20000815,20000628,20000627,0,0,20000815,"",2021,20220531
"Pijnacker","H","01","Eenmanszaak","6201","Ontwikkelen/produceren/uitgeven software","","","","","N","N",0,0,20130218,20000628,20130218,0,0,"",0,0
"Hellevoetsluis","H","41","Besloten vennootschap met gewone structuur","4120","Algemene burgerlijke en utiliteitsbouw","","","","","N","N",20000619,20000619,20000628,20000619,0,0,0,"",2020,20211103
"Ridderkerk","H","11","Vennootschap onder firma","93146","Sportscholen","","","","","N","N",20040701,0,20000628,20000701,0,0,20040701,"",0,0
"Schiedam","H","41","Besloten vennootschap met gewone structuur","6831","Bemidd. bij handel/huur/verhuur onr.goed","","","","","N","N",20000714,20000714,20000628,20000628,20171101,0,20000714,"",2020,20211028
"Numansdorp","H","41","Besloten vennootschap met gewone structuur","46682","GH machines voedings-/genotmiddelenindu.","","","","","J","",20000726,20000726,20000628,20000313,20011109,0,20000726,"",2020,20210622
"Dirksland","H","01","Eenmanszaak","47513","Winkels breiwol/handwerken/fournituren","4765","Winkels in speelgoed","","","","",0,0,20000628,20000601,20080601,0,0,"",0,0
"Ridderkerk","H","11","Vennootschap onder firma","4332","Bouwtimmeren","8121","Interieurreiniging van gebouwen","","","N","N",20060522,0,20000628,20000703,20041101,0,20060522,"",0,0
"Den Hoorn","H","41","Besloten vennootschap met gewone structuur","8130","Landschapsverzorging","4312","Grondverzet","42112","Stratenmaken","N","N",20000621,20000621,20000627,19731201,20001201,0,20000621,"",2020,20210820
"Haarlem","","74","Stichting","9492","Politieke organisaties","","","","","","",20000621,20000621,0,0,0,0,0,"",0,0
"'s-Gravenhage","H","51","Naamloze vennootschap met gewone structuur","7740","Lease niet-financiële immateriële activa","","","","","N","N",20000627,20000627,20000627,20000627,20180618,0,0,"",2020,20210715
"Rijswijk","H","41","Besloten vennootschap met gewone structuur","6420","Financiële holdings","","","","","N","N",20000620,20000620,20000623,20000620,20140401,0,0,"",2020,20210301
"Rijswijk","H","41","Besloten vennootschap met gewone structuur","64303","Beleggingsinst. met beperkte toetreding","","","","","N","N",20000621,20000621,20000623,20000621,0,0,0,"",2020,20210913
"Zoetermeer","","74","Stichting","68203","Verhuur van overige woonruimte","","","","","","",20000619,0,0,0,0,0,0,"",0,0
"Heerhugowaard","H","41","Besloten vennootschap met gewone structuur","6420","Financiële holdings","","","","","N","N",20000529,20000529,20030423,20000529,20050201,0,0,"",2021,20220530
"Schijndel","H","01","Eenmanszaak","7311","Reclamebureaus","59111","Prod. films (geen televisiefilms)","47913","Internethandel boek,tijdschrift,cd,dvd","N","N",0,0,20211108,20000701,20211101,0,0,"",0,0
"Dronten","H","01","Eenmanszaak","74201","Fotografie","","","","","","",0,0,20191122,20000628,20191111,0,0,"",0,0
"Amsterdam","H","41","Besloten vennootschap met gewone structuur","7740","Lease niet-financiële immateriële activa","6420","Financiële holdings","","","N","N",20000623,20000623,20021203,20000623,20210101,0,0,"",2020,20210829
"Bloemendaal","H","41","Besloten vennootschap met gewone structuur","6420","Financiële holdings","","","","","","",20060530,20060530,20091102,20000628,20200630,0,20060530,"",2020,20220512
"Aalsmeer","H","01","Eenmanszaak","4120","Algemene burgerlijke en utiliteitsbouw","","","","","","",0,0,20171116,20000701,20191220,0,0,"",0,0
"Mussel","","71","Vereniging met volledige rechtsbevoegdheid","94992","Hobbyclubs","","","","","","",20000605,20000605,20130121,0,0,0,0,"",0,0
"Vreeland","H","41","Besloten vennootschap met gewone structuur","6810","Handel in eigen onroerend goed","","","","","","",20000620,20000620,20000628,20000620,0,0,0,"",2020,20210908
"Utrecht","","74","Stichting","90011","Beoefening van podiumkunst","","","","","","",20000616,20000616,0,0,0,0,0,"",0,0
"Ammerzoden","H","41","Besloten vennootschap met gewone structuur","6612","Commissionairs/makelaars in effecten ed","","","","","","",20000626,20000626,20141224,20000626,20141218,0,0,"",2019,20210312
"Utrecht","H","01","Eenmanszaak","70221","Organisatie-adviesbureaus","","","","","","",0,0,20000628,20000501,20180503,0,0,"",0,0
"Amsterdam","H","41","Besloten vennootschap met gewone structuur","6420","Financiële holdings","","","","","N","N",20000623,20000623,20020524,20000623,20211201,0,0,"",2020,20211109
"Nieuwegein","H","74","Stichting","7810","Arbeidsbemiddeling","","","","","","",20000619,20000619,20090414,20000619,0,0,0,"",0,0
"Kortenhoef","H","41","Besloten vennootschap met gewone structuur","6612","Commissionairs/makelaars in effecten ed","","","","","","",20000704,20000704,20040909,20000601,20130812,0,20000704,"",2020,20211109
"Nieuwegein","H","01","Eenmanszaak","2562","Algemene metaalbewerking","","","","","","",0,0,20000628,20000628,20030901,0,0,"",0,0
"Nederhorst den Berg","H","01","Eenmanszaak","8230","Organiseren van congressen en beurzen","7311","Reclamebureaus","","","","",0,0,20000628,20000701,20041231,0,0,"",0,0
"Huizen","H","41","Besloten vennootschap met gewone structuur","70102","Holdings (geen financiële)","","","","","","",20001102,20001102,20000628,20000628,0,0,20001102,"",2020,20211124
"Bussum","H","01","Eenmanszaak","4334","Schilderen en glaszetten","","","","","","",0,0,20000628,20000701,0,0,0,"",0,0
"Naarden","H","41","Besloten vennootschap met gewone structuur","6420","Financiële holdings","","","","","N","N",20000531,20000531,20220103,20000531,20220101,0,0,"",2020,20210406
"Amsterdam","H","41","Besloten vennootschap met gewone structuur","6420","Financiële holdings","69101","Advocatenkantoren, bewindv. en curatoren","","","N","N",20000531,20000531,20000628,20000531,20161101,0,0,"",2021,20220310
"Bloemendaal","H","41","Besloten vennootschap met gewone structuur","6420","Financiële holdings","","","","","N","N",20000531,20000531,20000628,20000531,20061101,0,0,"",2021,20220530
"Amsterdam","H","96","Buitenl. op EG-venn. lijkende venn. met onderneming in Nederland","6420","Financiële holdings","","","","","N","N",0,0,20000628,19991119,20020521,0,0,"",0,0
"Amsterdam","H","11","Vennootschap onder firma","4333","Afwerking van vloeren en wanden","47593","Winkels art. woninginrichting alg. ass.","47918","Internethandel overige non-food","N","N",20010101,0,20000628,20000628,20101231,0,20010101,"",0,0
"AMSTELVEEN","","71","Vereniging met volledige rechtsbevoegdheid","94997","Overige belangenbehartiging (rest)","","","","","","",20000405,20000405,0,0,0,0,0,"",0,0
"Amstelveen","H","41","Besloten vennootschap met gewone structuur","70221","Organisatie-adviesbureaus","","","","","N","N",20000626,20000626,20000628,20000626,0,0,0,"",2020,20210503
"Tzummarum","H","41","Besloten vennootschap met gewone structuur","6420","Financiële holdings","","","","","N","N",20000622,20000622,20210607,20000622,20210201,0,0,"",2020,20220416
"Hoofddorp","H","41","Besloten vennootschap met gewone structuur","66193","Hypotheek-/kredietbem./bankagentschappen","6622","Assurantietussenpersonen","","","N","N",20000529,20000529,20000628,20000529,20050707,0,0,"",2020,20210517
"Diemen","H","41","Besloten vennootschap met gewone structuur","6420","Financiële holdings","","","","","N","N",20000623,20000623,20151211,20000623,20151201,0,0,"",2020,20220113
"Amsterdam","H","41","Besloten vennootschap met gewone structuur","70221","Organisatie-adviesbureaus","70222","Advisering ohgv management/bedrijfsv.","64303","Beleggingsinst. met beperkte toetreding","N","N",20000620,20000620,20000628,20000620,20120301,0,0,"",2020,20211230
"Amsterdam","H","01","Eenmanszaak","7311","Reclamebureaus","","","","","N","N",0,0,20000628,20000628,20120801,0,0,"",0,0
"'s-Gravenhage","H","41","Besloten vennootschap met gewone structuur","6190","Overige telecommunicatie","","","","","N","N",20000620,20000620,20031014,20000620,20090204,0,0,"",2017,20190917
"Santpoort-Zuid","H","41","Besloten vennootschap met gewone structuur","6420","Financiële holdings","","","","","N","N",20010320,20010320,20000628,20000525,20090701,0,20010320,"",2020,20211223
"Haarlem","H","01","Eenmanszaak","69204","Belastingconsulenten","70221","Organisatie-adviesbureaus","","","N","N",0,0,20000628,20000601,0,0,0,"",0,0
"Amsterdam","H","01","Eenmanszaak","55102","Hotels (geen hotel-rest.)/pens./conf.o.","70221","Organisatie-adviesbureaus","","","N","N",0,0,20000628,20000401,20160101,0,0,"",0,0
"Lochem","H","41","Besloten vennootschap met gewone structuur","6420","Financiële holdings","","","","","N","N",20000614,20000614,20220103,20000614,20211231,0,0,"",2020,20210701
"Amstelveen","","72","Vereniging met beperkte rechtsbevoegdheid","64303","Beleggingsinst. met beperkte toetreding","","","","","","",20000628,0,0,0,0,0,0,"",0,0
"Makkum","H","01","Eenmanszaak","43221","Loodg.- en fitterswerk; inst. sanitair","7721","Verhuur van sport- en recreatieartikelen","55201","Verh. vakantiehuisjes en appartementen","N","N",0,0,20210127,20000601,20210119,0,20100101,"",0,0
"Volendam","H","41","Besloten vennootschap met gewone structuur","6810","Handel in eigen onroerend goed","6612","Commissionairs/makelaars in effecten ed","","","N","N",20000623,20000623,20000627,20000623,20211220,0,0,"",2020,20210922
"Haarlem","H","01","Eenmanszaak","3109","Vervaardiging van overige meubels","","","","","","",0,0,20090302,20000628,20160418,0,0,"",0,0
"Westerland","H","01","Eenmanszaak","4334","Schilderen en glaszetten","","","","","N","N",0,0,20000628,20000703,20191101,0,0,"",0,0
"Heiloo","H","01","Eenmanszaak","69203","Boekhoudkantoren","69204","Belastingconsulenten","","","N","N",0,0,20000628,20000628,0,0,0,"",0,0
"Amsterdam","H","41","Besloten vennootschap met gewone structuur","70102","Holdings (geen financiële)","","","","","N","N",20000711,20000711,20181101,20000606,20181101,0,20000711,"",2020,20220204
"Hem","","71","Vereniging met volledige rechtsbevoegdheid","88993","Lokaal welzijnswerk","","","","","","",20000620,20000620,0,0,0,0,0,"",0,0
"Volendam","H","01","Eenmanszaak","4332","Bouwtimmeren","3109","Vervaardiging van overige meubels","","","N","N",0,0,20000628,20000628,20020410,0,0,"",0,0
"Almere","H","41","Besloten vennootschap met gewone structuur","6420","Financiële holdings","","","","","","",20000822,20000822,20000626,20000607,20061001,0,20000822,"",2003,20051116
"Zeewolde","H","41","Besloten vennootschap met gewone structuur","69204","Belastingconsulenten","70221","Organisatie-adviesbureaus","","","","",20010205,20010205,20000627,20000401,20010921,0,20010205,"",2020,20211230
"Almere","H","01","Eenmanszaak","70221","Organisatie-adviesbureaus","","","","","N","N",0,0,20000628,20000627,20040207,0,0,"",0,0
"Heerenveen","H","41","Besloten vennootschap met gewone structuur","69209","Overige administratiekantoren","","","","","N","N",20020318,20020318,20000629,20000701,20200120,0,20020318,"",2020,20210708
"Zwijndrecht","N","81","Onderlinge waarborgmaatschappij","65121","Schadeverzekeringen (geen zorgverz.)","","","","","","",19050101,19050101,20000629,19990901,20030512,0,0,"",2021,20220520
"Scheemda","","71","Vereniging met volledige rechtsbevoegdheid","94991","Gezelligheidsverenigingen","","","","","","",20000621,20000621,0,0,0,0,0,"",0,0
"Oostwold","H","01","Eenmanszaak","69102","Rechtskundige adviesbureaus","69209","Overige administratiekantoren","77399","Verh./lease ov.mach./werkt./ov. goederen","N","N",0,0,20000629,20000101,20030510,0,0,"",0,0
"Marum","H","41","Besloten vennootschap met gewone structuur","6420","Financiële holdings","","","","","","",20000620,20000620,20000629,20000620,0,0,0,"",2019,20210503
"Leek","H","41","Besloten vennootschap met gewone structuur","6420","Financiële holdings","","","","","N","N",20000620,20000620,20000629,20000620,20110610,0,0,"",2019,20211112
"Groningen","H","01","Eenmanszaak","47916","Internethandel in vrijetijdsartikelen","46496","GH sportartikelen (geen watersport)","85519","Overig sport- en recreatieonderwijs","J","N",0,0,20070426,20000701,20120306,0,0,"",0,0
"Delfzijl","H","21","Commanditaire vennootschap","50201","Zee-/kustvaart(vracht/tank; geen sleep)","","","","","N","N",20000601,0,20000629,20000601,0,0,0,"",0,0
"Assen","H","01","Eenmanszaak","85592","Bedrijfsopleiding en -training","","","","","","",0,0,20000629,20000101,0,0,0,"",0,0
"Elim","H","01","Eenmanszaak","4120","Algemene burgerlijke en utiliteitsbouw","","","","","","",0,0,20000629,20000701,0,0,0,"",0,0
"Emst","H","01","Eenmanszaak","70221","Organisatie-adviesbureaus","86913","Praktijken van psychotherapeuten/-logen","0162","Dienstverl. voor fokken en houden dieren","N","N",0,0,20041029,20000701,20220305,0,0,"",0,0
"Ermelo","H","41","Besloten vennootschap met gewone structuur","7220","Speur-/ontw.werk ogv maats./geesteswet.","","","","","N","N",20000626,20000626,20000628,20000626,0,0,0,"",2020,20211029
"Eefde","","74","Stichting","88999","Overig maatsch.adv./gemeenschapshuizen","93112","Sporthallen, sportzalen en gymzalen","","","","",20000525,20000525,0,0,0,0,0,"",0,0
"Almelo","H","41","Besloten vennootschap met gewone structuur","6420","Financiële holdings","","","","","N","N",20000531,20000531,20000628,20000531,20171106,0,0,"",2021,20220609
"Deventer","H","41","Besloten vennootschap met gewone structuur","7112","Ingenieurs/overig techn. ontwerp/advies","","","","","N","N",20000628,20000628,20000628,20000628,20110301,0,0,"",2020,20210609
"Hengelo","","71","Vereniging met volledige rechtsbevoegdheid","9411","Bedrijfs- en werkgeversorganisaties","","","","","","",20000627,20000627,0,0,0,0,0,"",0,0
"Losser","H","01","Eenmanszaak","4120","Algemene burgerlijke en utiliteitsbouw","","","","","N","N",0,0,20000629,20000701,20180518,0,0,"",0,0
"'s-Gravenhage","H","41","Besloten vennootschap met gewone structuur","6420","Financiële holdings","70221","Organisatie-adviesbureaus","","","","",20000818,20000818,20090120,20000601,20190313,0,20000818,"",2019,20210806
"Ede","H","41","Besloten vennootschap met gewone structuur","70222","Advisering ohgv management/bedrijfsv.","","","","","","",20000627,20000627,20000628,20000401,20120201,0,20000627,"",2020,20210528
"Arnhem","H","41","Besloten vennootschap met gewone structuur","69209","Overige administratiekantoren","70221","Organisatie-adviesbureaus","78202","Uitleenbureaus","N","N",20060330,20060330,20000629,20000701,20190415,0,20060330,"",2020,20220414
"Silvolde","H","01","Eenmanszaak","4120","Algemene burgerlijke en utiliteitsbouw","","","","","","",0,0,20000629,20000703,20160915,0,0,"",0,0
"Buren","H","01","Eenmanszaak","9604","Sauna's, solaria, baden e.d.","","","","","","",0,0,20000629,20000614,0,0,0,"",0,0
"Culemborg","H","41","Besloten vennootschap met gewone structuur","47641","Winkels in fietsen en bromfietsen","","","","","N","N",20000531,20000531,20000629,20000531,20000531,0,0,"",2020,20211213
"Velddriel","H","41","Besloten vennootschap met gewone structuur","46692","GH mach./app.warmte-/koel-/vriestechniek","70102","Holdings (geen financiële)","","","","",20000620,20000620,20140412,20000620,20040517,0,0,"",2020,20210706
"Wamel","","71","Vereniging met volledige rechtsbevoegdheid","94997","Overige belangenbehartiging (rest)","","","","","","",20000608,20000608,0,0,0,0,0,"",0,0
"Nederweert","H","01","Eenmanszaak","68204","Verh. onroerend goed (niet v woonruimte)","","","","","N","N",0,0,20000628,20000601,0,0,20080101,"",0,0
"Nijmegen","H","41","Besloten vennootschap met gewone structuur","6832","Beheer van onroerend goed","","","","","N","N",20000615,20000615,20060104,19811001,20191118,0,20000615,"",2020,20210420
"Roggel","","71","Vereniging met volledige rechtsbevoegdheid","88993","Lokaal welzijnswerk","","","","","","",19590401,20000620,0,0,0,0,0,"",0,0
"Heerlen","H","41","Besloten vennootschap met gewone structuur","6810","Handel in eigen onroerend goed","","","","","N","N",20000620,20000620,20000628,20000620,0,0,0,"",2021,20220520
"Brunssum","H","41","Besloten vennootschap met gewone structuur","7732","Verh./lease machines/instal.voor de bouw","4312","Grondverzet","","","N","N",20000622,20000622,20000628,20000622,20210102,0,0,"",2016,20171220
"Sittard","H","41","Besloten vennootschap met gewone structuur","70221","Organisatie-adviesbureaus","6420","Financiële holdings","","","N","N",20000623,20000623,20000628,20000623,0,0,0,"",2020,20210909
"Maastricht","","74","Stichting","94991","Gezelligheidsverenigingen","","","","","","",20000622,20000622,0,0,0,0,0,"",0,0
"Meerssen","H","41","Besloten vennootschap met gewone structuur","43999","Overige gespec. werkz. in de bouw (rest)","","","","","N","N",20000627,20000627,20000629,20000627,20060306,0,0,"",2020,20211108
"Sittard","H","41","Besloten vennootschap met gewone structuur","8121","Interieurreiniging van gebouwen","","","","","N","N",20000626,20000626,20000629,20000626,0,0,0,"",2021,20220329
"Beek","","74","Stichting","94993","Steunfondsen (niet ohgv welzijnszorg)","","","","","","",20000417,20000417,0,0,0,0,0,"",0,0
"Maastricht","","71","Vereniging met volledige rechtsbevoegdheid","90011","Beoefening van podiumkunst","","","","","","",19840601,0,0,0,0,0,0,"",0,0
"Maastricht","H","41","Besloten vennootschap met gewone structuur","70102","Holdings (geen financiële)","70221","Organisatie-adviesbureaus","","","","",20000622,20000622,20000629,20000622,20130617,0,0,"",2020,20211028
"Maastricht","H","41","Besloten vennootschap met gewone structuur","4110","Projectontwikkeling","6832","Beheer van onroerend goed","","","N","N",20000622,20000622,20000629,20000622,20130617,0,0,"",2020,20211028
"Kerkrade","","71","Vereniging met volledige rechtsbevoegdheid","93144","Bowlen, kegelen, biljarten e.d.","","","","","","",19631001,0,0,0,0,0,0,"",0,0
"Berg en Terblijt","","71","Vereniging met volledige rechtsbevoegdheid","93141","Individuele zaalsport","","","","","","",20000622,20000622,0,0,0,0,0,"",0,0
"Landgraaf","H","41","Besloten vennootschap met gewone structuur","70102","Holdings (geen financiële)","","","","","N","N",20000626,20000626,20000629,20000626,20050301,0,0,"",2020,20211027
"Brunssum","H","41","Besloten vennootschap met gewone structuur","70102","Holdings (geen financiële)","","","","","","",20000626,20000626,20000629,20000626,20110503,0,0,"",2020,20210723
"Amsterdam","H","41","Besloten vennootschap met gewone structuur","6810","Handel in eigen onroerend goed","68204","Verh. onroerend goed (niet v woonruimte)","","","N","N",20001024,20001024,20190130,20000629,20190128,0,20001024,"",2020,20210521
"Kerkrade","H","01","Eenmanszaak","6202","Advisering ohgv informatietechnologie","6201","Ontwikkelen/produceren/uitgeven software","","","N","N",0,0,20000629,20000517,20050301,0,20090101,"",0,0
"Valkenburg","H","11","Vennootschap onder firma","47741","Winkels in drogisterij-artikelen","47292","Winkels in natuurvoeding/reformartikelen","5221","Dienstverlening voor vervoer over land","N","N",20040101,0,20000629,20000701,20041201,0,20040101,"",0,0
"Waalwijk","H","41","Besloten vennootschap met gewone structuur","77292","Verh. kleding/huishoudelijke artikelen","5621","Eventcatering","","","","",20000531,20000531,20000626,20000531,20161001,0,0,"",2020,20211220
"Rosmalen","H","41","Besloten vennootschap met gewone structuur","8130","Landschapsverzorging","","","","","","",20000619,20000619,20000626,20000619,20080320,0,0,"",2021,20220509
"Roosendaal","H","41","Besloten vennootschap met gewone structuur","6201","Ontwikkelen/produceren/uitgeven software","6202","Advisering ohgv informatietechnologie","6209","Ov. dienstv. act. ohgv informatietechn.","N","N",20001019,20001019,20071003,20000609,20091001,0,20001019,"",2020,20211029
"Vlijmen","H","41","Besloten vennootschap met gewone structuur","6810","Handel in eigen onroerend goed","6420","Financiële holdings","","","","",20011231,20011231,20000627,19960101,20200622,0,20011231,"",2021,20220524
"Helvoirt","H","41","Besloten vennootschap met gewone structuur","4120","Algemene burgerlijke en utiliteitsbouw","","","","","","",20000531,20000531,20000627,19870101,20050518,0,20000531,"",2020,20210608
"Someren","H","41","Besloten vennootschap met gewone structuur","6420","Financiële holdings","","","","","N","N",20000621,20000621,20000627,20000621,20011107,0,0,"",2020,20210820
"Someren","H","41","Besloten vennootschap met gewone structuur","6420","Financiële holdings","","","","","","",20000621,20000621,20000627,20000621,20200228,0,0,"",2020,20211223
"Uden","H","41","Besloten vennootschap met gewone structuur","6420","Financiële holdings","","","","","","",20001108,20001108,20000627,20000609,0,0,20001108,"",2020,20220422
"Uden","H","41","Besloten vennootschap met gewone structuur","70221","Organisatie-adviesbureaus","","","","","","",20001108,20001108,20000627,20000609,20120801,0,20001108,"",2020,20220422
"Mill","H","41","Besloten vennootschap met gewone structuur","43999","Overige gespec. werkz. in de bouw (rest)","","","","","","",20090331,20090331,20000627,20000701,20060101,0,20090331,"",2020,20210623
"Oss","","74","Stichting","8891","Kinderopvang","","","","","","",20000626,20000626,0,0,0,0,0,"",0,0
"Eindhoven","H","01","Eenmanszaak","4120","Algemene burgerlijke en utiliteitsbouw","","","","","N","N",0,0,20000629,20000629,20021028,0,0,"",0,0
"'s-Hertogenbosch","H","01","Eenmanszaak","47892","Markthandel in tweedehands goederen","","","","","N","N",0,0,20000629,20000701,0,0,20050101,"",0,0
"Maarheeze","H","41","Besloten vennootschap met gewone structuur","46681","GH machines voor de grafische industrie","","","","","J","J",20000810,20000810,20000629,20000701,20030101,0,20000810,"",2020,20211220
"Rijswijk (NB)","H","41","Besloten vennootschap met gewone structuur","6420","Financiële holdings","","","","","","",20000629,20000628,20000629,19900327,0,0,20000629,"",2020,20210623
"Tilburg","H","41","Besloten vennootschap met gewone structuur","70102","Holdings (geen financiële)","4222","Leggen van elektr.-/telecom.kabels","4321","Elektrotechnische bouwinstallatie","","",20000809,20000809,20000629,20000630,20200730,0,20000809,"",2020,20211104
"Kaatsheuvel","H","01","Eenmanszaak","2562","Algemene metaalbewerking","","","","","","",0,0,20000629,20000701,0,0,0,"",0,0
"Waalwijk","H","01","Eenmanszaak","85522","Kunstzinnige vorming voor amateurs","9003","Schrijven en overige scheppende kunst","","","","",0,0,20000629,20000701,20161101,0,0,"",0,0
"Bergen op Zoom","H","41","Besloten vennootschap met gewone structuur","3514","Handel elektriciteit/gas via leidingen","","","","","N","J",20041028,20041028,20000628,20000615,20090901,0,20041028,"",2017,20210818
"Roosendaal","H","41","Besloten vennootschap met gewone structuur","4651","GH computers, randapparatuur en software","85592","Bedrijfsopleiding en -training","6202","Advisering ohgv informatietechnologie","","",20011114,20011114,20000629,20000601,20200831,0,20011114,"",2020,20210630
"Oosterhout","H","41","Besloten vennootschap met gewone structuur","4645","Groothandel in parfums en cosmetica","47918","Internethandel overige non-food","96022","Schoonheidsverzorging/pedi-/manicures","J","J",20000803,20000803,20070215,20000615,20070109,0,20000803,"",2020,20220131
"Ulicoten","H","01","Eenmanszaak","6201","Ontwikkelen/produceren/uitgeven software","4321","Elektrotechnische bouwinstallatie","","","J","J",0,0,20000629,20000701,20210202,0,20050101,"",0,0
"Kwadendamme","H","11","Vennootschap onder firma","47241","Winkels in brood en banket","47741","Winkels in drogisterij-artikelen","47761","Winkels bloemen/planten/zaden/tuinbenod.","N","N",20050101,0,20000629,20000627,0,0,20050101,"",0,0
"Barendrecht","H","01","Eenmanszaak","9002","Dienstverlening voor uitvoerende kunst","","","","","N","N",0,0,20000629,20000101,20100914,0,20100101,"",0,0
"Dordrecht","","74","Stichting","6420","Financiële holdings","","","","","","",20000623,20000623,0,0,0,0,0,"",0,0
"Papendrecht","H","41","Besloten vennootschap met gewone structuur","4652","GH elektronische/telecommunicatieapp.","6420","Financiële holdings","8030","Opsporing","N","N",20000810,20000810,20000629,20000629,20030911,0,20000810,"",2014,20161216
"Gouda","H","41","Besloten vennootschap met gewone structuur","66193","Hypotheek-/kredietbem./bankagentschappen","","","","","","",20000728,20000728,20000629,20000601,0,0,20000728,"",2019,20200710
"Capelle aan den IJssel","H","01","Eenmanszaak","69203","Boekhoudkantoren","","","","","N","N",0,0,20000629,20000501,0,0,0,"",0,0
"Rotterdam","H","41","Besloten vennootschap met gewone structuur","6420","Financiële holdings","","","","","N","N",20000815,20000815,20000629,20000627,20190204,0,20000815,"",2020,20211221
"Rotterdam","H","41","Besloten vennootschap met gewone structuur","9103","Monumentenzorg","","","","","","",20000818,20000818,20000629,20000615,20181001,0,20000818,"",2020,20211105
"'s-Gravenhage","H","41","Besloten vennootschap met gewone structuur","6420","Financiële holdings","","","","","N","N",20000904,20000904,20000626,20000701,20120701,0,20000904,"",2020,20210813
"'s-Gravenhage","H","01","Eenmanszaak","4120","Algemene burgerlijke en utiliteitsbouw","","","","","","",0,0,20000629,20000628,20180115,0,0,"",0,0
"Zoetermeer","H","01","Eenmanszaak","8553","Auto- en motorrijscholen","","","","","N","N",0,0,20000629,20000629,0,0,0,"",0,0
"Delft","H","01","Eenmanszaak","96022","Schoonheidsverzorging/pedi-/manicures","","","","","N","N",0,0,20000629,20000601,20210101,0,0,"",0,0
"'s-Gravenhage","H","41","Besloten vennootschap met gewone structuur","4120","Algemene burgerlijke en utiliteitsbouw","6202","Advisering ohgv informatietechnologie","70221","Organisatie-adviesbureaus","N","N",20000721,20000721,20000629,20000101,20200121,0,20000721,"",2020,20210825
"Amsterdam","H","01","Eenmanszaak","7311","Reclamebureaus","","","","","N","N",0,0,20210812,19990201,20210811,0,0,"",0,0
"Waalre","H","01","Eenmanszaak","70221","Organisatie-adviesbureaus","","","","","N","N",0,0,20140821,20000601,20151215,0,0,"",0,0
"Bodegraven","H","01","Eenmanszaak","4120","Algemene burgerlijke en utiliteitsbouw","","","","","N","N",0,0,20000628,20000619,20070401,0,0,"",0,0
"Vijfhuizen","H","41","Besloten vennootschap met gewone structuur","6420","Financiële holdings","","","","","N","N",20000619,20000619,20190517,20000619,20190410,0,0,"",2020,20211228
"'s-Gravenhage","H","41","Besloten vennootschap met gewone structuur","6420","Financiële holdings","","","","","N","N",20000829,20000829,20000831,20000628,20200601,0,20000829,"",2020,20211012
"Voorschoten","H","41","Besloten vennootschap met gewone structuur","70102","Holdings (geen financiële)","","","","","N","N",20000619,20000619,20000628,20000619,20050901,0,0,"",2021,20220602
"Almere","H","41","Besloten vennootschap met gewone structuur","6201","Ontwikkelen/produceren/uitgeven software","6311","Gegevensverw./webhosting/aanverw. activ.","","","N","N",20000824,20000824,20170228,20000607,20170228,0,20000824,"",2003,20051116
"Nieuw-Vennep","H","41","Besloten vennootschap met gewone structuur","6420","Financiële holdings","","","","","N","N",20000721,20000721,20020409,20000524,20020408,0,20000721,"",2020,20211014
"Epe","H","41","Besloten vennootschap met gewone structuur","78201","Uitzendbureaus","70221","Organisatie-adviesbureaus","69102","Rechtskundige adviesbureaus","N","N",20041130,20041130,20010105,20000701,20190201,0,20041130,"",2020,20211125
"Nieuwegein","H","01","Eenmanszaak","85592","Bedrijfsopleiding en -training","","","","","","",0,0,20000629,20000701,0,0,0,"",0,0
"Bergschenhoek","H","01","Eenmanszaak","7112","Ingenieurs/overig techn. ontwerp/advies","","","","","N","N",0,0,20200309,20000629,20200307,0,0,"",0,0
"Schoonrewoerd","H","41","Besloten vennootschap met gewone structuur","6202","Advisering ohgv informatietechnologie","","","","","","",20000608,20000608,20140412,20000608,20031001,0,0,"",2020,20220531
"Utrecht","","74","Stichting","94997","Overige belangenbehartiging (rest)","","","","","","",20000615,20000615,0,0,0,0,0,"",0,0
"Driebergen-Rijsenburg","H","41","Besloten vennootschap met gewone structuur","6420","Financiële holdings","70221","Organisatie-adviesbureaus","","","","",20000629,20000629,20000629,20000629,20160114,0,0,"",2020,20211213
"Ophemert","H","41","Besloten vennootschap met gewone structuur","6420","Financiële holdings","","","","","","",20000922,20000922,20000629,20000601,20080109,0,20000922,"",2018,20190722
"Amsterdam","H","01","Eenmanszaak","7311","Reclamebureaus","7490","Overige special. zakelijke dienstverl.","6831","Bemidd. bij handel/huur/verhuur onr.goed","N","N",0,0,20140724,20000629,20141216,0,20041001,"",0,0
"Amersfoort","H","11","Vennootschap onder firma","46424","Groothandel in schoenen","","","","","","",20000626,0,20000629,20000626,20220104,0,0,"",0,0
"Nieuwegein","N","11","Vennootschap onder firma","46424","Groothandel in schoenen","","","","","","",20000626,0,20000629,20000626,0,0,0,"",0,0
"Baarn","H","41","Besloten vennootschap met gewone structuur","6420","Financiële holdings","","","","","","",20000713,20000713,20000629,20000529,0,0,20000713,"",2020,20211201
"Weesp","H","41","Besloten vennootschap met gewone structuur","6420","Financiële holdings","","","","","","",20000713,20000713,20000629,20000529,20041118,0,20000713,"",2020,20210804
"Baarn","H","41","Besloten vennootschap met gewone structuur","71111","Architecten","","","","","","",20000713,20000713,20000629,20000529,0,0,20000713,"",2020,20210701
"Bilthoven","H","41","Besloten vennootschap met gewone structuur","6420","Financiële holdings","","","","","","",20000628,20000628,20170210,20000628,20170210,0,0,"",2020,20211111
"Huizen","H","41","Besloten vennootschap met gewone structuur","6420","Financiële holdings","","","","","","",20000628,20000628,20000629,20000628,20200116,0,0,"",2021,20220408
"Achterveld","H","01","Eenmanszaak","8219","Secretariële dienstverlening","45402","DH en reparatie motorfiets(onderdel)en","68204","Verh. onroerend goed (niet v woonruimte)","","",0,0,20000629,20000701,0,0,0,"",0,0
"Huizen","H","41","Besloten vennootschap met gewone structuur","6312","Webportals","","","","","","",20010302,20010302,20000629,20000627,20061218,0,20010302,"",2008,20090518
"Nijkerk","H","01","Eenmanszaak","7112","Ingenieurs/overig techn. ontwerp/advies","","","","","N","N",0,0,20140412,20000701,0,0,20070101,"",0,0
"Blaricum","H","41","Besloten vennootschap met gewone structuur","70102","Holdings (geen financiële)","","","","","","",20011121,20011121,20000629,20000701,20150725,0,20011121,"",2020,20220112
"Huizen","","71","Vereniging met volledige rechtsbevoegdheid","94997","Overige belangenbehartiging (rest)","","","","","","",20000620,20000620,0,0,0,0,0,"",0,0
"Amsterdam","H","01","Eenmanszaak","47819","Markthandel overige voedings- en genotm.","","","","","N","N",0,0,20000629,20000629,20180101,0,0,"",0,0
"Broek In Waterland","H","41","Besloten vennootschap met gewone structuur","70221","Organisatie-adviesbureaus","70222","Advisering ohgv management/bedrijfsv.","","","N","N",20000822,20000822,20020731,20000401,20111207,0,20000822,"",2015,20160715
"Amsterdam","H","41","Besloten vennootschap met gewone structuur","6420","Financiële holdings","","","","","N","N",20001004,20001004,20000629,20000301,20050511,0,20001004,"",2020,20210816
"Amsterdam","H","41","Besloten vennootschap met gewone structuur","69101","Advocatenkantoren, bewindv. en curatoren","","","","","N","N",20000531,20000531,20000629,20000531,20161101,0,0,"",2021,20220310
"Amsterdam","H","41","Besloten vennootschap met gewone structuur","6420","Financiële holdings","","","","","N","N",20000613,20000613,20000628,20000613,20050801,0,0,"",2019,20210216
"Amsterdam","H","41","Besloten vennootschap met gewone structuur","6420","Financiële holdings","","","","","N","N",20000613,20000613,20000628,20000613,20211108,0,0,"",2020,20220225
"Hoorn","H","41","Besloten vennootschap met gewone structuur","70221","Organisatie-adviesbureaus","","","","","N","N",20000809,20000809,20060208,20000601,20110606,0,20000809,"",2021,20220415
"Lochem","H","41","Besloten vennootschap met gewone structuur","70221","Organisatie-adviesbureaus","","","","","N","N",20000614,20000614,20220103,20000614,20211231,0,0,"",2020,20210701
"Velserbroek","H","41","Besloten vennootschap met gewone structuur","52241","Laad-/los-/overslagactiv. voor zeevaart","","","","","N","N",20000531,20000531,20000629,19860101,0,0,20000531,"",2020,20210720
"Amsterdam","H","41","Besloten vennootschap met gewone structuur","6420","Financiële holdings","","","","","N","N",20000720,20000720,20000629,20000221,20201101,0,20000720,"",2020,20220520
"Krommenie","H","41","Besloten vennootschap met gewone structuur","6831","Bemidd. bij handel/huur/verhuur onr.goed","70222","Advisering ohgv management/bedrijfsv.","6832","Beheer van onroerend goed","N","N",20000629,20000629,20000629,20000629,20040315,0,0,"",2020,20211101
"Assendelft","H","41","Besloten vennootschap met gewone structuur","68203","Verhuur van overige woonruimte","68204","Verh. onroerend goed (niet v woonruimte)","","","N","N",20000714,20000714,20000629,20000620,20220130,0,20000714,"",2019,20200915
"Bergen Op Zoom","H","96","Buitenl. op EG-venn. lijkende venn. met onderneming in Nederland","52291","Expediteurs/cargadoors/bevrachters e.d.","70221","Organisatie-adviesbureaus","","","N","N",0,0,20111006,20000701,20110701,0,0,"",2000,20000724
"IJmuiden","","71","Vereniging met volledige rechtsbevoegdheid","90011","Beoefening van podiumkunst","","","","","","",20000606,20000606,0,0,0,0,0,"",0,0
"Amsterdam","H","41","Besloten vennootschap met gewone structuur","6420","Financiële holdings","","","","","N","N",20000627,20000627,20000629,20000627,20160901,0,0,"",2019,20201208
"Amsterdam","H","01","Eenmanszaak","6202","Advisering ohgv informatietechnologie","","","","","N","N",0,0,20000629,20000629,20160101,0,20020215,"",0,0
"Diemen","H","01","Eenmanszaak","4333","Afwerking van vloeren en wanden","","","","","N","N",0,0,20000629,20000701,20160216,0,0,"",0,0
"Amsterdam","H","41","Besloten vennootschap met gewone structuur","6420","Financiële holdings","","","","","N","N",20000628,20000628,20000629,20000628,20190709,0,0,"",2014,20151103
"Schiphol-Rijk","H","41","Besloten vennootschap met gewone structuur","6202","Advisering ohgv informatietechnologie","4651","GH computers, randapparatuur en software","","","J","N",20000620,20000620,20080707,20000620,20160801,0,0,"",2021,20220419
"Uithoorn","H","41","Besloten vennootschap met gewone structuur","69204","Belastingconsulenten","69203","Boekhoudkantoren","","","N","N",20000622,20000622,20000629,20000622,20121227,0,0,"",2020,20220201
"Oisterwijk","H","41","Besloten vennootschap met gewone structuur","6420","Financiële holdings","","","","","N","N",20000623,20000623,20161028,20000623,20161012,0,0,"",2020,20220330
"Amsterdam","H","41","Besloten vennootschap met gewone structuur","6420","Financiële holdings","","","","","N","N",20001130,20001130,20000629,20000701,20060120,0,20001130,"",2020,20220321
"Amsterdam","H","41","Besloten vennootschap met gewone structuur","6420","Financiële holdings","","","","","N","N",20000623,20000623,20000629,20000623,20160301,0,0,"",2021,20220420
"Wenum Wiesel","H","41","Besloten vennootschap met gewone structuur","6420","Financiële holdings","","","","","N","N",20001130,20001130,20161109,20000701,20210511,0,20001130,"",2020,20210218
"Hoofddorp","H","41","Besloten vennootschap met gewone structuur","6420","Financiële holdings","","","","","N","N",20000607,20000607,20000629,20000607,20220201,0,0,"",2021,20220523
"Hoorn","H","41","Besloten vennootschap met gewone structuur","69202","Accountants-administratieconsulenten","69204","Belastingconsulenten","","","N","N",20000531,20000531,20000626,20000531,20060923,0,0,"",2021,20220218
"Wervershoof","H","41","Besloten vennootschap met gewone structuur","70102","Holdings (geen financiële)","","","","","N","N",20000531,20000531,20000627,20000531,20050819,0,0,"",2020,20211210
"Heiloo","H","41","Besloten vennootschap met gewone structuur","6420","Financiële holdings","","","","","N","N",20000531,20000531,20000627,20000531,0,0,0,"",2021,20220215
"Wieringerwerf","H","41","Besloten vennootschap met gewone structuur","70102","Holdings (geen financiële)","","","","","N","N",20000531,20000531,20000628,20000531,20200608,0,0,"",2021,20220217
"Oostwoud","H","41","Besloten vennootschap met gewone structuur","6420","Financiële holdings","","","","","N","N",20000531,20000531,20000628,20000531,20110301,0,0,"",2020,20211119
"Bergen (NH)","H","41","Besloten vennootschap met gewone structuur","6810","Handel in eigen onroerend goed","64923","Participatiemaatschappijen","","","N","N",20000613,20000613,20000629,20000613,20120927,0,0,"",2021,20220610
"Venhuizen","H","41","Besloten vennootschap met gewone structuur","6420","Financiële holdings","","","","","N","N",20000911,20000911,20000629,20000701,20141208,0,20000911,"",2020,20210531
"Hem","H","41","Besloten vennootschap met gewone structuur","0161","Dienstverl. akker- en/of tuinbouw","","","","","N","N",20000911,20000911,20000629,20000701,20091001,0,20000911,"",2020,20210531
"Schoorl","H","01","Eenmanszaak","85522","Kunstzinnige vorming voor amateurs","","","","","N","N",0,0,20000629,20000101,20020111,0,0,"",0,0
"Almere","","71","Vereniging met volledige rechtsbevoegdheid","94991","Gezelligheidsverenigingen","","","","","","",20000511,20021230,0,0,0,0,0,"",0,0
"Lemmer","H","41","Besloten vennootschap met gewone structuur","70102","Holdings (geen financiële)","","","","","N","N",20000918,20000918,20060609,20000601,20181210,0,20000918,"",2014,20161017
"IJsselstein","H","41","Besloten vennootschap met gewone structuur","70221","Organisatie-adviesbureaus","","","","","","",20000907,20000907,20050922,20000701,20050922,0,20000907,"",2019,20210625
"Almere","H","01","Eenmanszaak","85592","Bedrijfsopleiding en -training","","","","","","",0,0,20000629,20000701,0,0,0,"",0,0
"Lelystad","H","41","Besloten vennootschap met gewone structuur","5629","Kantines en contractcatering","","","","","","",20010209,20010209,20000629,20000701,20130101,0,20010209,"",2020,20220331
"Leeuwarden","H","41","Besloten vennootschap met gewone structuur","7021","Adviesbureaus publ. relations en comm.","70221","Organisatie-adviesbureaus","","","","",20000803,20000803,20000628,20000701,20170306,0,20000803,"",2020,20220216
"Leeuwarden","H","41","Besloten vennootschap met gewone structuur","70102","Holdings (geen financiële)","","","","","","",20000803,20000803,20000628,20000701,20150713,0,20000803,"",2020,20211117
"Hemelum","H","41","Besloten vennootschap met gewone structuur","6420","Financiële holdings","","","","","","",20000630,20000630,20000630,20000630,0,0,0,"",2020,20211013
"Hemelum","H","41","Besloten vennootschap met gewone structuur","6420","Financiële holdings","","","","","","",20000630,20000630,20000630,20000630,0,0,0,"",2020,20211013
"Hemelum","H","41","Besloten vennootschap met gewone structuur","70102","Holdings (geen financiële)","","","","","","",20000630,20000630,20000630,20000630,20070801,0,0,"",2020,20211205
"Hemelum","H","41","Besloten vennootschap met gewone structuur","70102","Holdings (geen financiële)","","","","","","",20000630,20000630,20000630,20000630,20210201,0,0,"",2020,20211108
"Oosterwolde","","71","Vereniging met volledige rechtsbevoegdheid","90011","Beoefening van podiumkunst","","","","","","",20000626,20000626,0,0,0,0,0,"",0,0
"Easterlittens","","72","Vereniging met beperkte rechtsbevoegdheid","9411","Bedrijfs- en werkgeversorganisaties","","","","","","",19951005,0,0,0,0,0,0,"",0,0
"Arnhem","N","41","Besloten vennootschap met gewone structuur","42111","Wegenbouw","4941","Goederenvervoer over weg (geen verhuiz.)","4321","Elektrotechnische bouwinstallatie","N","N",19811231,19811231,20000703,20000201,0,0,0,"",2020,20211222
"Farmsum","","71","Vereniging met volledige rechtsbevoegdheid","93127","Auto- en motorsport","","","","","","",19960528,20000529,0,0,0,0,0,"",0,0
"Assen","H","41","Besloten vennootschap met gewone structuur","6420","Financiële holdings","","","","","","",20000629,20000629,20021125,20000629,20021125,0,0,"",2021,20220315
"Groningen","H","01","Eenmanszaak","85599","Studiebegeleiding/vorming/onderwijs","","","","","N","N",0,0,20000630,20000630,20020101,0,0,"",0,0
"Groningen","","72","Vereniging met beperkte rechtsbevoegdheid","90011","Beoefening van podiumkunst","","","","","","",19990223,0,0,0,0,0,0,"",0,0
"Eenrum","H","01","Eenmanszaak","56102","Fastfoodrest, cafet, ijssal, eetkr e.d.","5630","Cafés","","","N","N",0,0,20000703,20000704,0,0,0,"",0,0
"Slochteren","H","11","Vennootschap onder firma","47819","Markthandel overige voedings- en genotm.","4632","GH vlees(waren)/wild en gev. (niet lev.)","","","N","N",20000705,0,20000703,20000705,20150812,0,0,"",0,0
"Gieten","H","41","Besloten vennootschap met gewone structuur","86922","Arbobegeleiding en reïntegratie","47999","DH via overige distributievormen","","","","",20000629,20000629,20000630,20000629,0,0,0,"",2018,20190603
"Assen","H","41","Besloten vennootschap met gewone structuur","6420","Financiële holdings","","","","","","",20000629,20000629,20060712,20000629,20110201,0,0,"",2021,20220314
"Dwingeloo","H","01","Eenmanszaak","4120","Algemene burgerlijke en utiliteitsbouw","81222","Schoorsteenvegen","","","","",0,0,20000630,20000630,0,0,0,"",0,0
"Assen","H","01","Eenmanszaak","8230","Organiseren van congressen en beurzen","","","","","","",0,0,20000630,20000701,0,0,0,"",0,0
"Oegstgeest","H","41","Besloten vennootschap met gewone structuur","6420","Financiële holdings","","","","","","",20000630,20000630,20030820,20000630,20171101,0,0,"",2020,20210923
"Haren Gn","H","41","Besloten vennootschap met gewone structuur","6420","Financiële holdings","","","","","","",20000628,20000628,20000703,20000628,20121203,0,0,"",2019,20211014
"Zuidwolde","H","41","Besloten vennootschap met gewone structuur","64303","Beleggingsinst. met beperkte toetreding","","","","","","",20000630,20000630,20000703,20000630,0,0,0,"",2017,20181218
"Zwolle","H","41","Besloten vennootschap met gewone structuur","77299","Verh. overige consumentenartikelen","","","","","","",20000816,20000816,20000627,20000626,20070401,0,20000816,"",2021,20220411
"Kloosterhaar","","72","Vereniging met beperkte rechtsbevoegdheid","94992","Hobbyclubs","","","","","","",20000525,0,0,0,0,0,0,"",0,0
"Paasloo","H","01","Eenmanszaak","45193","Handel/reparatie aanhangwagens/opleggers","46493","GH kampeerartikelen (geen caravans)","45112","Handel/rep. personen-/lichte bedr.auto's","","",0,0,20000627,20000701,0,0,0,"",0,0
"Hardenberg","H","41","Besloten vennootschap met gewone structuur","6420","Financiële holdings","","","","","","",20000622,20000622,20000628,20000622,20210202,0,0,"",2020,20210831
"Kampen","","71","Vereniging met volledige rechtsbevoegdheid","93144","Bowlen, kegelen, biljarten e.d.","","","","","","",20000626,20000626,0,0,0,0,0,"",0,0
"Genemuiden","","74","Stichting","69209","Overige administratiekantoren","","","","","","",20000619,20000619,0,0,0,0,0,"",0,0
"IJsselmuiden","H","41","Besloten vennootschap met gewone structuur","6420","Financiële holdings","","","","","","",20000627,20000627,20000629,20000627,20030317,0,0,"",2020,20220512
"Zwolle","H","01","Eenmanszaak","74102","Industrieel en productontwerp","2740","Verv. elektr. lampen en verlichtingsapp.","","","","",0,0,20000630,20000701,20021001,0,0,"",0,0
"Zwolle","H","41","Besloten vennootschap met gewone structuur","6420","Financiële holdings","","","","","","",20000915,20000915,20000629,20000601,20150715,0,20000915,"",2021,20220517
"Kampen","H","01","Eenmanszaak","4321","Elektrotechnische bouwinstallatie","","","","","","",0,0,20000630,20000701,0,0,0,"",0,0
"Staphorst","H","41","Besloten vennootschap met gewone structuur","4120","Algemene burgerlijke en utiliteitsbouw","","","","","","",20090526,20090526,20000630,20000701,20050510,0,20090526,"",2020,20210623
"Genemuiden","H","41","Besloten vennootschap met gewone structuur","46472","GH woningtextiel en vloerbedekking","1393","Vervaardiging van vloerkleden en tapijt","","","","",20000719,20000719,20000630,20000701,20120101,0,20000719,"",2020,20211227
"Wezep","N","11","Vennootschap onder firma","5630","Cafés","56102","Fastfoodrest, cafet, ijssal, eetkr e.d.","","","N","N",19961001,0,20000630,19870616,0,0,20000701,"",0,0
"Vaassen","H","41","Besloten vennootschap met gewone structuur","70222","Advisering ohgv management/bedrijfsv.","","","","","N","N",20000628,20000628,20000629,20000628,0,0,0,"",2020,20211206
"Lochem","H","41","Besloten vennootschap met gewone structuur","85519","Overig sport- en recreatieonderwijs","86912","Praktijken van fysiotherapeuten","9609","Overige dienstverlening (rest)","N","N",20051130,20051130,20000629,19770801,20110415,0,20051130,"",2019,20210706
"Hengelo","","74","Stichting","94997","Overige belangenbehartiging (rest)","","","","","","",20000616,20000616,0,0,0,0,0,"",0,0
"Deventer","H","41","Besloten vennootschap met gewone structuur","6420","Financiële holdings","","","","","N","N",20000628,20000628,20000629,20000628,20001130,0,0,"",2020,20210609
"Enschede","","74","Stichting","9002","Dienstverlening voor uitvoerende kunst","","","","","","",20000621,20000621,0,0,0,0,0,"",0,0
"Deventer","H","41","Besloten vennootschap met gewone structuur","7112","Ingenieurs/overig techn. ontwerp/advies","","","","","J","J",20000628,20000628,20000629,20000628,20001130,0,0,"",2020,20210609
"Saasveld","H","41","Besloten vennootschap met gewone structuur","6420","Financiële holdings","","","","","N","N",20000628,20000628,20000630,20000628,20030601,0,0,"",2021,20220314
"Haaksbergen","","74","Stichting","94993","Steunfondsen (niet ohgv welzijnszorg)","","","","","","",20000529,20000529,0,0,0,0,0,"",0,0
"Vasse","","74","Stichting","4110","Projectontwikkeling","","","","","","",20000512,20000512,0,0,0,0,0,"",0,0
"Vasse","","74","Stichting","4110","Projectontwikkeling","7112","Ingenieurs/overig techn. ontwerp/advies","","","","",20000512,20000512,0,0,0,0,0,"",0,0
"Lochem","","74","Stichting","94995","Overk. organen (niet ohgv welzijn/sport)","","","","","","",20000519,20000519,0,0,0,0,0,"",0,0
"Hengelo","","71","Vereniging met volledige rechtsbevoegdheid","94997","Overige belangenbehartiging (rest)","","","","","","",20000628,20000628,0,0,0,0,0,"",0,0
"Hellendoorn","H","01","Eenmanszaak","0150","Akker-/tuinbouw icm fokken/houden dieren","","","","","N","N",0,0,20000629,19991130,20180124,0,20070101,"",0,0
"Holten","H","01","Eenmanszaak","96021","Haarverzorging","","","","","N","N",0,0,20000629,20000701,20170814,0,0,"",0,0
"Deventer","H","41","Besloten vennootschap met gewone structuur","6420","Financiële holdings","","","","","N","N",20000628,20000628,20000630,20000628,20210630,0,0,"",2019,20210824
"Hengelo","H","41","Besloten vennootschap met gewone structuur","6420","Financiële holdings","","","","","","",20000629,20000629,20000630,20000629,0,0,0,"",2018,20190413
"Hengelo","H","41","Besloten vennootschap met gewone structuur","6420","Financiële holdings","","","","","N","N",20000629,20000629,20000630,20000629,20020329,0,0,"",2018,20190103
"Elburg","H","41","Besloten vennootschap met gewone structuur","4612","HB in brandst./ertsen/metalen/chem.prod.","","","","","N","N",20000629,20000629,20000630,20000629,20150101,0,0,"",2018,20210412
"Elst","H","11","Vennootschap onder firma","47221","Winkels in vlees en vleeswaren","","","","","N","N",20000626,0,20061003,20000626,20061001,0,0,"",0,0
"Hengelo Ov","","74","Stichting","94997","Overige belangenbehartiging (rest)","","","","","","",20000628,20000628,0,0,0,0,0,"",0,0
"Arnhem","H","41","Besloten vennootschap met gewone structuur","6420","Financiële holdings","","","","","N","N",20000628,20000628,20080908,20000628,20190215,0,0,"",2020,20220331
"Markelo","H","41","Besloten vennootschap met gewone structuur","6420","Financiële holdings","","","","","N","N",20010202,20010202,20000630,20000622,0,0,20010202,"",2021,20220418
"Almelo","H","41","Besloten vennootschap met gewone structuur","6420","Financiële holdings","","","","","N","N",20010423,20010423,20000630,20000701,20110101,0,20010423,"",2020,20211103
"Losser","H","01","Eenmanszaak","4334","Schilderen en glaszetten","","","","","N","N",0,0,20000630,20000630,20030701,0,20061219,"",0,0
"Schalkhaar","H","41","Besloten vennootschap met gewone structuur","6831","Bemidd. bij handel/huur/verhuur onr.goed","","","","","N","N",20030401,20030401,20150127,20000703,20121220,0,20030401,"",2020,20220125
"Lieren","H","41","Besloten vennootschap met gewone structuur","32501","Tandtechnische bedrijven","","","","","N","N",20000703,20000703,20000703,20000703,20181001,0,0,"",2020,20220518
"Apeldoorn","H","41","Besloten vennootschap met gewone structuur","6420","Financiële holdings","","","","","N","N",20000703,20000703,20000703,20000703,20191105,0,0,"",2020,20210921
"Enschede","H","01","Eenmanszaak","47292","Winkels in natuurvoeding/reformartikelen","70222","Advisering ohgv management/bedrijfsv.","47761","Winkels bloemen/planten/zaden/tuinbenod.","J","N",0,0,20000703,20000703,20011028,0,0,"",0,0
"Harderwijk","H","41","Besloten vennootschap met gewone structuur","81221","Glazenwassen","81229","Ov. Gespec. reiniging gebouw/industrieel","","","N","N",20070928,20070928,20000703,20000706,20190221,0,20070928,"",2021,20220415
"Ede","H","41","Besloten vennootschap met gewone structuur","6420","Financiële holdings","","","","","","",20000609,20000609,20000629,20000609,0,0,0,"",2020,20211029
"Groenlo","H","71","Vereniging met volledige rechtsbevoegdheid","90011","Beoefening van podiumkunst","","","","","N","N",20000623,20000623,20170424,20170414,20211102,0,0,"",0,0
"Lichtenvoorde","H","11","Vennootschap onder firma","4333","Afwerking van vloeren en wanden","","","","","","",20040301,0,20000630,20000701,20000701,0,20040301,"",0,0
"Ede","H","41","Besloten vennootschap met gewone structuur","4120","Algemene burgerlijke en utiliteitsbouw","","","","","","",20000707,20000707,20000630,20000630,20031107,0,20000707,"",2021,20211025
"Ede","H","41","Besloten vennootschap met gewone structuur","6420","Financiële holdings","","","","","","",20000707,20000707,20000630,20000630,0,0,20000707,"",2021,20211025
"Ede","H","41","Besloten vennootschap met gewone structuur","69203","Boekhoudkantoren","","","","","","",20000707,20000707,20000630,20000630,20031107,0,20000707,"",2021,20211025
"Nijmegen","","74","Stichting","94993","Steunfondsen (niet ohgv welzijnszorg)","","","","","","",20000628,20000628,0,0,0,0,0,"",0,0
"Mook","H","41","Besloten vennootschap met gewone structuur","47718","Textielsupermarkten","","","","","","",20000628,20000628,20000630,20000628,20191224,0,0,"",2019,20220531
"Gendringen","","72","Vereniging met beperkte rechtsbevoegdheid","5630","Cafés","","","","","","",18250211,0,0,0,0,0,0,"",0,0
"Zevenaar","H","01","Eenmanszaak","8553","Auto- en motorrijscholen","53202","Koeriers","6831","Bemidd. bij handel/huur/verhuur onr.goed","","",0,0,20000630,20000701,20150701,0,0,"",0,0
"Arnhem","H","01","Eenmanszaak","4334","Schilderen en glaszetten","82999","Overige zakelijke dienstverlening (rest)","","","","",0,0,20000630,20000630,20070721,0,0,"",0,0
"Vaassen","H","41","Besloten vennootschap met gewone structuur","6201","Ontwikkelen/produceren/uitgeven software","","","","","","",20000627,20000627,20150701,20000627,20191215,0,0,"",2020,20211223
"Randwijk","","71","Vereniging met volledige rechtsbevoegdheid","90011","Beoefening van podiumkunst","","","","","","",20000621,0,0,0,0,0,0,"",0,0
"Megchelen","H","41","Besloten vennootschap met gewone structuur","6420","Financiële holdings","","","","","","",20000628,20000628,20000703,20000628,20000628,0,0,"",2020,20211122
"Nijmegen","H","41","Besloten vennootschap met gewone structuur","70221","Organisatie-adviesbureaus","6420","Financiële holdings","","","","",20000627,20000627,20030401,20000627,20160101,0,0,"",2019,20210203
"Rheden","H","41","Besloten vennootschap met gewone structuur","64302","Beleggingsinstellingen in vaste activa","","","","","","",20000629,20000629,20000703,20000629,20170913,0,0,"",2021,20211229
"Ulft","H","41","Besloten vennootschap met gewone structuur","6420","Financiële holdings","","","","","","",20000628,20000628,20000703,20000628,20050309,0,0,"",2020,20220117
"Beek","","74","Stichting","69209","Overige administratiekantoren","","","","","","",20000620,20000620,0,0,0,0,0,"",0,0
"Huissen","H","41","Besloten vennootschap met gewone structuur","6420","Financiële holdings","","","","","","",20000630,20000630,20000703,20000630,20100706,0,0,"",2020,20220212
"Tiel","H","41","Besloten vennootschap met gewone structuur","7740","Lease niet-financiële immateriële activa","","","","","","",20000801,20000801,20000630,20000601,20160822,0,20000801,"",2021,20220608
"Giesbeek","H","41","Besloten vennootschap met gewone structuur","4652","GH elektronische/telecommunicatieapp.","","","","","","",20000907,20000907,20070108,20000627,20190101,0,20000907,"",2021,20220310
"Ameide","H","41","Besloten vennootschap met gewone structuur","6201","Ontwikkelen/produceren/uitgeven software","6311","Gegevensverw./webhosting/aanverw. activ.","","","","",20000928,20000928,20140412,20000601,20111111,0,20000928,"",2019,20210428
"Nijmegen","H","01","Eenmanszaak","96021","Haarverzorging","7490","Overige special. zakelijke dienstverl.","","","","",0,0,20080218,20000703,20080218,0,0,"",0,0
"Tiel","H","01","Eenmanszaak","70221","Organisatie-adviesbureaus","78201","Uitzendbureaus","","","","",0,0,20000703,20000626,0,0,0,"",0,0
"Gorinchem","H","41","Besloten vennootschap met gewone structuur","7810","Arbeidsbemiddeling","","","","","","",20000822,20000822,20000703,20000501,20150601,0,20000822,"",2020,20210817
"Gorinchem","H","41","Besloten vennootschap met gewone structuur","66191","Admin.kantoren voor aandelen/obligaties","","","","","","",20000822,20000822,20000703,20000601,20150601,0,20000822,"",2020,20210817
"Meijel","","71","Vereniging met volledige rechtsbevoegdheid","90011","Beoefening van podiumkunst","","","","","","",19970101,20010628,0,0,0,0,0,"",0,0
"Roermond","","72","Vereniging met beperkte rechtsbevoegdheid","93149","Overige binnensport en omnisport","","","","","","",20000701,0,0,0,0,0,0,"",0,0
"Klimmen","H","01","Eenmanszaak","56101","Restaurants","5621","Eventcatering","91021","Musea","N","N",0,0,20000630,20000701,20060601,0,0,"",0,0
"Maastricht","H","41","Besloten vennootschap met gewone structuur","8891","Kinderopvang","","","","","N","N",20070531,20070531,20000630,20000701,20040101,0,20070531,"",2020,20211130
"Klimmen","","71","Vereniging met volledige rechtsbevoegdheid","94991","Gezelligheidsverenigingen","","","","","","",20000701,0,0,0,0,0,0,"",0,0
"Maastricht","H","01","Eenmanszaak","74201","Fotografie","","","","","N","N",0,0,20000703,20000701,20140103,0,0,"",0,0
"Meerssen","H","01","Eenmanszaak","96022","Schoonheidsverzorging/pedi-/manicures","","","","","N","N",0,0,20000703,20000701,0,0,0,"",0,0
"Heerlen","H","01","Eenmanszaak","7810","Arbeidsbemiddeling","","","","","N","N",0,0,20000702,20000401,0,0,0,"",0,0
"Heerlen","H","01","Eenmanszaak","6201","Ontwikkelen/produceren/uitgeven software","","","","","N","N",0,0,20000703,20000701,0,0,0,"",0,0
"Eindhoven","H","41","Besloten vennootschap met gewone structuur","4110","Projectontwikkeling","","","","","","",20001010,20001010,20000627,20000606,20110601,0,20001010,"",2019,20201227
"Helmond","H","41","Besloten vennootschap met gewone structuur","6420","Financiële holdings","","","","","","",20000531,20000531,20000627,20000531,20190717,0,0,"",2020,20211210
"Ammerzoden","H","61","Coöperatie","88993","Lokaal welzijnswerk","","","","","","",20000530,20000530,20140412,20000530,20100101,0,0,"",2018,20190604
"Loosbroek","","74","Stichting","93129","Overige buitensport","","","","","","",20000626,20000626,0,0,0,0,0,"",0,0
"Uden","H","41","Besloten vennootschap met gewone structuur","2222","Verv. verpakkingsmiddelen van kunststof","","","","","N","N",20000831,20000831,20000629,20000703,20140101,0,20000831,"",2020,20210421
"Helmond","H","41","Besloten vennootschap met gewone structuur","64303","Beleggingsinst. met beperkte toetreding","70221","Organisatie-adviesbureaus","4618","HB gespecialiseerd in overige goederen","","",20000626,20000626,20000627,20000626,20000626,0,0,"",2019,20211117
"Deurne","H","41","Besloten vennootschap met gewone structuur","6420","Financiële holdings","","","","","N","N",20000627,20000627,20000628,20000627,20050420,0,0,"",2021,20220405
"Eindhoven","H","41","Besloten vennootschap met gewone structuur","6420","Financiële holdings","","","","","","",20000613,20000613,20000629,20000613,20180401,0,0,"",2020,20210412
"Uden","H","41","Besloten vennootschap met gewone structuur","6420","Financiële holdings","","","","","","",20000809,20000809,20000628,20000622,20200101,0,20000809,"",2012,20140203
"Heeswijk-Dinther","H","01","Eenmanszaak","6201","Ontwikkelen/produceren/uitgeven software","","","","","N","N",0,0,20000629,20000701,20101210,0,0,"",0,0
"Eindhoven","","72","Vereniging met beperkte rechtsbevoegdheid","94997","Overige belangenbehartiging (rest)","","","","","","",20000615,0,0,0,0,0,0,"",0,0
"Oss","H","41","Besloten vennootschap met gewone structuur","6201","Ontwikkelen/produceren/uitgeven software","","","","","","",20000818,20000818,20000630,20000707,20020819,0,20000818,"",2020,20211231
"Oss","H","41","Besloten vennootschap met gewone structuur","6420","Financiële holdings","","","","","","",20000818,20000818,20000630,20000707,20140228,0,20000818,"",2020,20220309
"Helvoirt","H","41","Besloten vennootschap met gewone structuur","45112","Handel/rep. personen-/lichte bedr.auto's","6420","Financiële holdings","","","","",20080328,20080328,20000628,20000601,0,0,20080328,"",2020,20210805
"Oss","H","41","Besloten vennootschap met gewone structuur","46694","GH appendages/technische toebehoren e.d.","","","","","","",20000818,20000818,20000630,20000707,20060222,0,20000818,"",2020,20211231
"Dordrecht","H","01","Eenmanszaak","7112","Ingenieurs/overig techn. ontwerp/advies","","","","","","",0,0,20021001,20000201,20030823,0,0,"",0,0
"Beek en Donk","","74","Stichting","88999","Overig maatsch.adv./gemeenschapshuizen","","","","","","",20000627,20000627,0,0,0,0,0,"",0,0
"Zevenhuizen","","71","Vereniging met volledige rechtsbevoegdheid","90011","Beoefening van podiumkunst","","","","","","",19900109,20000628,0,0,0,0,0,"",0,0
"Tilburg","H","41","Besloten vennootschap met gewone structuur","74201","Fotografie","74202","Ontwikkelwinkels","85522","Kunstzinnige vorming voor amateurs","N","N",20000822,20000822,20000330,20000630,20190701,0,20000822,"",2020,20220531
"Eindhoven","H","41","Besloten vennootschap met gewone structuur","64303","Beleggingsinst. met beperkte toetreding","","","","","N","N",20000628,20000628,20000629,20000628,20110728,0,0,"",2018,20190616
"Eindhoven","H","41","Besloten vennootschap met gewone structuur","2829","Verv. ov. machines/apparaten alg.gebruik","","","","","","",20000613,20000613,20000629,20000613,20180401,0,0,"",2020,20210412
"Valkenswaard","","74","Stichting","9002","Dienstverlening voor uitvoerende kunst","","","","","","",20000628,20000628,0,0,0,0,0,"",0,0
"Eindhoven","H","41","Besloten vennootschap met gewone structuur","69204","Belastingconsulenten","","","","","N","N",20020308,20020308,20000630,20000701,20150901,0,20020308,"",2020,20211029
"Roermond","H","41","Besloten vennootschap met gewone structuur","6420","Financiële holdings","","","","","","",20000619,20000619,20190122,20000619,20190101,0,0,"",2021,20220613
"Dieren","","74","Stichting","88993","Lokaal welzijnswerk","","","","","","",20000629,20000629,0,0,0,0,0,"",0,0
"'s-Hertogenbosch","H","41","Besloten vennootschap met gewone structuur","6420","Financiële holdings","","","","","","",20000619,20000619,20000629,20000619,20121022,0,0,"",2020,20211021
"Beek en Donk","H","01","Eenmanszaak","4120","Algemene burgerlijke en utiliteitsbouw","","","","","","",0,0,20000703,20000701,0,0,0,"",0,0
"Beek en Donk","H","01","Eenmanszaak","4120","Algemene burgerlijke en utiliteitsbouw","","","","","","",0,0,20000703,20000701,20010914,0,0,"",0,0
"Ysselsteyn","H","41","Besloten vennootschap met gewone structuur","6420","Financiële holdings","","","","","","",20000529,20000529,20080812,20000529,20080801,0,0,"",2020,20220329
"Bladel","H","41","Besloten vennootschap met gewone structuur","4333","Afwerking van vloeren en wanden","","","","","J","J",20001204,20001204,20180703,20000630,20180701,0,20001204,"",2020,20210720
"Someren","H","11","Vennootschap onder firma","2573","Vervaardiging van gereedschap","","","","","N","N",20040101,0,20000703,20000701,20030715,0,20040101,"",0,0
"Schaijk","H","41","Besloten vennootschap met gewone structuur","6810","Handel in eigen onroerend goed","68204","Verh. onroerend goed (niet v woonruimte)","","","","",20000628,20000628,20000703,20000628,20130716,0,0,"",2020,20211224
"Helmond","H","41","Besloten vennootschap met gewone structuur","6420","Financiële holdings","","","","","N","N",20001012,20001012,20000703,20000701,20160805,0,20001012,"",2021,20220317
"Schaijk","H","41","Besloten vennootschap met gewone structuur","64303","Beleggingsinst. met beperkte toetreding","","","","","","",20001012,20001012,20000703,20000701,20001012,0,20001012,"",2021,20220420
"Vlijmen","H","11","Vennootschap onder firma","4331","Stukadoren","","","","","","",20000703,0,20000703,20000703,20051130,0,0,"",0,0
"Made","H","01","Eenmanszaak","96022","Schoonheidsverzorging/pedi-/manicures","","","","","","",0,0,20071222,20000701,0,0,0,"",0,0
"Wijk en Aalburg","H","01","Eenmanszaak","4120","Algemene burgerlijke en utiliteitsbouw","","","","","","",0,0,20190121,20000701,20190101,0,0,"",0,0
"Berkel-Enschot","H","41","Besloten vennootschap met gewone structuur","70102","Holdings (geen financiële)","","","","","","",20000626,20000626,20000629,20000626,20000708,0,0,"",2018,20200731
"Made","","71","Vereniging met volledige rechtsbevoegdheid","93192","Hengelsport","","","","","","",19720531,0,20071222,0,0,0,0,"",0,0
"Woudrichem","","74","Stichting","9103","Monumentenzorg","","","","","","",20000627,20000627,0,0,0,0,0,"",0,0
"Oisterwijk","H","41","Besloten vennootschap met gewone structuur","70102","Holdings (geen financiële)","","","","","","",20000629,20000629,20000630,20000629,20180611,0,0,"",2020,20210929
"Almkerk","H","11","Vennootschap onder firma","4622","Groothandel in bloemen en planten","","","","","J","J",20000701,0,20000630,19950501,20031013,0,20000701,"",0,0
"Tilburg","H","01","Eenmanszaak","4333","Afwerking van vloeren en wanden","","","","","N","N",0,0,20000630,20000701,0,0,0,"",0,0
"Langweer","H","41","Besloten vennootschap met gewone structuur","70102","Holdings (geen financiële)","","","","","","",20000628,20000628,20160831,19680901,20160823,0,20000628,"",2020,20220102
"Haghorst","H","41","Besloten vennootschap met gewone structuur","6420","Financiële holdings","","","","","N","N",20010328,20010328,20000703,20000703,0,0,20010328,"",2018,20200110
"Tilburg","H","41","Besloten vennootschap met gewone structuur","6831","Bemidd. bij handel/huur/verhuur onr.goed","","","","","","",20050526,20050526,20000703,20000701,0,0,20050526,"",2020,20211001
"Tilburg","H","41","Besloten vennootschap met gewone structuur","3212","Bewerken edelstenen en verv. sieraden","","","","","J","J",20061030,20061030,20061031,20000703,20100101,0,20061030,"",2020,20220106
"Woudrichem","H","41","Besloten vennootschap met gewone structuur","70102","Holdings (geen financiële)","","","","","","",20000925,20000925,20000703,20000531,20141216,0,20000925,"",2020,20211208
"Dongen","H","01","Eenmanszaak","93146","Sportscholen","4651","GH computers, randapparatuur en software","","","J","J",0,0,20000703,20000614,20060531,0,0,"",0,0
"'s-Hertogenbosch","","71","Vereniging met volledige rechtsbevoegdheid","9411","Bedrijfs- en werkgeversorganisaties","","","","","","",20000623,20000623,0,0,0,0,0,"",2016,20170922
"Diessen","","74","Stichting","94997","Overige belangenbehartiging (rest)","","","","","","",20000622,20000622,0,0,0,0,0,"",0,0
"Bergen op Zoom","","71","Vereniging met volledige rechtsbevoegdheid","93142","Zaalsport in teamverband","","","","","","",20000616,20000616,0,0,0,0,0,"",0,0
"Oosterhout","H","41","Besloten vennootschap met gewone structuur","64923","Participatiemaatschappijen","","","","","","",20000829,20000829,20000629,20000622,0,0,20000829,"",2020,20210520
"Bergen op Zoom","","74","Stichting","94997","Overige belangenbehartiging (rest)","","","","","","",20000620,20000620,0,0,0,0,0,"",0,0
"Breda","H","41","Besloten vennootschap met gewone structuur","6831","Bemidd. bij handel/huur/verhuur onr.goed","","","","","N","N",20000531,20000531,20000703,20000531,20070401,0,0,"",2021,20220602
"Ossendrecht","H","41","Besloten vennootschap met gewone structuur","70221","Organisatie-adviesbureaus","","","","","","",20000620,20000620,20000703,20000620,20190522,0,0,"",2020,20211216
"Bergen op Zoom","H","41","Besloten vennootschap met gewone structuur","70221","Organisatie-adviesbureaus","","","","","","",20000620,20000620,20000703,20000620,20060519,0,0,"",2020,20220411
"Breda","","71","Vereniging met volledige rechtsbevoegdheid","94991","Gezelligheidsverenigingen","","","","","","",20000502,20000502,0,0,0,0,0,"",0,0
"Willemstad","H","01","Eenmanszaak","69209","Overige administratiekantoren","70222","Advisering ohgv management/bedrijfsv.","70221","Organisatie-adviesbureaus","","",0,0,20000703,20000701,0,0,0,"",0,0
"Zundert","H","01","Eenmanszaak","2312","Vormen en bewerken van vlakglas","","","","","N","N",0,0,20000703,20000701,0,0,0,"",0,0
"Ulvenhout","H","41","Besloten vennootschap met gewone structuur","64303","Beleggingsinst. met beperkte toetreding","","","","","","",20000623,20000623,20000703,20000623,20080508,0,0,"",2020,20210714
"Goes","","74","Stichting","88999","Overig maatsch.adv./gemeenschapshuizen","","","","","","",20000628,20000628,0,0,0,0,0,"",0,0
"Aagtekerke","H","01","Eenmanszaak","4120","Algemene burgerlijke en utiliteitsbouw","","","","","N","N",0,0,20000630,20000630,0,0,0,"",0,0
"Bruinisse","H","11","Vennootschap onder firma","6202","Advisering ohgv informatietechnologie","6311","Gegevensverw./webhosting/aanverw. activ.","6201","Ontwikkelen/produceren/uitgeven software","N","N",20000701,0,20000630,20000701,20070118,0,0,"",0,0
"Zierikzee","H","41","Besloten vennootschap met gewone structuur","45112","Handel/rep. personen-/lichte bedr.auto's","","","","","N","N",20000629,20000629,20000703,19430601,0,0,20000629,"",2020,20211223
"Krimpen aan den IJssel","H","01","Eenmanszaak","4711","Supermarkten e.d. winkels alg.ass.v.gm.","","","","","N","N",0,0,20000703,19970101,0,0,20000702,"",0,0
"Rotterdam","","74","Stichting","93144","Bowlen, kegelen, biljarten e.d.","","","","","","",20000627,20000627,0,0,0,0,0,"",0,0
"Brielle","H","01","Eenmanszaak","9523","Reparatie van schoenen en lederwaren","47521","Winkels in ijzerwaren en gereedschappen","","","N","N",0,0,20000630,19750131,0,0,20000630,"",0,0
"Sliedrecht","H","01","Eenmanszaak","6621","Risicoanalisten en schadetaxateurs","7490","Overige special. zakelijke dienstverl.","","","N","N",0,0,20000630,20000701,20160504,0,0,"",0,0
"Hardinxveld-Giessendam","H","01","Eenmanszaak","43992","Vlechten van betonstaal","4120","Algemene burgerlijke en utiliteitsbouw","","","","",0,0,20000629,20000626,20060130,0,0,"",0,0
"Bleskensgraaf ca","H","01","Eenmanszaak","4120","Algemene burgerlijke en utiliteitsbouw","0161","Dienstverl. akker- en/of tuinbouw","46699","GH ov.mach./app./toeb. ind./handel","N","N",0,0,20000629,20000701,20050204,0,0,"",0,0
"Ulvenhout","","71","Vereniging met volledige rechtsbevoegdheid","2511","Verv. metalen constr.werken/delen ervan","","","","","","",20000606,20000606,0,0,0,0,0,"",0,0
"Rotterdam","","74","Stichting","69209","Overige administratiekantoren","","","","","","",20000627,20000627,0,0,0,0,0,"",0,0
"Klein Zundert","H","01","Eenmanszaak","85592","Bedrijfsopleiding en -training","","","","","N","N",0,0,20081030,20000701,20081001,0,0,"",0,0
"Schoonoord","H","41","Besloten vennootschap met gewone structuur","64923","Participatiemaatschappijen","6810","Handel in eigen onroerend goed","52242","Laad-/los-/oversl.ac. niet voor zeevaart","N","N",20001201,20001201,20050901,20000701,20050901,0,20001201,"",2020,20220325
"Rotterdam","H","41","Besloten vennootschap met gewone structuur","6420","Financiële holdings","","","","","N","N",20000628,20000628,20000630,20000628,20130102,0,0,"",2018,20191209
"Waddinxveen","H","01","Eenmanszaak","8121","Interieurreiniging van gebouwen","88101","Thuiszorg","","","N","N",0,0,20000630,20000701,20180206,0,0,"",0,0
"Ridderkerk","H","41","Besloten vennootschap met gewone structuur","6420","Financiële holdings","","","","","N","N",20000628,20000628,20000630,20000628,0,0,0,"",2018,20191206
"Maassluis","H","41","Besloten vennootschap met gewone structuur","6420","Financiële holdings","","","","","N","N",20071130,20071130,20000630,20000630,20180531,0,20071130,"",2020,20211116
"Berkel en Rodenrijs","H","41","Besloten vennootschap met gewone structuur","31011","Interieurbouw","","","","","N","N",20060531,20060531,20090619,20000701,20090501,0,20060531,"",2021,20220504
"Rotterdam","H","41","Besloten vennootschap met gewone structuur","6420","Financiële holdings","","","","","N","N",20000501,20000501,20000630,20000501,20000911,0,0,"",2020,20210625
"Rotterdam","H","41","Besloten vennootschap met gewone structuur","64301","Beleggingsinstell. in financiële activa","","","","","N","N",20001017,20001017,20000630,20000101,20130927,0,20001017,"",2016,20171103
"Rotterdam","H","41","Besloten vennootschap met gewone structuur","68204","Verh. onroerend goed (niet v woonruimte)","","","","","N","N",20000627,20000627,20000630,20000701,20111201,0,0,"",2021,20220609
"Dirksland","H","01","Eenmanszaak","6201","Ontwikkelen/produceren/uitgeven software","7311","Reclamebureaus","1413","Vervaardiging van overige bovenkleding","N","N",0,0,20000630,20000701,20171201,0,0,"",0,0
"Rotterdam","H","41","Besloten vennootschap met gewone structuur","7311","Reclamebureaus","78202","Uitleenbureaus","46901","Niet-gespec. GH in consumentenartikelen","N","N",20001023,20001023,20000630,20000701,20130901,0,20001023,"",2020,20210715
"Hellevoetsluis","H","41","Besloten vennootschap met gewone structuur","6420","Financiële holdings","","","","","N","N",20000628,20000628,20000703,20000628,20131014,0,0,"",2020,20211122
"Vlaardingen","H","41","Besloten vennootschap met gewone structuur","6420","Financiële holdings","","","","","N","N",20000628,20000628,20000703,20000628,20060601,0,0,"",2020,20220207
"Vlaardingen","H","41","Besloten vennootschap met gewone structuur","6420","Financiële holdings","","","","","N","N",20000628,20000628,20160302,20000628,20160301,0,0,"",2020,20220207
"Lopik","H","41","Besloten vennootschap met gewone structuur","45202","Bandenservicebedrijven","45312","Groothandel/handelsbemiddeling in banden","","","N","N",20000619,20000619,20210128,20000619,20201214,0,0,"",2019,20200417
"Berkel en Rodenrijs","H","41","Besloten vennootschap met gewone structuur","6420","Financiële holdings","","","","","N","N",20000628,20000628,20190123,20000628,20190114,0,0,"",2021,20220414
"Schoonhoven","H","01","Eenmanszaak","9003","Schrijven en overige scheppende kunst","","","","","","",0,0,20000703,20000703,20050217,0,0,"",0,0
"Poeldijk","H","41","Besloten vennootschap met gewone structuur","46311","Groothandel in groenten en fruit","","","","","J","J",20000908,20000908,20020912,20000626,20020910,0,20000908,"",2021,20220317
"Mijnsheerenland","H","01","Eenmanszaak","9003","Schrijven en overige scheppende kunst","","","","","","",0,0,20000703,20000101,20161020,0,0,"",0,0
"Rotterdam","H","01","Eenmanszaak","4332","Bouwtimmeren","","","","","N","N",0,0,20000703,20000703,0,0,0,"",0,0
"Gouda","H","01","Eenmanszaak","4334","Schilderen en glaszetten","","","","","N","N",0,0,20000703,20000703,0,0,0,"",0,0
"Rotterdam","H","41","Besloten vennootschap met gewone structuur","6420","Financiële holdings","","","","","N","N",20010214,20010214,20000703,20000701,20141219,0,20010214,"",2020,20210712
"Spijkenisse","H","41","Besloten vennootschap met gewone structuur","59111","Prod. films (geen televisiefilms)","","","","","N","N",20000925,20000925,20000703,20000701,20091203,0,20000925,"",2020,20220330
"Capelle aan den IJssel","H","41","Besloten vennootschap met gewone structuur","6420","Financiële holdings","","","","","N","N",20000630,20000630,20000703,20000630,20020901,0,0,"",2021,20220519
"Reeuwijk","H","01","Eenmanszaak","96022","Schoonheidsverzorging/pedi-/manicures","","","","","","",0,0,20000703,20000101,0,0,0,"",0,0
"Capelle aan den IJssel","H","01","Eenmanszaak","7911","Reisbemiddeling","","","","","N","N",0,0,20000703,20000703,20191105,0,0,"",0,0
"Maasland","H","01","Eenmanszaak","4333","Afwerking van vloeren en wanden","","","","","N","N",0,0,20180716,20000710,20180714,0,0,"",0,0
"Zevenhuizen","H","41","Besloten vennootschap met gewone structuur","6420","Financiële holdings","","","","","","",20001006,20001006,20000703,20000101,20180831,0,20001006,"",2019,20210818
"Rotterdam","H","01","Eenmanszaak","59111","Prod. films (geen televisiefilms)","7112","Ingenieurs/overig techn. ontwerp/advies","","","N","N",0,0,20000703,20000703,20141117,0,0,"",0,0
"Rotterdam","H","41","Besloten vennootschap met gewone structuur","64303","Beleggingsinst. met beperkte toetreding","6420","Financiële holdings","","","N","N",20001004,20001004,20000703,20000701,20120329,0,20001004,"",2020,20210916
"Elshout","H","41","Besloten vennootschap met gewone structuur","6420","Financiële holdings","","","","","","",20000628,20000628,20160704,19900327,20180904,0,20000629,"",2020,20210730
"Rotterdam","H","01","Eenmanszaak","6201","Ontwikkelen/produceren/uitgeven software","","","","","N","N",0,0,20000703,20000703,20180901,0,0,"",0,0
"Halsteren","H","11","Vennootschap onder firma","3030","Verv. vliegtuigen en onderdelen daarvoor","","","","","N","N",20000501,0,20150729,20000501,20150727,0,0,"",0,0
"Dordrecht","","74","Stichting","6420","Financiële holdings","","","","","","",20000629,20000629,0,0,0,0,0,"",0,0
"Dordrecht","","74","Stichting","9002","Dienstverlening voor uitvoerende kunst","","","","","","",20000628,20000628,0,0,0,0,0,"",0,0
"Delft","","72","Vereniging met beperkte rechtsbevoegdheid","94992","Hobbyclubs","","","","","","",19990901,0,0,0,0,0,0,"",0,0
"Rijswijk","H","41","Besloten vennootschap met gewone structuur","70221","Organisatie-adviesbureaus","6420","Financiële holdings","78202","Uitleenbureaus","N","N",20000912,20000912,20000627,20000620,20110801,0,20000912,"",2020,20211012
"Nieuwegein","","71","Vereniging met volledige rechtsbevoegdheid","70222","Advisering ohgv management/bedrijfsv.","","","","","","",20000622,20000622,0,0,0,0,0,"",0,0
"Houten","","71","Vereniging met volledige rechtsbevoegdheid","94997","Overige belangenbehartiging (rest)","","","","","","",20000616,20000616,0,0,0,0,0,"",0,0
"'s-Gravenhage","","71","Vereniging met volledige rechtsbevoegdheid","94997","Overige belangenbehartiging (rest)","","","","","","",20000620,20000620,0,0,0,0,0,"",0,0
"'s-Gravenhage","","74","Stichting","66191","Admin.kantoren voor aandelen/obligaties","","","","","","",20000607,20000607,0,0,0,0,0,"",0,0
"'s-Gravenhage","H","41","Besloten vennootschap met gewone structuur","68204","Verh. onroerend goed (niet v woonruimte)","","","","","N","N",20000627,20000627,20000628,20000627,0,0,0,"",2020,20211227
"Rijswijk","H","41","Besloten vennootschap met gewone structuur","70221","Organisatie-adviesbureaus","","","","","N","N",20001003,20001003,20001010,20000620,20110725,0,20001003,"",2020,20211012
"Diemen","H","41","Besloten vennootschap met gewone structuur","4321","Elektrotechnische bouwinstallatie","","","","","N","N",20001002,20001002,20070816,20000626,20070813,0,20001002,"",2021,20220614
"'s-Gravenhage","H","01","Eenmanszaak","86919","Overige paramedische praktijken","","","","","N","N",0,0,20000630,20000630,20020323,0,0,"",0,0
"Duivendrecht","H","41","Besloten vennootschap met gewone structuur","9002","Dienstverlening voor uitvoerende kunst","7112","Ingenieurs/overig techn. ontwerp/advies","5912","Facilitaire activ. voor film-/tv-prod.","N","N",20000831,20000831,20010405,20000626,20110921,0,20000831,"",2021,20220613
"'s-Gravenhage","H","41","Besloten vennootschap met gewone structuur","6420","Financiële holdings","","","","","N","N",20000717,20000717,20000630,20000630,20170906,0,20000717,"",2020,20211110
"Bosschenhoofd","H","41","Besloten vennootschap met gewone structuur","6420","Financiële holdings","","","","","N","N",20000628,20000628,20080201,20000628,20080122,0,0,"",2020,20220207
"'s-Gravenhage","H","41","Besloten vennootschap met gewone structuur","55102","Hotels (geen hotel-rest.)/pens./conf.o.","","","","","N","N",20000717,20000717,20000630,19830308,20000901,0,20000901,"",2019,20210218
"'s-Gravenhage","H","01","Eenmanszaak","5630","Cafés","","","","","N","N",0,0,20060803,19840924,0,0,20060802,"",0,0
"Bilthoven","H","41","Besloten vennootschap met gewone structuur","70102","Holdings (geen financiële)","","","","","N","N",20001106,20001106,20210503,20000701,20210501,0,20001106,"",2020,20220118
"Bilthoven","H","41","Besloten vennootschap met gewone structuur","7112","Ingenieurs/overig techn. ontwerp/advies","78202","Uitleenbureaus","","","N","N",20001106,20001106,20211026,20000701,20210901,0,20001106,"",2020,20220118
"'s-Gravenhage","H","01","Eenmanszaak","70221","Organisatie-adviesbureaus","","","","","N","N",0,0,20000703,20000703,20110601,0,0,"",0,0
"'s-Gravenhage","H","01","Eenmanszaak","43221","Loodg.- en fitterswerk; inst. sanitair","","","","","N","N",0,0,20000703,20000701,20031202,0,0,"",0,0
"Monster","H","01","Eenmanszaak","96021","Haarverzorging","","","","","N","N",0,0,20000703,20000701,0,0,0,"",0,0
"Pijnacker","H","01","Eenmanszaak","55102","Hotels (geen hotel-rest.)/pens./conf.o.","","","","","N","N",0,0,20000703,20000701,20200401,0,0,"",0,0
"'s-Gravenhage","H","11","Vennootschap onder firma","70221","Organisatie-adviesbureaus","68204","Verh. onroerend goed (niet v woonruimte)","","","N","N",20000701,0,20000703,20000701,0,0,0,"",0,0
"Monster","H","01","Eenmanszaak","93112","Sporthallen, sportzalen en gymzalen","56101","Restaurants","","","N","N",0,0,20000703,19860103,0,0,20000701,"",0,0
"Utrecht","N","41","Besloten vennootschap met gewone structuur","78201","Uitzendbureaus","","","","","N","N",19731101,19731101,20000629,20000601,20180522,0,0,"",2020,20210927
"Sassenheim","H","01","Eenmanszaak","4332","Bouwtimmeren","","","","","N","N",0,0,20000629,20000629,20091201,0,0,"",0,0
"Katwijk","H","51","Naamloze vennootschap met gewone structuur","6420","Financiële holdings","78202","Uitleenbureaus","","","N","N",20000718,20000718,20000719,20000629,20030820,0,20000718,"",2020,20220302
"Lisse","H","41","Besloten vennootschap met gewone structuur","6420","Financiële holdings","","","","","N","N",20000627,20000627,20000630,20000627,0,0,0,"",2021,20220527
"Lisse","H","41","Besloten vennootschap met gewone structuur","69201","Registeraccountants","","","","","N","N",20000627,20000627,20000630,19930701,20170201,0,20000627,"",2021,20220527
"Alphen aan den Rijn","","74","Stichting","88999","Overig maatsch.adv./gemeenschapshuizen","","","","","","",20000525,0,0,0,0,0,0,"",0,0
"Noordwijk","H","01","Eenmanszaak","70221","Organisatie-adviesbureaus","","","","","N","N",0,0,20000630,20000701,20190401,0,0,"",0,0
"Leiden","H","41","Besloten vennootschap met gewone structuur","70102","Holdings (geen financiële)","","","","","N","N",20000627,20000627,20000703,20000627,0,0,0,"",2020,20220131
"Wesepe","","74","Stichting","94911","Religieuze organisaties","","","","","","",20000614,20000614,0,0,0,0,0,"",0,0
"Utrecht","","71","Vereniging met volledige rechtsbevoegdheid","94997","Overige belangenbehartiging (rest)","","","","","","",20000609,20000609,0,0,0,0,0,"",0,0
"Amsterdam","H","41","Besloten vennootschap met gewone structuur","59112","Productie van televisieprogramma's","90012","Producenten van podiumkunst","","","N","N",20000628,20000628,20051213,20000401,20170925,0,20000628,"",2020,20210730
"Schoonrewoerd","","74","Stichting","94911","Religieuze organisaties","94996","Overige ideële organisaties (rest)","","","","",20000616,20000616,20171206,0,0,0,0,"",0,0
"Abcoude","H","41","Besloten vennootschap met gewone structuur","66191","Admin.kantoren voor aandelen/obligaties","","","","","","",20000628,20000628,20000630,20000628,20050124,0,0,"",2019,20210722
"Leusden","H","41","Besloten vennootschap met gewone structuur","66191","Admin.kantoren voor aandelen/obligaties","","","","","","",20000622,20000622,20180824,20000622,20180813,0,0,"",2019,20211118
"Schiedam","","74","Stichting","88999","Overig maatsch.adv./gemeenschapshuizen","","","","","","",20000616,20000616,0,0,0,0,0,"",0,0
"Heemstede","H","41","Besloten vennootschap met gewone structuur","9002","Dienstverlening voor uitvoerende kunst","6420","Financiële holdings","","","N","N",20000725,20000725,20051213,20000630,20051120,0,20000725,"",2020,20220107
"Rozendaal","H","01","Eenmanszaak","7500","Veterinaire dienstverlening","","","","","","",0,0,20100310,20000501,20220331,0,0,"",0,0
"Amsterdam","H","41","Besloten vennootschap met gewone structuur","6420","Financiële holdings","","","","","","",20000629,20000629,20170404,20000629,20170403,0,0,"",2020,20210331
"Utrecht","H","41","Besloten vennootschap met gewone structuur","70102","Holdings (geen financiële)","70221","Organisatie-adviesbureaus","","","","",20021122,20021122,20000630,20000301,20200201,0,20021122,"",2020,20211207
"Veenendaal","H","01","Eenmanszaak","47761","Winkels bloemen/planten/zaden/tuinbenod.","","","","","","",0,0,20000630,20000630,20180212,0,0,"",0,0
"Houten","","74","Stichting","66191","Admin.kantoren voor aandelen/obligaties","","","","","","",20000614,20000614,0,0,0,0,0,"",0,0
"Veenendaal","H","01","Eenmanszaak","1813","Prepress- en premedia-activiteiten","4334","Schilderen en glaszetten","","","","",0,0,20000703,20000101,20020913,0,0,"",0,0
"Nieuwegein","H","41","Besloten vennootschap met gewone structuur","74103","Interieur- en ruimtelijk ontwerp","31012","Vervaardiging van bedrijfsmeubels","","","J","J",20080526,20080526,20000703,20000703,20180410,0,20080526,"",2020,20211216
"Utrecht","H","01","Eenmanszaak","4120","Algemene burgerlijke en utiliteitsbouw","","","","","","",0,0,20000703,20000703,20140815,0,0,"",0,0
"Utrecht","H","01","Eenmanszaak","7430","Vertalers en tolken","","","","","","",0,0,20000703,20000701,0,0,0,"",0,0
"Amsterdam","H","11","Vennootschap onder firma","4110","Projectontwikkeling","","","","","","",19991202,0,20180129,19991202,20180129,0,0,"",0,0
"Loosdrecht","H","01","Eenmanszaak","4120","Algemene burgerlijke en utiliteitsbouw","","","","","","",0,0,20000630,20000630,20220115,0,0,"",0,0
"Blaricum","H","01","Eenmanszaak","4120","Algemene burgerlijke en utiliteitsbouw","","","","","","",0,0,20000630,20000701,20171231,0,0,"",0,0
"Lage Vuursche","","74","Stichting","70222","Advisering ohgv management/bedrijfsv.","","","","","","",19990305,19990305,0,0,0,0,0,"",0,0
"Soest","H","01","Eenmanszaak","4334","Schilderen en glaszetten","4120","Algemene burgerlijke en utiliteitsbouw","","","","",0,0,20000630,20000701,20140427,0,0,"",0,0
"Laren","H","01","Eenmanszaak","56101","Restaurants","5630","Cafés","","","","",0,0,20000630,19800601,20000901,0,20030101,"",0,0
"Leidschendam","H","41","Besloten vennootschap met gewone structuur","6201","Ontwikkelen/produceren/uitgeven software","78202","Uitleenbureaus","","","","",20000927,20000927,20210906,20000630,20210828,0,20000927,"",2018,20191227
"Hoevelaken","","74","Stichting","88999","Overig maatsch.adv./gemeenschapshuizen","","","","","","",20000614,20000614,0,0,0,0,0,"",0,0
"Amersfoort","","71","Vereniging met volledige rechtsbevoegdheid","9492","Politieke organisaties","","","","","","",20000531,20000531,0,0,0,0,0,"",0,0
"Huizen","H","01","Eenmanszaak","9003","Schrijven en overige scheppende kunst","4120","Algemene burgerlijke en utiliteitsbouw","74201","Fotografie","","",0,0,20180308,19980901,20171222,0,0,"",0,0
"Soesterberg","H","41","Besloten vennootschap met gewone structuur","4614","HB mach./techn.ben./schepen/vliegtuigen","","","","","J","J",20010221,20010221,20000630,20000627,20161107,0,20010221,"",2020,20220110
"Huizen","H","01","Eenmanszaak","4120","Algemene burgerlijke en utiliteitsbouw","","","","","","",0,0,20000630,20000701,20201214,0,0,"",0,0
"Voorthuizen","H","41","Besloten vennootschap met gewone structuur","6420","Financiële holdings","","","","","N","N",20000626,20000626,20050101,20000626,20050101,0,0,"",2020,20211020
"Amersfoort","H","11","Vennootschap onder firma","47293","Winkels in buitenlandse voedingsmiddelen","56102","Fastfoodrest, cafet, ijssal, eetkr e.d.","","","N","N",20000701,0,20000703,19930316,0,0,20000701,"",0,0
"Nijkerk","H","01","Eenmanszaak","8130","Landschapsverzorging","","","","","","",0,0,20000703,20000703,0,0,0,"",0,0
"Huizen","H","01","Eenmanszaak","96022","Schoonheidsverzorging/pedi-/manicures","","","","","","",0,0,20000703,20000701,0,0,0,"",0,0
"Wijk bij Duurstede","H","01","Eenmanszaak","96022","Schoonheidsverzorging/pedi-/manicures","","","","","N","N",0,0,20131205,20000601,20131122,0,0,"",0,0
"Deventer","H","01","Eenmanszaak","86919","Overige paramedische praktijken","88101","Thuiszorg","","","N","N",0,0,20050801,20000614,20200801,0,0,"",0,0
"Baarn","H","11","Vennootschap onder firma","47782","Winkels in optische artikelen","","","","","","",20000703,0,20000703,20000703,20001007,0,0,"",0,0
"Diemen","H","41","Besloten vennootschap met gewone structuur","7021","Adviesbureaus publ. relations en comm.","85592","Bedrijfsopleiding en -training","","","N","N",20000623,20000623,20151211,20000623,20151201,0,0,"",2020,20220113
"'s-Gravenhage","H","41","Besloten vennootschap met gewone structuur","69102","Rechtskundige adviesbureaus","7490","Overige special. zakelijke dienstverl.","","","N","N",20000623,20000623,20130701,20000623,20180531,0,0,"",2021,20220531
"Hoofddorp","H","41","Besloten vennootschap met gewone structuur","6420","Financiële holdings","","","","","N","N",20000628,20000628,20000630,20000628,20180926,0,0,"",2021,0
"Hoofddorp","H","41","Besloten vennootschap met gewone structuur","6420","Financiële holdings","","","","","N","N",20000628,20000628,20000630,20000628,20180926,0,0,"",2021,0
"Uitgeest","H","41","Besloten vennootschap met gewone structuur","70222","Advisering ohgv management/bedrijfsv.","","","","","N","N",20050617,20050617,20000630,20000701,20200128,0,20050617,"",2020,20210526
"Berkhout","H","41","Besloten vennootschap met gewone structuur","6420","Financiële holdings","47763","Winkels dier(benodigdhed)en/hengelsp.art","01499","Fokken en houden van overige dieren","N","N",20000825,20000825,20190116,20000601,20190113,0,20000825,"",2020,20211221
"'s-Graveland","H","41","Besloten vennootschap met gewone structuur","6420","Financiële holdings","","","","","N","N",20000921,20000921,20030724,20000501,20191101,0,20000921,"",2017,20190314
"Kortenhoef","H","41","Besloten vennootschap met gewone structuur","6420","Financiële holdings","","","","","N","N",20000825,20000825,20200825,20000601,20200824,0,20000825,"",2020,20220105
"Heemstede","H","11","Vennootschap onder firma","68204","Verh. onroerend goed (niet v woonruimte)","6832","Beheer van onroerend goed","","","N","N",20000616,0,20000630,20000616,20200721,0,0,"",0,0
"Amstelveen","H","41","Besloten vennootschap met gewone structuur","6203","Beheer van computerfaciliteiten","78202","Uitleenbureaus","6209","Ov. dienstv. act. ohgv informatietechn.","N","N",20080530,20080530,20000630,20000701,0,0,20080530,"",2020,20210802
"Waddinxveen","H","01","Eenmanszaak","69203","Boekhoudkantoren","","","","","N","N",0,0,20010622,20000301,20160101,0,20080901,"",0,0
"Amsterdam","H","41","Besloten vennootschap met gewone structuur","6420","Financiële holdings","","","","","N","N",20000620,20000620,20000630,20000620,0,0,0,"",2020,20211030
"Bloemendaal","","74","Stichting","94993","Steunfondsen (niet ohgv welzijnszorg)","","","","","","",20000626,20000626,0,0,0,0,0,"",0,0
"Amstelveen","H","41","Besloten vennootschap met gewone structuur","93195","Organiseren van sportevenementen","7320","Markt- en opinieonderzoekbureaus","","","N","N",20000918,20000918,20000630,20000601,20111107,0,20000918,"",2020,20211111
"Amsterdam","H","01","Eenmanszaak","4333","Afwerking van vloeren en wanden","","","","","N","N",0,0,20000630,20000703,20160101,0,0,"",0,0
"Amsterdam","H","11","Vennootschap onder firma","7810","Arbeidsbemiddeling","","","","","N","N",20080101,0,20000630,20000630,20220601,0,20080101,"",0,0
"Amsterdam","H","41","Besloten vennootschap met gewone structuur","6202","Advisering ohgv informatietechnologie","6201","Ontwikkelen/produceren/uitgeven software","","","N","N",20000606,20000606,20000630,20000606,20120312,0,0,"",2020,20220125
"4464309 Kfar Saba","H","41","Besloten vennootschap met gewone structuur","6420","Financiële holdings","","","","","N","N",20000629,20000629,20160613,20000629,20160101,0,0,"",2020,20220318
"Rotterdam","H","41","Besloten vennootschap met gewone structuur","4651","GH computers, randapparatuur en software","","","","","J","N",20000629,20000629,20201201,20000629,20201201,0,0,"",2020,20210819
"Badhoevedorp","H","41","Besloten vennootschap met gewone structuur","70221","Organisatie-adviesbureaus","","","","","N","N",20000907,20000907,20000630,20000701,20040701,0,20000907,"",2020,20210603
"Woerden","H","41","Besloten vennootschap met gewone structuur","46421","Groothandel in bovenkleding","","","","","J","J",20050530,20050530,20071018,20000630,20201116,0,20050530,"",2019,20210526
"Eindhoven","H","41","Besloten vennootschap met gewone structuur","72192","Technisch speur- en ontwikkelingswerk","","","","","J","J",20000619,20000619,20020819,20000619,20020809,0,0,"",2018,20200226
"Hoofddorp","H","01","Eenmanszaak","91022","Kunstgalerieën en -expositieruimten","9003","Schrijven en overige scheppende kunst","","","N","N",0,0,20000630,20000630,20100701,0,0,"",0,0
"Roermond","H","41","Besloten vennootschap met gewone structuur","4110","Projectontwikkeling","","","","","N","N",20000630,20000630,20050419,20000630,20050301,0,0,"",2020,20210701
"Hoofddorp","H","41","Besloten vennootschap met gewone structuur","70221","Organisatie-adviesbureaus","43221","Loodg.- en fitterswerk; inst. sanitair","78201","Uitzendbureaus","N","N",20000630,20000630,20000703,20000630,20180416,0,0,"",2021,0
"Utrecht","","71","Vereniging met volledige rechtsbevoegdheid","64303","Beleggingsinst. met beperkte toetreding","","","","","","",20000301,20070604,0,0,0,0,0,"",0,0
"Badhoevedorp","H","41","Besloten vennootschap met gewone structuur","70222","Advisering ohgv management/bedrijfsv.","","","","","N","N",20000627,20000627,20000703,20000627,20080402,0,0,"",2020,20220117
"Soest","H","41","Besloten vennootschap met gewone structuur","4110","Projectontwikkeling","6810","Handel in eigen onroerend goed","68203","Verhuur van overige woonruimte","N","N",20010530,20010530,20160610,20000701,20160601,0,20010530,"",2017,20220530
"Duivendrecht","H","41","Besloten vennootschap met gewone structuur","45112","Handel/rep. personen-/lichte bedr.auto's","45204","Carrosserieherstel","","","N","N",20000621,20000621,20000703,20000621,20000621,0,0,"",2020,20220317
"Schiphol-Rijk","H","41","Besloten vennootschap met gewone structuur","6201","Ontwikkelen/produceren/uitgeven software","6202","Advisering ohgv informatietechnologie","6209","Ov. dienstv. act. ohgv informatietechn.","N","N",20001208,20001208,20000703,20000701,20050701,0,20001208,"",2021,20220519
"Amstelveen","H","11","Vennootschap onder firma","56101","Restaurants","","","","","N","N",20000629,0,20000703,20000629,0,0,0,"",0,0
"Amsterdam","H","01","Eenmanszaak","4332","Bouwtimmeren","","","","","N","N",0,0,20000703,20000707,0,0,0,"",0,0
"Venlo","H","01","Eenmanszaak","4120","Algemene burgerlijke en utiliteitsbouw","","","","","N","N",0,0,20080326,20000101,20170501,0,0,"",0,0
"Velsen-Zuid","H","01","Eenmanszaak","7311","Reclamebureaus","","","","","N","N",0,0,20000703,20000701,20161201,0,0,"",0,0
"Haarlem","H","41","Besloten vennootschap met gewone structuur","6420","Financiële holdings","","","","","N","N",20010328,20010328,20000703,20000701,20090409,0,20010328,"",2020,20210502
"Amsterdam","H","01","Eenmanszaak","6201","Ontwikkelen/produceren/uitgeven software","6312","Webportals","","","N","N",0,0,20110729,20000703,20171101,0,0,"",0,0
"Hoofddorp","H","41","Besloten vennootschap met gewone structuur","7810","Arbeidsbemiddeling","70221","Organisatie-adviesbureaus","","","N","N",20051229,20051229,20000703,20000603,20131101,0,20051229,"",2021,20220519
"Amsterdam","H","41","Besloten vennootschap met gewone structuur","59111","Prod. films (geen televisiefilms)","59112","Productie van televisieprogramma's","5912","Facilitaire activ. voor film-/tv-prod.","N","N",20000919,20000919,20000703,20000703,20170501,0,20000919,"",2020,20210605
"Enkhuizen","H","41","Besloten vennootschap met gewone structuur","6420","Financiële holdings","","","","","N","N",20000622,20000622,20000626,20000622,20080223,0,0,"",2020,20210706
"Nieuwe Niedorp","","71","Vereniging met volledige rechtsbevoegdheid","94991","Gezelligheidsverenigingen","","","","","","",20000621,20000621,0,0,0,0,0,"",0,0
"Amsterdam","","74","Stichting","9103","Monumentenzorg","","","","","","",20000620,20000620,20210505,0,0,0,0,"",0,0
"Middenmeer","H","01","Eenmanszaak","4329","Overige bouwinstallatie","8121","Interieurreiniging van gebouwen","","","N","N",0,0,20000629,20000620,20110502,0,0,"",0,0
"Bergen (NH)","","71","Vereniging met volledige rechtsbevoegdheid","94997","Overige belangenbehartiging (rest)","","","","","","",20000630,20000630,0,0,0,0,0,"",0,0
"Castricum","H","01","Eenmanszaak","4334","Schilderen en glaszetten","4332","Bouwtimmeren","","","N","N",0,0,20000703,20000703,20040409,0,0,"",0,0
"Purmerend","H","01","Eenmanszaak","96021","Haarverzorging","","","","","","",0,0,20000703,20000703,0,0,0,"",0,0
"Almere","H","41","Besloten vennootschap met gewone structuur","6420","Financiële holdings","","","","","N","N",20000627,20000627,20000629,20000627,20190515,0,0,"",2020,20210323
"Almere","","71","Vereniging met volledige rechtsbevoegdheid","94997","Overige belangenbehartiging (rest)","","","","","","",19990101,20000627,0,0,0,0,0,"",0,0
"Urk","H","41","Besloten vennootschap met gewone structuur","4110","Projectontwikkeling","6832","Beheer van onroerend goed","","","N","N",20010612,20010612,20000629,20000626,0,0,20010612,"",2021,20220523
"Dronten","H","01","Eenmanszaak","47641","Winkels in fietsen en bromfietsen","","","","","J","J",0,0,20000629,20000404,20100527,0,20090117,"",0,0
"Oss","H","41","Besloten vennootschap met gewone structuur","6420","Financiële holdings","","","","","","",20000922,20000922,20130702,20000601,20130402,0,20000922,"",2016,20170406
"Amsterdam","H","41","Besloten vennootschap met gewone structuur","6420","Financiële holdings","","","","","N","N",20000628,20000628,20000802,20000628,20000802,0,0,"",2020,20220211
"Almere","H","01","Eenmanszaak","4321","Elektrotechnische bouwinstallatie","","","","","N","N",0,0,20000703,20000703,0,0,0,"",0,0
"Balk","","71","Vereniging met volledige rechtsbevoegdheid","90011","Beoefening van podiumkunst","","","","","","",19830406,20000626,0,0,0,0,0,"",0,0
"Leeuwarden","H","01","Eenmanszaak","8553","Auto- en motorrijscholen","","","","","","",0,0,20000704,20000601,0,0,0,"",0,0
"Luinjeberd","","74","Stichting","88993","Lokaal welzijnswerk","","","","","","",20000628,20000628,0,0,0,0,0,"",0,0
"Rotsterhaule","H","11","Vennootschap onder firma","01303","Teelt van perkplanten onder glas","8130","Landschapsverzorging","","","","",20000701,0,20000703,19560200,20050801,0,20000701,"",0,0
"Leeuwarden","H","41","Besloten vennootschap met gewone structuur","70102","Holdings (geen financiële)","","","","","N","N",20000531,20000531,20000704,19381001,20220101,0,20000531,"",2020,20220527
"Groningen","H","11","Vennootschap onder firma","96021","Haarverzorging","4775","Winkels in parfums en cosmetica","6499","Overige financiële intermediatie","N","N",20100101,0,20000704,19990501,20010301,0,20100101,"",0,0
"Harkstede","H","41","Besloten vennootschap met gewone structuur","69202","Accountants-administratieconsulenten","78202","Uitleenbureaus","","","N","N",20010131,20010131,20000704,20000701,20040124,0,20010131,"",2021,20220514
"Ommen","H","11","Vennootschap onder firma","3212","Bewerken edelstenen en verv. sieraden","4777","Winkels in juweliersartikelen/uurwerken","","","N","N",19901201,0,20001113,20000701,20210501,0,0,"",0,0
"Zwolle","H","41","Besloten vennootschap met gewone structuur","70102","Holdings (geen financiële)","","","","","","",20000526,20000526,20000602,20000526,20190802,0,0,"",2020,20220107
"Hoenderloo","H","41","Besloten vennootschap met gewone structuur","6622","Assurantietussenpersonen","","","","","N","N",20000616,20000616,20120710,20000616,20120701,0,0,"",2006,20070822
"Rijswijk","H","41","Besloten vennootschap met gewone structuur","71202","Keuring/controle mach./app./materialen","","","","","N","J",20000628,20000628,20090113,20000628,0,0,0,"",2020,0
"Enschede","","71","Vereniging met volledige rechtsbevoegdheid","94991","Gezelligheidsverenigingen","","","","","","",19901003,20000620,0,0,0,0,0,"",0,0
"Eindhoven","H","41","Besloten vennootschap met gewone structuur","2825","Verv. apparaten industriële koeltechniek","7112","Ingenieurs/overig techn. ontwerp/advies","","","","",20000630,20000630,20000714,20000630,20010817,0,0,"",2021,0
"Enschede","N","74","Stichting","87902","Maatschappelijk opvang met overnachting","","","","","N","N",20000630,20000630,20130904,20110706,20110706,0,0,"",2020,20210616
"Barneveld","H","41","Besloten vennootschap met gewone structuur","6201","Ontwikkelen/produceren/uitgeven software","6202","Advisering ohgv informatietechnologie","","","J","N",20010605,20010605,20000703,20000701,20101113,0,20010605,"",2021,20220502
"Apeldoorn","H","01","Eenmanszaak","7311","Reclamebureaus","85599","Studiebegeleiding/vorming/onderwijs","","","N","N",0,0,20000703,20000601,0,0,0,"",0,0
"Harbrinkhoek","H","41","Besloten vennootschap met gewone structuur","4645","Groothandel in parfums en cosmetica","","","","","J","N",20070327,20070327,20000703,20000701,20081020,0,20070327,"",2020,20211117
"Harderwijk","H","01","Eenmanszaak","59111","Prod. films (geen televisiefilms)","74201","Fotografie","","","N","N",0,0,20000704,20000401,0,0,0,"",0,0
"Beuningen","H","01","Eenmanszaak","5530","Kampeerterreinen","86919","Overige paramedische praktijken","","","N","N",0,0,20000704,20000704,0,0,0,"",0,0
"Harderwijk","H","41","Besloten vennootschap met gewone structuur","6420","Financiële holdings","","","","","N","N",20000824,20000824,20000704,20000701,20180413,0,20000824,"",2020,20210507
"Harderwijk","H","41","Besloten vennootschap met gewone structuur","4617","HB in voedings- en genotmiddelen","","","","","J","J",20000824,20000824,20000704,20000701,20110103,0,20000824,"",2020,20210525
"Lievelde","H","01","Eenmanszaak","5530","Kampeerterreinen","","","","","","",0,0,20000703,20000101,0,0,20090116,"",0,0
"Silvolde","H","01","Eenmanszaak","8130","Landschapsverzorging","","","","","","J",0,0,20000704,20000710,0,0,0,"",0,0
"Arnhem","H","41","Besloten vennootschap met gewone structuur","8220","Callcenters","","","","","","",20050531,20050531,20000704,20000701,20090202,0,20050531,"",2020,20210922
"Ede","H","01","Eenmanszaak","96022","Schoonheidsverzorging/pedi-/manicures","","","","","","",0,0,20000704,20000701,0,0,0,"",0,0
"Nijmegen","H","01","Eenmanszaak","7112","Ingenieurs/overig techn. ontwerp/advies","","","","","","",0,0,20000704,20000701,20000701,0,0,"",0,0
"Opheusden","H","42","Besloten vennootschap blijkens statuten structuurvennootschap","64301","Beleggingsinstell. in financiële activa","","","","","N","N",20000630,20000630,20000704,20000630,0,0,0,"",2021,20220317
"Alem","","74","Stichting","69209","Overige administratiekantoren","","","","","","",20000630,20000630,0,0,0,0,0,"",0,0
"Zoelen","H","41","Besloten vennootschap met gewone structuur","01412","Opfokken jongvee voor melkveehouderij","","","","","","",20000718,20000718,20000704,20000101,0,0,20000718,"",2020,20210725
"Venlo","H","41","Besloten vennootschap met gewone structuur","6420","Financiële holdings","","","","","N","N",20020327,20020327,20000704,20000704,20180321,0,20020327,"",2020,20220304
"Goes","N","41","Besloten vennootschap met gewone structuur","7732","Verh./lease machines/instal.voor de bouw","77399","Verh./lease ov.mach./werkt./ov. goederen","78202","Uitleenbureaus","N","N",19870326,19870326,20000630,20000403,20191209,0,0,"",2021,0
"Helmond","N","41","Besloten vennootschap met gewone structuur","7732","Verh./lease machines/instal.voor de bouw","77399","Verh./lease ov.mach./werkt./ov. goederen","78202","Uitleenbureaus","N","N",19870326,19870326,20000630,20000501,0,0,0,"",2021,0
"Geleen","N","41","Besloten vennootschap met gewone structuur","7732","Verh./lease machines/instal.voor de bouw","77399","Verh./lease ov.mach./werkt./ov. goederen","78202","Uitleenbureaus","N","N",19870326,19870326,20000630,20000501,0,0,0,"",2021,0
"Hoorn","N","41","Besloten vennootschap met gewone structuur","7732","Verh./lease machines/instal.voor de bouw","77399","Verh./lease ov.mach./werkt./ov. goederen","78202","Uitleenbureaus","N","N",19870326,19870326,20000630,20000529,0,0,0,"",2021,0
"Susteren","N","11","Vennootschap onder firma","2562","Algemene metaalbewerking","","","","","N","N",20010101,0,20000704,19980210,20100201,0,0,"",0,0
"Landgraaf","","74","Stichting","69209","Overige administratiekantoren","","","","","","",20000619,20000619,0,0,0,0,0,"",0,0
"Beek","H","41","Besloten vennootschap met gewone structuur","70221","Organisatie-adviesbureaus","","","","","N","N",20000804,20000804,20000630,20000101,20171220,0,20000804,"",2019,20220217
"Born","H","41","Besloten vennootschap met gewone structuur","4773","Apotheken","6420","Financiële holdings","","","N","N",20000530,20000530,20000703,20000530,0,0,0,"",2021,20220506
"Kerkrade","H","41","Besloten vennootschap met gewone structuur","6201","Ontwikkelen/produceren/uitgeven software","6190","Overige telecommunicatie","6420","Financiële holdings","N","N",20020710,20020710,20000704,20000701,20211024,0,20020710,"",2020,20211103
"Bladel","H","41","Besloten vennootschap met gewone structuur","6420","Financiële holdings","","","","","","",20000623,20000623,20000629,20000623,20170714,0,0,"",2020,20220329
"'s-Hertogenbosch","","71","Vereniging met volledige rechtsbevoegdheid","94997","Overige belangenbehartiging (rest)","","","","","","",19861118,20000412,0,0,0,0,0,"",0,0
"Soest","H","41","Besloten vennootschap met gewone structuur","6420","Financiële holdings","","","","","","",20010815,20010815,20170102,20000704,20170101,0,20010815,"",2020,20210322
"Amsterdam","H","01","Eenmanszaak","90012","Producenten van podiumkunst","5621","Eventcatering","","","N","N",0,0,20010822,20000704,20010822,0,0,"",0,0
"Kortgene","H","41","Besloten vennootschap met gewone structuur","6420","Financiële holdings","6622","Assurantietussenpersonen","","","N","N",20060531,20060531,20111007,20000707,20110701,0,20060531,"",2019,20200812
"Nieuwkuijk","H","41","Besloten vennootschap met gewone structuur","2899","Verv. ov.machines/app./werkt. specifiek","","","","","J","J",20000817,20000817,20030418,20000701,20090119,0,20000817,"F",2012,20130613
"Raamsdonksveer","H","41","Besloten vennootschap met gewone structuur","7112","Ingenieurs/overig techn. ontwerp/advies","","","","","N","N",20040312,20040312,20071222,20000701,20210426,0,20040312,"",2020,20210412
"Tilburg","H","41","Besloten vennootschap met gewone structuur","47781","Winkels in fotografische artikelen","","","","","N","N",20030530,20030530,20000704,19610420,0,0,20030530,"",2020,20211011
"Breda","","74","Stichting","90011","Beoefening van podiumkunst","","","","","","",20000628,20000628,0,0,0,0,0,"",0,0
"Diessen","H","11","Vennootschap onder firma","43222","Inst. verwarmings-/luchtbehandelingsapp.","","","","","N","N",20000701,0,20000704,20000701,20161001,0,0,"",0,0
"Made","H","11","Vennootschap onder firma","01303","Teelt van perkplanten onder glas","","","","","J","J",20000401,0,20071222,20000401,0,0,0,"",0,0
"Breda","","71","Vereniging met volledige rechtsbevoegdheid","94997","Overige belangenbehartiging (rest)","","","","","","",20000208,20000208,0,0,0,0,0,"",0,0
"Huissen","H","41","Besloten vennootschap met gewone structuur","70221","Organisatie-adviesbureaus","","","","","","",20000921,20000921,20210305,20000415,20210305,0,20000921,"",2020,20210923
"Bergen op Zoom","H","01","Eenmanszaak","68204","Verh. onroerend goed (niet v woonruimte)","6832","Beheer van onroerend goed","","","J","J",0,0,20000704,20000704,20031024,0,0,"",0,0
"Standdaarbuiten","H","11","Vennootschap onder firma","7490","Overige special. zakelijke dienstverl.","","","","","","",20001001,0,20000704,20000502,0,0,20001001,"",0,0
"Breda","H","01","Eenmanszaak","6201","Ontwikkelen/produceren/uitgeven software","","","","","","",0,0,20000704,20000614,0,0,0,"",0,0
"Halsteren","","74","Stichting","88993","Lokaal welzijnswerk","","","","","","",20000627,20000627,0,0,0,0,0,"",0,0
"Tholen","H","41","Besloten vennootschap met gewone structuur","6420","Financiële holdings","","","","","N","N",20010330,20010330,20000704,20000101,20071201,0,20010330,"",2020,20210709
"Tholen","H","41","Besloten vennootschap met gewone structuur","5814","Uitgeverijen van tijdschriften","","","","","N","N",20010330,20010330,20000704,20000101,20071201,0,20010330,"",2020,20210902
"Tholen","H","41","Besloten vennootschap met gewone structuur","6311","Gegevensverw./webhosting/aanverw. activ.","5819","Overige uitgeverijen (niet van software)","6399","Ov. dienstv. activ. opgv informatie","N","N",20010330,20010330,20000704,20000101,20071201,0,20010330,"",2020,20210902
"Rotterdam","H","01","Eenmanszaak","93146","Sportscholen","","","","","N","N",0,0,20000704,19820503,0,0,0,"",0,0
"Ridderkerk","H","01","Eenmanszaak","45112","Handel/rep. personen-/lichte bedr.auto's","77399","Verh./lease ov.mach./werkt./ov. goederen","47914","Internethandel kleding, mode-artikelen","N","N",0,0,20000704,20000626,0,0,20050101,"",0,0
"Middelburg","H","01","Eenmanszaak","70221","Organisatie-adviesbureaus","","","","","N","N",0,0,20051102,20000526,20220101,0,0,"",0,0
"Bergen (NH)","H","41","Besloten vennootschap met gewone structuur","6420","Financiële holdings","","","","","N","N",20000630,20000630,20101004,20000630,20100901,0,0,"",2020,20211001
"Rozenburg","H","01","Eenmanszaak","56101","Restaurants","","","","","N","N",0,0,20000407,20000101,0,0,0,"",0,0
"Rotterdam","H","11","Vennootschap onder firma","4329","Overige bouwinstallatie","","","","","N","N",20070701,0,20000704,20000711,20150420,0,20070701,"",0,0
"Goedereede","H","41","Besloten vennootschap met gewone structuur","86221","Praktijken medisch spec./med. dagbehand.","","","","","N","N",20000630,20000630,20000703,20000101,20171101,0,20000630,"",2015,20170602
"Schiedam","H","41","Besloten vennootschap met gewone structuur","6831","Bemidd. bij handel/huur/verhuur onr.goed","7112","Ingenieurs/overig techn. ontwerp/advies","","","N","N",20000724,20000724,20000704,20000701,20101001,0,20000724,"",2019,20201106
"Rotterdam","H","41","Besloten vennootschap met gewone structuur","6420","Financiële holdings","","","","","N","N",20001130,20001130,20000704,20000101,20051001,0,20001130,"",2020,20210225
"Frederiksoord","H","01","Eenmanszaak","88103","Ondersteuning/begeleiding gehandicapten","","","","","N","N",0,0,20071218,19970101,20071213,0,0,"",0,0
"Delft","H","01","Eenmanszaak","47221","Winkels in vlees en vleeswaren","","","","","","",0,0,20000703,19420000,0,0,20000701,"",0,0
"Ter Heijde","H","01","Eenmanszaak","96022","Schoonheidsverzorging/pedi-/manicures","47915","Internethandel huis- en tuinartikelen","","","N","N",0,0,20000704,20000701,20040730,0,0,"",0,0
"Maasdijk","H","41","Besloten vennootschap met gewone structuur","46694","GH appendages/technische toebehoren e.d.","","","","","J","J",20000703,20000703,20000704,20000703,0,0,0,"",2021,20220222
"'s-Gravenhage","H","41","Besloten vennootschap met gewone structuur","70102","Holdings (geen financiële)","","","","","N","N",20000628,20000628,20000704,20000628,20100118,0,0,"",2020,20211027
"Delft","","74","Stichting","70221","Organisatie-adviesbureaus","","","","","","",20000704,20000704,0,0,0,0,0,"",2011,20120412
"'s-Gravenhage","H","01","Eenmanszaak","46699","GH ov.mach./app./toeb. ind./handel","","","","","J","J",0,0,20000704,20000704,20060901,0,20040101,"",0,0
"'s-Gravenhage","H","51","Naamloze vennootschap met gewone structuur","53201","Post zonder univ. dienstverplichting","","","","","N","N",20001228,20001228,20131126,20000619,20210701,0,20001228,"",2021,0
"'s-Gravenhage","H","01","Eenmanszaak","9003","Schrijven en overige scheppende kunst","","","","","N","N",0,0,20000704,20000704,0,0,0,"",0,0
"Deventer","H","41","Besloten vennootschap met gewone structuur","64303","Beleggingsinst. met beperkte toetreding","","","","","N","N",20000619,20000619,20040729,20000619,20180801,0,0,"",2020,20211119
"Lisse","H","41","Besloten vennootschap met gewone structuur","64303","Beleggingsinst. met beperkte toetreding","55201","Verh. vakantiehuisjes en appartementen","70221","Organisatie-adviesbureaus","N","N",20000609,20000609,20000703,20000609,0,0,0,"",2020,20210601
"Boskoop","","74","Stichting","94993","Steunfondsen (niet ohgv welzijnszorg)","","","","","","",20000621,20000621,0,0,0,0,0,"",0,0
"Voorschoten","H","41","Besloten vennootschap met gewone structuur","64303","Beleggingsinst. met beperkte toetreding","","","","","N","N",20000621,20000621,20000703,20000621,0,0,0,"",2020,20210901
"Katwijk","H","41","Besloten vennootschap met gewone structuur","69209","Overige administratiekantoren","","","","","N","N",20000629,20000629,20000703,20000629,20180618,0,0,"",2020,20210617
"Rijnsburg","H","01","Eenmanszaak","4622","Groothandel in bloemen en planten","","","","","J","J",0,0,20000703,19320000,0,0,20000701,"",0,0
"Eindhoven","H","41","Besloten vennootschap met gewone structuur","6420","Financiële holdings","","","","","N","N",20001129,20001129,20160622,20000704,20160622,0,20001129,"",2021,20220417
"Hoofddorp","H","41","Besloten vennootschap met gewone structuur","46383","Gesp. GH in ov. voedings- en genotm.","47918","Internethandel overige non-food","7490","Overige special. zakelijke dienstverl.","N","N",20070305,20070305,20060612,20000501,20210313,0,20070305,"",2021,20220321
"Leiden","H","01","Eenmanszaak","3315","Reparatie en onderhoud van schepen","","","","","N","N",0,0,20000704,20000704,20070328,0,0,"",0,0
"Geleen","N","41","Besloten vennootschap met gewone structuur","4765","Winkels in speelgoed","","","","","N","N",19841127,19841127,20000704,19691003,0,0,20000201,"F",2018,0
"Amersfoort","H","01","Eenmanszaak","4120","Algemene burgerlijke en utiliteitsbouw","4331","Stukadoren","4333","Afwerking van vloeren en wanden","","",0,0,20160413,20000703,20160330,0,0,"",0,0
"Langerak","H","41","Besloten vennootschap met gewone structuur","4120","Algemene burgerlijke en utiliteitsbouw","","","","","N","N",20000629,20000629,20011207,20000629,20011206,0,0,"",2020,20210614
"Utrecht","","74","Stichting","91021","Musea","","","","","","",20000629,20000629,0,0,0,0,0,"",0,0
"Snelrewaard","H","41","Besloten vennootschap met gewone structuur","6420","Financiële holdings","4110","Projectontwikkeling","6810","Handel in eigen onroerend goed","","",20000627,20000627,20000704,20000627,0,0,0,"",2020,20211125
"Culemborg","H","01","Eenmanszaak","85592","Bedrijfsopleiding en -training","","","","","","",0,0,20140630,20000615,20011212,0,0,"",0,0
"Mijdrecht","H","01","Eenmanszaak","4941","Goederenvervoer over weg (geen verhuiz.)","","","","","","",0,0,20000704,20000704,0,0,0,"",0,0
"Snelrewaard","H","41","Besloten vennootschap met gewone structuur","6420","Financiële holdings","7731","Verh./lease landbouwmachines/-werktuigen","","","","",20000627,20000627,20000704,20000627,0,0,0,"",2020,20211209
"Soesterberg","H","41","Besloten vennootschap met gewone structuur","66191","Admin.kantoren voor aandelen/obligaties","","","","","","",20000629,20000629,20040813,20000629,20200609,0,0,"",2020,20210326
"Utrecht","H","41","Besloten vennootschap met gewone structuur","6420","Financiële holdings","","","","","","",20000627,20000627,20000704,20000627,20080401,0,0,"",2019,20210114
"Hilversum","H","41","Besloten vennootschap met gewone structuur","6420","Financiële holdings","","","","","","",20000926,20000926,20090910,20000627,20090904,0,20000926,"",2021,20211211
"Mijdrecht","H","01","Eenmanszaak","3109","Vervaardiging van overige meubels","","","","","","",0,0,20000704,20000703,20041116,0,0,"",0,0
"Huizen","H","11","Vennootschap onder firma","6202","Advisering ohgv informatietechnologie","6201","Ontwikkelen/produceren/uitgeven software","","","","",20000703,0,20000703,20000703,20100901,0,0,"",0,0
"Huizen","H","41","Besloten vennootschap met gewone structuur","6420","Financiële holdings","","","","","","",20000627,20000627,20000704,20000627,20121211,0,0,"",2021,20220505
"Huizen","H","41","Besloten vennootschap met gewone structuur","70221","Organisatie-adviesbureaus","","","","","","",20000804,20000804,20000704,20000618,20040803,0,0,"",2021,20220405
"Soest","H","41","Besloten vennootschap met gewone structuur","6420","Financiële holdings","","","","","","",20000330,20000330,20000704,19280101,20110315,0,20000330,"",2020,20220113
"Amsterdam","H","01","Eenmanszaak","69203","Boekhoudkantoren","69209","Overige administratiekantoren","","","N","N",0,0,20000704,20000301,20200701,0,20070101,"",0,0
"Breda","H","21","Commanditaire vennootschap","6420","Financiële holdings","","","","","N","N",20000503,0,20181220,20000503,20181218,0,0,"",2020,20210802
"Amsterdam","H","41","Besloten vennootschap met gewone structuur","69101","Advocatenkantoren, bewindv. en curatoren","","","","","N","N",20000613,20000613,20000704,20000613,20060724,0,0,"",2020,20220225
"Amsterdam","H","01","Eenmanszaak","69203","Boekhoudkantoren","","","","","N","N",0,0,20060125,20000701,20060115,0,0,"",0,0
"Amsterdam","H","41","Besloten vennootschap met gewone structuur","69101","Advocatenkantoren, bewindv. en curatoren","","","","","N","N",20000613,20000613,20000704,20000613,20050801,0,0,"",2019,20210216
"Apeldoorn","H","41","Besloten vennootschap met gewone structuur","5811","Uitgeverijen van boeken","70221","Organisatie-adviesbureaus","6202","Advisering ohgv informatietechnologie","N","N",20011106,20011106,20120903,20000601,20120901,0,20011106,"",2020,20210914
"Leimuiden","H","41","Besloten vennootschap met gewone structuur","6420","Financiële holdings","70221","Organisatie-adviesbureaus","47913","Internethandel boek,tijdschrift,cd,dvd","N","N",20010427,20010427,20150714,20000607,20201101,0,20010427,"",2020,20211031
"Rotterdam","H","41","Besloten vennootschap met gewone structuur","6420","Financiële holdings","","","","","N","N",20000703,20000703,20050930,20000404,20201207,0,20000704,"",2020,20211129
"Wassenaar","","74","Stichting","94993","Steunfondsen (niet ohgv welzijnszorg)","","","","","","",20000703,20000703,0,0,0,0,0,"",0,0
"Amstelveen","H","01","Eenmanszaak","70221","Organisatie-adviesbureaus","9604","Sauna's, solaria, baden e.d.","","","N","N",0,0,20000704,20000701,0,0,0,"",0,0
"Amsterdam","H","01","Eenmanszaak","85519","Overig sport- en recreatieonderwijs","","","","","N","N",0,0,20000704,20000704,20020501,0,0,"",0,0
"Wormer","H","41","Besloten vennootschap met gewone structuur","6420","Financiële holdings","","","","","N","N",20000629,20000629,20000704,20000629,20161126,0,0,"",2019,20210618
"Amsterdam","H","41","Besloten vennootschap met gewone structuur","6420","Financiële holdings","","","","","N","N",20001109,20001109,20000704,20000623,20080501,0,20001109,"",2020,20210420
"Heemstede","H","01","Eenmanszaak","8130","Landschapsverzorging","42112","Stratenmaken","","","N","N",0,0,20000704,20000701,20150625,0,0,"",0,0
"Rijsenhout","H","41","Besloten vennootschap met gewone structuur","7810","Arbeidsbemiddeling","","","","","N","N",20010817,20010817,20211006,20000704,20211001,0,20010817,"",2020,20211104
"Bloemendaal","H","41","Besloten vennootschap met gewone structuur","6420","Financiële holdings","","","","","N","N",20000629,20000629,20000704,20000629,20170331,0,0,"",2019,20210626
"Haarlem","H","41","Besloten vennootschap met gewone structuur","7112","Ingenieurs/overig techn. ontwerp/advies","46739","GH bouwmaterialen algemeen assortiment","","","N","N",20000622,0,20000704,20000622,20220101,0,0,"",2020,20211001
"Amsterdam","H","41","Besloten vennootschap met gewone structuur","66193","Hypotheek-/kredietbem./bankagentschappen","","","","","N","N",20010123,20010123,20000704,20000701,0,0,20010123,"",2020,20211202
"Uithoorn","H","41","Besloten vennootschap met gewone structuur","6420","Financiële holdings","","","","","N","N",20000627,20000627,20000704,20000627,0,0,0,"",2020,20220425
"Amsterdam","H","01","Eenmanszaak","4332","Bouwtimmeren","","","","","N","N",0,0,20000704,20000704,20210208,0,0,"",0,0
"Purmerend","H","01","Eenmanszaak","46491","Groothandel in fietsen en bromfietsen","","","","","J","N",0,0,20000628,20000701,20130329,0,0,"",0,0
"Oudendijk","H","41","Besloten vennootschap met gewone structuur","6420","Financiële holdings","","","","","N","N",20000628,20000628,20000703,20000628,20110420,0,0,"",2019,20210712
"Alkmaar","H","01","Eenmanszaak","47712","Winkels in dameskleding","","","","","N","N",0,0,20000703,19850425,0,0,20020901,"",0,0
"Amsterdam","H","41","Besloten vennootschap met gewone structuur","64302","Beleggingsinstellingen in vaste activa","6832","Beheer van onroerend goed","","","","",20000711,20000711,20070531,20000606,20191206,0,20000711,"",2020,20220204
"Bergen aan Zee","H","01","Eenmanszaak","59111","Prod. films (geen televisiefilms)","86913","Praktijken van psychotherapeuten/-logen","","","N","N",0,0,20000704,20000701,20010901,0,0,"",0,0
"Purmerend","H","41","Besloten vennootschap met gewone structuur","86922","Arbobegeleiding en reïntegratie","78202","Uitleenbureaus","85599","Studiebegeleiding/vorming/onderwijs","","",20001214,20001214,20000704,20000701,20020101,0,20001214,"",2019,20210617
"Hilversum","H","11","Vennootschap onder firma","56101","Restaurants","","","","","","",20070101,0,20000721,20000704,20000720,0,20070101,"",0,0
"Swifterbant","H","41","Besloten vennootschap met gewone structuur","6420","Financiële holdings","","","","","N","N",20000630,20000630,20000703,20000630,0,0,0,"",2018,20200203
"Urk","H","41","Besloten vennootschap met gewone structuur","6420","Financiële holdings","","","","","N","N",20000630,20000630,20000703,20000630,0,0,0,"",2020,20211029
"Urk","H","41","Besloten vennootschap met gewone structuur","6420","Financiële holdings","64303","Beleggingsinst. met beperkte toetreding","","","N","N",20000630,20000630,20000704,20000630,0,0,0,"",2021,20220321
"Swifterbant","H","01","Eenmanszaak","42112","Stratenmaken","","","","","N","N",0,0,20000704,20000704,20070702,0,20021220,"",0,0
"Heerenveen","H","41","Besloten vennootschap met gewone structuur","6420","Financiële holdings","","","","","","",20000629,20000629,20000704,20000629,20050801,0,0,"",2021,0
"Willemsoord","H","01","Eenmanszaak","47899","Markthandel in overige goederen","7112","Ingenieurs/overig techn. ontwerp/advies","9002","Dienstverlening voor uitvoerende kunst","","",0,0,20141125,19990101,20141119,0,20030315,"",0,0
"Sloten","H","01","Eenmanszaak","96022","Schoonheidsverzorging/pedi-/manicures","","","","","","",0,0,20000704,20000623,20160901,0,0,"",0,0
"Groningen","H","11","Vennootschap onder firma","47912","Internethandel consumentenelektronica","","","","","","",20000701,0,20000705,20000701,20110301,0,0,"",0,0
"Bedum","H","41","Besloten vennootschap met gewone structuur","4321","Elektrotechnische bouwinstallatie","43221","Loodg.- en fitterswerk; inst. sanitair","43222","Inst. verwarmings-/luchtbehandelingsapp.","N","N",20000530,20000530,20000705,19680401,20070330,0,20000530,"",2020,20211101
"Blijham","H","01","Eenmanszaak","47891","Markthandel bloemen/planten/zaden/tuinb.","","","","","N","N",0,0,20000705,20000601,20160805,0,0,"",0,0
"Niekerk","H","01","Eenmanszaak","8219","Secretariële dienstverlening","","","","","N","N",0,0,20000705,20000601,20000601,0,0,"",0,0
"Groningen","H","01","Eenmanszaak","32502","Verv. medische instr./hulpmiddelen","86919","Overige paramedische praktijken","","","N","N",0,0,20000705,20000705,20201215,0,0,"",0,0
"Hoogeveen","N","41","Besloten vennootschap met gewone structuur","46499","GH ov. consumentenart. (non-food) (rest)","4666","GH kantoormachines (geen computers)","","","","",19920928,19920928,20000705,20000701,0,0,0,"",2020,20210928
"Stuifzand","","71","Vereniging met volledige rechtsbevoegdheid","94991","Gezelligheidsverenigingen","","","","","","",20000703,20000703,0,0,0,0,0,"",0,0
"Norg","H","41","Besloten vennootschap met gewone structuur","64303","Beleggingsinst. met beperkte toetreding","","","","","","",20000629,20000629,20000705,20000629,20110315,0,0,"",2020,20211229
"Nieuw-Roden","","74","Stichting","93195","Organiseren van sportevenementen","","","","","","",20000703,20000703,0,0,0,0,0,"",0,0
"Gieten","H","41","Besloten vennootschap met gewone structuur","6420","Financiële holdings","","","","","","",20000630,20000630,20000705,20000630,0,0,0,"",2021,20220518
"Oldenzaal","","41","Besloten vennootschap met gewone structuur","","","","","","","","",19940201,19940201,0,0,0,0,0,"",2017,20181203
"Naarden","H","41","Besloten vennootschap met gewone structuur","70221","Organisatie-adviesbureaus","","","","","N","N",20000629,20000629,20140114,20000629,20140101,0,0,"",2020,20211014
"Hengelo","H","41","Besloten vennootschap met gewone structuur","6201","Ontwikkelen/produceren/uitgeven software","4651","GH computers, randapparatuur en software","","","N","N",20000629,20000629,20000704,20000629,20110201,0,0,"",2020,0
"Deventer","","74","Stichting","94997","Overige belangenbehartiging (rest)","","","","","","",20000616,20000616,0,0,0,0,0,"",0,0
"Voorthuizen","","74","Stichting","69209","Overige administratiekantoren","","","","","","",20000623,20000623,0,0,0,0,0,"",0,0
"Enschede","H","41","Besloten vennootschap met gewone structuur","9103","Monumentenzorg","","","","","N","N",20000703,20000703,20000704,20000703,20040315,0,0,"",2020,20210820
"Amersfoort","H","01","Eenmanszaak","74101","Communicatie- en grafisch ontwerp","6201","Ontwikkelen/produceren/uitgeven software","","","N","N",0,0,20020314,20000501,20080301,0,0,"",0,0
"Borculo","H","01","Eenmanszaak","2712","Verv. schakel- en verdeelinrichtingen","","","","","N","N",0,0,20071222,20000705,0,0,0,"",0,0
"Apeldoorn","H","01","Eenmanszaak","4331","Stukadoren","","","","","N","N",0,0,20000705,20000712,0,0,0,"",0,0
"Barneveld","","74","Stichting","64301","Beleggingsinstell. in financiële activa","","","","","","",20000703,20000703,0,0,0,0,0,"",0,0
"Terwolde","H","41","Besloten vennootschap met gewone structuur","6420","Financiële holdings","","","","","N","N",20001215,20001215,20000705,20000701,0,0,20001215,"",2020,20220514
"Ermelo","H","41","Besloten vennootschap met gewone structuur","6420","Financiële holdings","64302","Beleggingsinstellingen in vaste activa","","","N","N",20000703,20000703,20000705,20000703,20070301,0,0,"",2021,20220523
"Wijchen","H","01","Eenmanszaak","33123","Rep./onderh. machines specif.bedrijfstak","78202","Uitleenbureaus","","","N","N",0,0,20000705,20000705,20020101,0,0,"",0,0
"Twello","H","41","Besloten vennootschap met gewone structuur","43222","Inst. verwarmings-/luchtbehandelingsapp.","43221","Loodg.- en fitterswerk; inst. sanitair","","","N","N",20000629,20000629,20050824,20000629,20150213,0,0,"",2020,20220118
"Zevenaar","H","11","Vennootschap onder firma","4391","Dakdekken en bouwen van dakconstructies","","","","","","",20040301,0,20000705,20000705,20030613,0,20040301,"",0,0
"Arnhem","H","41","Besloten vennootschap met gewone structuur","6201","Ontwikkelen/produceren/uitgeven software","","","","","J","J",20000629,20000629,20000705,19980601,0,0,20000629,"",2020,20220105
"Silvolde","","72","Vereniging met beperkte rechtsbevoegdheid","94997","Overige belangenbehartiging (rest)","","","","","","",19760209,19760209,0,0,0,0,0,"",0,0
"Bemmel","H","41","Besloten vennootschap met gewone structuur","70221","Organisatie-adviesbureaus","","","","","","",20000905,20000905,20000705,20000707,20000707,0,20000905,"",2016,20180207
"Nijmegen","H","01","Eenmanszaak","70221","Organisatie-adviesbureaus","","","","","","",0,0,20000705,20000705,20030801,0,0,"",0,0
"Helmond","H","41","Besloten vennootschap met gewone structuur","47512","Winkels in huishoudtextiel","","","","","J","N",20080821,20080821,20141113,19950301,20211001,0,20080821,"",2020,20211030
"Enspijk","H","01","Eenmanszaak","85519","Overig sport- en recreatieonderwijs","","","","","","",0,0,20000705,20000417,0,0,0,"",0,0
"Gameren","","74","Stichting","8230","Organiseren van congressen en beurzen","","","","","","",20000627,20000627,0,0,0,0,0,"",0,0
"Tricht","H","41","Besloten vennootschap met gewone structuur","46499","GH ov. consumentenart. (non-food) (rest)","70221","Organisatie-adviesbureaus","78201","Uitzendbureaus","J","J",20000922,20000922,20000705,20000704,0,0,20000922,"",2019,20210902
"Venlo","H","41","Besloten vennootschap met gewone structuur","59111","Prod. films (geen televisiefilms)","","","","","N","N",20000629,20000629,20000705,20000629,20180301,0,0,"",2020,20211108
"Reuver","","71","Vereniging met volledige rechtsbevoegdheid","93142","Zaalsport in teamverband","","","","","","",19510428,20000701,0,0,0,0,0,"",0,0
"Posterholt","","71","Vereniging met volledige rechtsbevoegdheid","93299","Ov. recreatie (rest)(geen jachthavens)","","","","","","",20000413,20000703,0,0,0,0,0,"",0,0
"Amsterdam","","74","Stichting","93299","Ov. recreatie (rest)(geen jachthavens)","","","","","","",20000614,20000614,20090128,0,0,0,0,"",0,0
"Eindhoven","H","41","Besloten vennootschap met gewone structuur","93112","Sporthallen, sportzalen en gymzalen","","","","","N","N",20000628,20000628,20201228,20000628,20210601,0,0,"",2020,20220104
"'s-Hertogenbosch","H","11","Vennootschap onder firma","90011","Beoefening van podiumkunst","9003","Schrijven en overige scheppende kunst","85522","Kunstzinnige vorming voor amateurs","N","N",20080101,0,20051227,20000301,20051224,0,20080101,"",0,0
"Brunssum","H","41","Besloten vennootschap met gewone structuur","6420","Financiële holdings","","","","","","",20000628,20000628,20000704,20000628,0,0,0,"",2016,20180109
"Maastricht","","74","Stichting","94997","Overige belangenbehartiging (rest)","","","","","","",20000703,20000703,0,0,0,0,0,"",0,0
"Heerlen","","74","Stichting","6420","Financiële holdings","","","","","","",20000627,20000627,0,0,0,0,0,"",0,0
"Maastricht","H","41","Besloten vennootschap met gewone structuur","6831","Bemidd. bij handel/huur/verhuur onr.goed","6420","Financiële holdings","","","N","N",20010212,20010212,20000701,20000701,0,0,20010212,"",2020,20210914
"Rosmalen","H","41","Besloten vennootschap met gewone structuur","64303","Beleggingsinst. met beperkte toetreding","70102","Holdings (geen financiële)","","","","",20001103,20001103,20000703,20000101,20181220,0,20001103,"",2020,20220503
"Heeswijk-Dinther","H","41","Besloten vennootschap met gewone structuur","6420","Financiële holdings","","","","","N","N",20000919,20000919,20000703,19840625,0,0,20000919,"",2020,20220522
"Asten","H","41","Besloten vennootschap met gewone structuur","6420","Financiële holdings","","","","","","",20000629,20000629,20000703,20000629,20071201,0,0,"",2020,20220614
"'s-Hertogenbosch","H","41","Besloten vennootschap met gewone structuur","5630","Cafés","","","","","","",20000628,20000628,20000703,20000628,0,0,0,"",2020,20211018
"Veghel","","74","Stichting","64301","Beleggingsinstell. in financiële activa","","","","","","",20000627,20000627,0,0,0,0,0,"",0,0
"'s-Hertogenbosch","H","41","Besloten vennootschap met gewone structuur","9002","Dienstverlening voor uitvoerende kunst","78202","Uitleenbureaus","","","","",20000912,20000912,20000704,20000425,20170403,0,20000912,"",2021,20220509
"'s-Hertogenbosch","H","41","Besloten vennootschap met gewone structuur","4652","GH elektronische/telecommunicatieapp.","","","","","J","J",20000912,20000912,20000704,20000425,20170403,0,20000912,"",2021,20220509
"Lierop","","74","Stichting","93125","Paardensport en maneges","","","","","","",19710819,19710819,0,0,0,0,0,"",0,0
"Knegsel","H","41","Besloten vennootschap met gewone structuur","6420","Financiële holdings","","","","","N","N",20011212,20011212,20000705,20000705,20060101,0,20011212,"",2020,20211209
"'s-Hertogenbosch","H","01","Eenmanszaak","6209","Ov. dienstv. act. ohgv informatietechn.","6202","Advisering ohgv informatietechnologie","","","N","N",0,0,20000705,20000401,0,0,0,"",0,0
"Dorst","H","01","Eenmanszaak","69203","Boekhoudkantoren","","","","","","",0,0,20040730,20000701,20131209,0,0,"",0,0
"Woudrichem","","72","Vereniging met beperkte rechtsbevoegdheid","94991","Gezelligheidsverenigingen","","","","","","",19820801,0,0,0,0,0,0,"",0,0
"Breda","H","01","Eenmanszaak","2599","Verv. overige producten van metaal","","","","","N","N",0,0,20070608,20000701,20220315,0,0,"",0,0
"Kaatsheuvel","H","01","Eenmanszaak","70221","Organisatie-adviesbureaus","","","","","","",0,0,20000705,20000705,20050331,0,0,"",0,0
"Drunen","","72","Vereniging met beperkte rechtsbevoegdheid","90011","Beoefening van podiumkunst","","","","","","",20000701,0,0,0,0,0,0,"",0,0
"Beesd","H","41","Besloten vennootschap met gewone structuur","64303","Beleggingsinst. met beperkte toetreding","","","","","","",20000703,20000703,20150209,20000703,20150201,0,0,"",2020,20220422
"Berkel-Enschot","H","41","Besloten vennootschap met gewone structuur","6420","Financiële holdings","","","","","","",20000703,20000703,20000705,20000703,0,0,0,"",2020,20211230
"Tilburg","","74","Stichting","94996","Overige ideële organisaties (rest)","","","","","","",20000703,20000703,0,0,0,0,0,"",0,0
"Werkendam","H","11","Vennootschap onder firma","50401","Binnenvaart (vrachtvaart)","","","","","N","N",20000601,0,20000705,20000601,20000601,0,0,"",0,0
"Tilburg","H","41","Besloten vennootschap met gewone structuur","70102","Holdings (geen financiële)","","","","","","",20000627,20000627,20000705,20000627,20201101,0,0,"",2020,20210521
"Eindhoven","","71","Vereniging met volledige rechtsbevoegdheid","94997","Overige belangenbehartiging (rest)","","","","","","",20000525,20000525,0,0,0,0,0,"",0,0
"Oudenbosch","H","41","Besloten vennootschap met gewone structuur","7430","Vertalers en tolken","9003","Schrijven en overige scheppende kunst","","","","",20000613,20000613,20000703,20000613,0,0,0,"",2020,20211101
"Breda","H","41","Besloten vennootschap met gewone structuur","70102","Holdings (geen financiële)","","","","","","",20000628,20000628,20000704,20000628,20060120,0,0,"",2021,20220512
"Sprundel","H","41","Besloten vennootschap met gewone structuur","70221","Organisatie-adviesbureaus","","","","","","",20000523,20000523,20000705,20000523,0,0,0,"",2020,20210528
"Goes","","74","Stichting","6420","Financiële holdings","","","","","","",20000630,20000630,0,0,0,0,0,"",1999,20010205
"Hardinxveld-Giessendam","H","41","Besloten vennootschap met gewone structuur","6420","Financiële holdings","","","","","","",20000630,20000630,20000704,20000630,0,0,0,"",2020,20210712
"Rotterdam","H","41","Besloten vennootschap met gewone structuur","6420","Financiële holdings","","","","","N","N",20000626,20000626,20000705,20000626,20110110,0,0,"",2020,20220116
"Krimpen aan de Lek","H","11","Vennootschap onder firma","7311","Reclamebureaus","70221","Organisatie-adviesbureaus","","","N","N",20080201,0,20000705,20000619,20200315,0,20080201,"",0,0
"Botlek Rotterdam","H","41","Besloten vennootschap met gewone structuur","52241","Laad-/los-/overslagactiv. voor zeevaart","","","","","N","N",20001227,20001227,20000705,20000701,20210101,0,20001227,"",2020,20211031
"Boskoop","","71","Vereniging met volledige rechtsbevoegdheid","94991","Gezelligheidsverenigingen","","","","","","",20000627,20000627,0,0,0,0,0,"",0,0
"Rotterdam","H","41","Besloten vennootschap met gewone structuur","66292","Pensioenadv.bureaus/beheer pensioenverm.","78202","Uitleenbureaus","","","N","N",20001130,20001130,20000705,20000101,20051001,0,20001130,"",2020,20210225
"Nieuwerkerk ad IJssel","","74","Stichting","94993","Steunfondsen (niet ohgv welzijnszorg)","","","","","","",20000629,20000629,0,0,0,0,0,"",0,0
"Rotterdam","H","11","Vennootschap onder firma","96021","Haarverzorging","","","","","N","N",20020425,0,20000705,20000601,20160105,0,20020425,"",0,0
"Soest","H","41","Besloten vennootschap met gewone structuur","6420","Financiële holdings","","","","","N","N",20000630,20000630,20040507,20000630,20060501,0,0,"",2016,20180213
"Soest","H","41","Besloten vennootschap met gewone structuur","69204","Belastingconsulenten","6399","Ov. dienstv. activ. opgv informatie","","","N","N",20000630,20000630,20040507,20000630,20060501,0,0,"",2016,20180213
"Hoek van Holland","H","41","Besloten vennootschap met gewone structuur","6209","Ov. dienstv. act. ohgv informatietechn.","","","","","N","N",20020816,20020816,20000705,20000701,20050826,0,20020816,"",2020,20220330
"Rotterdam","","74","Stichting","7490","Overige special. zakelijke dienstverl.","","","","","","",20000703,20000703,0,0,0,0,0,"",0,0
"Rotterdam","H","41","Besloten vennootschap met gewone structuur","46211","Groothandel in granen","46215","GH veevoeder(geen ruw-/meng-/krachtvoer)","46216","GH ruwe plant. en dierlijke oliën e.d.","J","J",20000711,20000711,20000705,20000705,20180423,0,20000712,"",2020,20211207
"Voorburg","H","41","Besloten vennootschap met gewone structuur","6420","Financiële holdings","","","","","N","N",20000630,20000630,20101018,20000630,20101001,0,0,"",2020,20211105
"Voorburg","H","41","Besloten vennootschap met gewone structuur","70221","Organisatie-adviesbureaus","","","","","N","N",20000630,20000630,20101018,20000630,20101001,0,0,"",2020,20211105
"Amsterdam","","74","Stichting","88999","Overig maatsch.adv./gemeenschapshuizen","","","","","","",20000614,20000614,0,0,0,0,0,"",0,0
"Leidschendam","H","41","Besloten vennootschap met gewone structuur","70221","Organisatie-adviesbureaus","","","","","","",20080307,20080307,20000628,20000701,20110205,0,20080307,"",2020,20220119
"'s-Gravenhage","","74","Stichting","70222","Advisering ohgv management/bedrijfsv.","","","","","","",20000327,20000327,0,0,0,0,0,"",0,0
"'s-Gravenhage","H","01","Eenmanszaak","85592","Bedrijfsopleiding en -training","","","","","N","N",0,0,20000628,20000601,0,0,0,"",0,0
"'s-Gravenhage","","74","Stichting","88999","Overig maatsch.adv./gemeenschapshuizen","","","","","","",20000614,20000614,0,0,0,0,0,"",0,0
"'s-Gravenhage","H","41","Besloten vennootschap met gewone structuur","6832","Beheer van onroerend goed","","","","","","",20000830,20000830,20000630,20000621,20001001,0,20000830,"",2020,20211231
"Amsterdam","H","01","Eenmanszaak","8130","Landschapsverzorging","","","","","","",0,0,20180118,20000705,20180108,0,0,"",0,0
"'s-Gravenhage","H","01","Eenmanszaak","6201","Ontwikkelen/produceren/uitgeven software","","","","","N","N",0,0,20000705,20000622,20201001,0,0,"",0,0
"Rotterdam","H","01","Eenmanszaak","93299","Ov. recreatie (rest)(geen jachthavens)","","","","","N","N",0,0,20001129,20000705,20210131,0,0,"",0,0
"'s-Gravenhage","H","41","Besloten vennootschap met gewone structuur","64302","Beleggingsinstellingen in vaste activa","","","","","N","N",20000815,20000815,20000705,20000701,0,0,20000815,"",2018,20190106
"'s-Gravenhage","H","41","Besloten vennootschap met gewone structuur","70102","Holdings (geen financiële)","","","","","N","N",20000815,20000815,20000705,20000701,0,0,20000815,"",2018,20190106
"'s-Gravenhage","H","41","Besloten vennootschap met gewone structuur","6810","Handel in eigen onroerend goed","4110","Projectontwikkeling","","","N","N",20010314,20010314,20000705,20000701,20110201,0,20010314,"",2018,20191220
"Leiderdorp","H","41","Besloten vennootschap met gewone structuur","70102","Holdings (geen financiële)","","","","","N","N",20000623,20000623,20000704,20000623,20010408,0,0,"",2019,20210116
"Hazerswoude-Dorp","H","41","Besloten vennootschap met gewone structuur","64303","Beleggingsinst. met beperkte toetreding","","","","","N","N",20000623,20000623,20000704,20000623,20040613,0,0,"",2016,20180327
"Leiden","H","01","Eenmanszaak","4334","Schilderen en glaszetten","","","","","N","N",0,0,20000704,20000701,0,0,0,"",0,0
"Hillegom","H","41","Besloten vennootschap met gewone structuur","6420","Financiële holdings","","","","","N","N",20000817,20000817,20000818,20000704,20211005,0,20000817,"",2020,20210701
"Katwijk","","74","Stichting","94996","Overige ideële organisaties (rest)","","","","","","",20000704,0,0,0,0,0,0,"",0,0
"Hillegom","H","41","Besloten vennootschap met gewone structuur","4941","Goederenvervoer over weg (geen verhuiz.)","","","","","N","N",20000817,20000817,20000821,20000704,20080401,0,20000817,"",2020,20210625
"Leiden","H","01","Eenmanszaak","7320","Markt- en opinieonderzoekbureaus","","","","","N","N",0,0,20000705,20000705,0,0,0,"",0,0
"Utrecht","N","11","Vennootschap onder firma","4726","Winkels in tabaksproducten","","","","","","",19940101,0,20000705,20000704,0,0,0,"",0,0
"Schoonhoven","H","41","Besloten vennootschap met gewone structuur","68204","Verh. onroerend goed (niet v woonruimte)","","","","","N","N",20000628,20000628,20001204,20000628,20140909,0,0,"",2020,20210610
"Woerden","H","41","Besloten vennootschap met gewone structuur","6202","Advisering ohgv informatietechnologie","","","","","N","N",20041231,20041231,20030701,20000705,20210118,0,20041231,"",2020,20220425
"Amersfoort","","71","Vereniging met volledige rechtsbevoegdheid","94997","Overige belangenbehartiging (rest)","","","","","","",20000215,20000215,20121204,0,0,0,0,"",0,0
"Alphen aan den Rijn","H","41","Besloten vennootschap met gewone structuur","69202","Accountants-administratieconsulenten","","","","","","",20000531,20000531,20200630,20000531,20200623,0,0,"",2016,20180108
"Harmelen","H","01","Eenmanszaak","43222","Inst. verwarmings-/luchtbehandelingsapp.","","","","","","",0,0,20000705,20000705,0,0,0,"",0,0
"Montfoort","H","41","Besloten vennootschap met gewone structuur","42112","Stratenmaken","4311","Slopen van bouwwerken","4312","Grondverzet","","",20000629,20000629,20000705,20000629,0,0,0,"",2020,20211105
"Nieuwegein","H","41","Besloten vennootschap met gewone structuur","6420","Financiële holdings","","","","","","",20000808,20000808,20000705,20000701,20140630,0,20000808,"",2021,20220419
"Utrecht","H","01","Eenmanszaak","91022","Kunstgalerieën en -expositieruimten","","","","","N","N",0,0,20000705,20000101,0,0,0,"",0,0
"Woerden","H","11","Vennootschap onder firma","4726","Winkels in tabaksproducten","","","","","","",20000705,0,20000705,20000705,0,0,0,"",0,0
"Niehove","H","01","Eenmanszaak","70221","Organisatie-adviesbureaus","","","","","N","N",0,0,20040211,20000707,20031201,0,0,"",0,0
"Waverveen","H","41","Besloten vennootschap met gewone structuur","66191","Admin.kantoren voor aandelen/obligaties","","","","","","",20000627,20000627,20000705,20000627,0,0,0,"",2021,20220527
"Driebergen-Rijsenburg","H","41","Besloten vennootschap met gewone structuur","64303","Beleggingsinst. met beperkte toetreding","66191","Admin.kantoren voor aandelen/obligaties","","","","",20001227,20001227,20000705,20000628,20020731,0,20001227,"",2014,20160129
"Montfoort","H","41","Besloten vennootschap met gewone structuur","6420","Financiële holdings","","","","","","",20061026,20061026,20000705,20000705,20071207,0,20061026,"",2020,20210805
"Gendt","H","41","Besloten vennootschap met gewone structuur","70102","Holdings (geen financiële)","","","","","","",20000907,20000907,20011029,20000707,20011012,0,20000907,"",2016,20180207
"De Bilt","H","41","Besloten vennootschap met gewone structuur","65112","Naturaverzekeringen","","","","","","",20030113,20030113,20000705,20000701,0,0,20030113,"",2020,20211108
"Zeist","H","41","Besloten vennootschap met gewone structuur","6420","Financiële holdings","","","","","","",20000808,20000808,20151102,20000615,20151027,0,20000808,"",2020,20211020
"Loosdrecht","H","41","Besloten vennootschap met gewone structuur","6420","Financiële holdings","","","","","","",20000613,20000613,20000704,20000613,0,0,0,"",2020,20220209
"Huizen","","74","Stichting","9420","Werknemersorganisaties","","","","","","",20000622,20000622,0,0,0,0,0,"",0,0
"Haule","H","41","Besloten vennootschap met gewone structuur","64303","Beleggingsinst. met beperkte toetreding","","","","","","",20000606,20000606,20210519,20000606,20210429,0,0,"",2020,20211112
"Huizen","H","41","Besloten vennootschap met gewone structuur","6420","Financiële holdings","","","","","","",20000810,20000810,20000705,20000701,0,0,20000810,"",2020,20210702
"Muiderberg","H","41","Besloten vennootschap met gewone structuur","70221","Organisatie-adviesbureaus","","","","","","",20001025,20001025,20200611,20000705,20200501,0,20001025,"",2020,20220404
"Bunschoten-Spakenburg","H","41","Besloten vennootschap met gewone structuur","6420","Financiële holdings","","","","","","",20000705,20000705,20000705,20000705,20030204,0,0,"",2020,20210629
"Amsterdam","H","01","Eenmanszaak","3212","Bewerken edelstenen en verv. sieraden","","","","","N","N",0,0,20000626,20000101,20030411,0,20051231,"",0,0
"Bloemendaal","H","41","Besloten vennootschap met gewone structuur","69101","Advocatenkantoren, bewindv. en curatoren","","","","","N","N",20000531,20000531,20000705,20000531,20061101,0,0,"",2021,20220602
"Amsterdam","H","01","Eenmanszaak","90011","Beoefening van podiumkunst","85592","Bedrijfsopleiding en -training","","","N","N",0,0,20000705,19990901,0,0,20050101,"",0,0
"Leiderdorp","H","41","Besloten vennootschap met gewone structuur","6420","Financiële holdings","","","","","N","N",20000811,20000811,20050120,20000522,20220203,0,20000811,"",2020,20211229
"Amsterdam","H","01","Eenmanszaak","6201","Ontwikkelen/produceren/uitgeven software","","","","","N","N",0,0,20000401,20000401,20110601,0,0,"",0,0
"Uithoorn","H","41","Besloten vennootschap met gewone structuur","5811","Uitgeverijen van boeken","4761","Winkels in boeken","","","N","J",20000627,20000627,20000704,20000627,0,0,0,"",2020,0
"Haarlem","H","41","Besloten vennootschap met gewone structuur","5811","Uitgeverijen van boeken","","","","","N","N",20000627,20000627,20000704,20000627,20200326,0,0,"",2020,20211112
"Amsterdam","H","21","Commanditaire vennootschap","64301","Beleggingsinstell. in financiële activa","64302","Beleggingsinstellingen in vaste activa","","","N","N",20000504,0,20000705,20000504,20211201,0,0,"",0,0
"Amsterdam","H","01","Eenmanszaak","70222","Advisering ohgv management/bedrijfsv.","","","","","N","N",0,0,20000705,20000705,0,0,0,"",0,0
"Bloemendaal","","74","Stichting","94991","Gezelligheidsverenigingen","","","","","","",20000630,20000630,0,0,0,0,0,"",0,0
"Amsterdam","H","21","Commanditaire vennootschap","64301","Beleggingsinstell. in financiële activa","64302","Beleggingsinstellingen in vaste activa","","","N","N",20000504,0,20000705,20000504,20211201,0,0,"",0,0
"Bergen (NH)","H","41","Besloten vennootschap met gewone structuur","46421","Groothandel in bovenkleding","4616","HB textiel/kleding/schoeisel/lederwaren","","","J","J",20010216,20010216,20190409,20000701,20190408,0,20010216,"",2019,20200826
"Haarlem","H","01","Eenmanszaak","4332","Bouwtimmeren","4120","Algemene burgerlijke en utiliteitsbouw","43221","Loodg.- en fitterswerk; inst. sanitair","N","N",0,0,20000705,20000613,0,0,0,"",0,0
"Amsterdam","H","41","Besloten vennootschap met gewone structuur","6420","Financiële holdings","","","","","N","N",20000627,20000627,20000705,20000627,20211201,0,0,"",2020,20211028
"Amsterdam","H","01","Eenmanszaak","4120","Algemene burgerlijke en utiliteitsbouw","","","","","N","N",0,0,20000704,20000701,0,0,0,"",0,0
"Amsterdam","H","41","Besloten vennootschap met gewone structuur","6420","Financiële holdings","70221","Organisatie-adviesbureaus","","","N","N",20000818,20000818,20000705,20000601,20090826,0,20000818,"",2020,20220531
"Haarlem","H","41","Besloten vennootschap met gewone structuur","46442","GH was-, poets- en reinigingsmiddelen","77399","Verh./lease ov.mach./werkt./ov. goederen","","","N","N",20000821,20000821,20000705,20000705,0,0,20000821,"",2020,20220323
"Amsterdam","H","01","Eenmanszaak","4120","Algemene burgerlijke en utiliteitsbouw","","","","","N","N",0,0,20000705,20000615,0,0,0,"",0,0
"Zevenaar","H","01","Eenmanszaak","4120","Algemene burgerlijke en utiliteitsbouw","","","","","N","N",0,0,20110516,20000615,20220220,0,0,"",0,0
"Almere","H","01","Eenmanszaak","69209","Overige administratiekantoren","","","","","N","N",0,0,20030707,20000101,20160901,0,20021224,"",0,0
"Amstelveen","H","01","Eenmanszaak","70221","Organisatie-adviesbureaus","","","","","N","N",0,0,20150306,20000705,20150219,0,0,"",0,0
"Hippolytushoef","H","01","Eenmanszaak","7021","Adviesbureaus publ. relations en comm.","4761","Winkels in boeken","7311","Reclamebureaus","N","N",0,0,20000619,20000601,0,0,0,"",0,0
"Alkmaar","H","41","Besloten vennootschap met gewone structuur","6420","Financiële holdings","","","","","N","N",20000817,20000817,20000703,20000101,0,0,20000817,"",2020,20211111
"Alkmaar","H","41","Besloten vennootschap met gewone structuur","6202","Advisering ohgv informatietechnologie","6201","Ontwikkelen/produceren/uitgeven software","","","N","N",20000817,20000817,20000704,19990101,20190311,0,20000817,"",2020,20210824
"Egmond aan den Hoef","H","41","Besloten vennootschap met gewone structuur","2562","Algemene metaalbewerking","43999","Overige gespec. werkz. in de bouw (rest)","","","N","N",20100428,20100428,20000705,20000705,20140526,0,20100428,"",2020,20211206
"Bovenkarspel","H","41","Besloten vennootschap met gewone structuur","64923","Participatiemaatschappijen","","","","","N","N",20000704,20000704,20000705,20000704,20071201,0,0,"",2020,20220421
"Ursem","H","01","Eenmanszaak","7112","Ingenieurs/overig techn. ontwerp/advies","","","","","N","N",0,0,20000705,20000705,0,0,0,"",0,0
"Almere","H","41","Besloten vennootschap met gewone structuur","6420","Financiële holdings","","","","","N","N",20000703,20000703,20000704,20000703,20030116,0,0,"",2020,20211215
"Almere","H","41","Besloten vennootschap met gewone structuur","70221","Organisatie-adviesbureaus","","","","","N","N",20000703,20000703,20000704,20000703,20030203,0,0,"",2020,20211215
"Urk","H","41","Besloten vennootschap met gewone structuur","6420","Financiële holdings","","","","","","",20000630,20000630,20000704,20000630,20020101,0,0,"",2021,20220321
"Almere","H","01","Eenmanszaak","4334","Schilderen en glaszetten","85313","Praktijkonderwijs","","","N","N",0,0,20000704,20000704,20160101,0,0,"",0,0
"Lelystad","H","41","Besloten vennootschap met gewone structuur","70102","Holdings (geen financiële)","","","","","N","N",20000703,20000703,20000705,20000703,20130417,0,0,"",2020,20211215
"Doetinchem","H","41","Besloten vennootschap met gewone structuur","66292","Pensioenadv.bureaus/beheer pensioenverm.","","","","","N","N",20030428,20030428,20040701,20000701,20040701,0,20030428,"",2020,20211123
"Rhenen","H","41","Besloten vennootschap met gewone structuur","6420","Financiële holdings","","","","","N","N",20000822,20000822,20200306,20000701,20200305,0,20000822,"",2020,20210930
"Leeuwarden","","71","Vereniging met volledige rechtsbevoegdheid","94991","Gezelligheidsverenigingen","","","","","","",20000703,20000703,0,0,0,0,0,"",0,0
"Leeuwarden","","74","Stichting","94993","Steunfondsen (niet ohgv welzijnszorg)","","","","","","",20000630,20000630,0,0,0,0,0,"",0,0
"Leek","H","01","Eenmanszaak","6201","Ontwikkelen/produceren/uitgeven software","85511","Zeil- en surfscholen","","","","",0,0,20000705,20000622,20120103,0,0,"",0,0
"Wolvega","H","01","Eenmanszaak","4941","Goederenvervoer over weg (geen verhuiz.)","","","","","","",0,0,20000705,20000703,20080801,0,0,"",0,0
"Wergea","H","01","Eenmanszaak","4120","Algemene burgerlijke en utiliteitsbouw","4334","Schilderen en glaszetten","","","","",0,0,20000705,20000615,20041030,0,0,"",0,0
"Leeuwarden","H","21","Commanditaire vennootschap","5221","Dienstverlening voor vervoer over land","","","","","N","N",20000619,0,20000705,19791106,0,0,20000619,"",0,0
"'s-Gravenhage","H","41","Besloten vennootschap met gewone structuur","6420","Financiële holdings","","","","","","",20000704,20000704,20200323,20000704,20200323,0,0,"",2017,20190131
"Marum","H","41","Besloten vennootschap met gewone structuur","6420","Financiële holdings","","","","","","",20000704,20000704,20000706,20000704,20040604,0,0,"",2021,20220523
"Stadskanaal","H","11","Vennootschap onder firma","47523","Winkels in houten bouw-/tuinmaterialen","16239","Verv. overig timmerwerk voor de bouw","","","","",20050101,0,20000706,20000706,20180101,0,20050101,"",0,0
"Emmen","H","74","Stichting","91021","Musea","","","","","N","N",20000704,20000704,20220426,20000704,20220425,0,0,"",0,0
"Hoogeveen","H","41","Besloten vennootschap met gewone structuur","9103","Monumentenzorg","","","","","","",20000705,20000705,20000706,20000705,20080927,0,0,"",2020,20211120
"Hoogeveen","H","41","Besloten vennootschap met gewone structuur","4110","Projectontwikkeling","4120","Algemene burgerlijke en utiliteitsbouw","","","","",20000705,20000705,20000706,20000705,20080927,0,0,"",2020,20211120
"Hoogeveen","H","41","Besloten vennootschap met gewone structuur","4110","Projectontwikkeling","","","","","","",20000705,20000705,20000706,20000705,20080927,0,0,"",2020,20211031
"Beerzerveld","H","01","Eenmanszaak","96021","Haarverzorging","","","","","N","N",0,0,20000706,19811201,20090420,0,20000701,"",0,0
"Steenwijk","H","41","Besloten vennootschap met gewone structuur","4120","Algemene burgerlijke en utiliteitsbouw","70102","Holdings (geen financiële)","","","","",20000704,20000704,20000706,20000704,0,0,0,"",2020,20211019
"1070 Brussel","","74","Stichting","6420","Financiële holdings","","","","","","",20000426,20000426,20040322,0,0,0,0,"",0,0
"Nijverdal","H","41","Besloten vennootschap met gewone structuur","70222","Advisering ohgv management/bedrijfsv.","","","","","","",20000703,20000703,20000704,20000703,20080101,0,0,"",2019,20210913
"Kraggenburg","H","41","Besloten vennootschap met gewone structuur","9103","Monumentenzorg","66193","Hypotheek-/kredietbem./bankagentschappen","","","","",20000630,20000630,20100827,20000630,20100827,0,0,"",2021,20220327
"Lemele","H","41","Besloten vennootschap met gewone structuur","70102","Holdings (geen financiële)","","","","","","",20000704,20000704,20000705,20000704,20160101,0,0,"",2019,20201106
"Zwolle","","74","Stichting","6420","Financiële holdings","","","","","","",20000626,20000626,0,0,0,0,0,"",0,0
"Apeldoorn","H","41","Besloten vennootschap met gewone structuur","70102","Holdings (geen financiële)","","","","","N","N",20000629,20000629,20000705,20000629,20060301,0,0,"",2020,20220518
"Epe","","72","Vereniging met beperkte rechtsbevoegdheid","93142","Zaalsport in teamverband","","","","","","",19921001,0,0,0,0,0,0,"",0,0
"Goor","","71","Vereniging met volledige rechtsbevoegdheid","90011","Beoefening van podiumkunst","","","","","","",19990521,20000630,0,0,0,0,0,"",0,0
"Apeldoorn","H","41","Besloten vennootschap met gewone structuur","64301","Beleggingsinstell. in financiële activa","","","","","N","N",20000704,20000704,20000705,20000704,0,0,0,"",2021,20220218
"Wenum Wiesel","H","41","Besloten vennootschap met gewone structuur","70102","Holdings (geen financiële)","","","","","N","N",20000629,20000629,20000705,20000629,0,0,0,"",2020,20220317
"Markelo","H","41","Besloten vennootschap met gewone structuur","64301","Beleggingsinstell. in financiële activa","","","","","N","N",20000704,20000704,20000705,20000704,20030101,0,0,"",2021,20220530
"Almelo","H","01","Eenmanszaak","96022","Schoonheidsverzorging/pedi-/manicures","","","","","N","N",0,0,20000705,20000705,20140528,0,0,"",0,0
"Enschede","H","01","Eenmanszaak","1083","Verwerking van koffie en thee","","","","","J","J",0,0,20000706,20000706,20190201,0,0,"",0,0
"Apeldoorn","N","01","Eenmanszaak","9609","Overige dienstverlening (rest)","","","","","N","N",0,0,20000706,20000706,20210112,0,0,"",0,0
"Almelo","H","41","Besloten vennootschap met gewone structuur","46429","GH textielwaren algemeen assortiment","47918","Internethandel overige non-food","","","J","J",20000802,20000802,20000706,20000701,20190529,0,20000802,"",2020,20211126
"Nijmegen","H","41","Besloten vennootschap met gewone structuur","68204","Verh. onroerend goed (niet v woonruimte)","","","","","","",20000531,20000531,20000703,20000531,20000531,0,0,"",2020,20220316
"Ede","H","41","Besloten vennootschap met gewone structuur","8121","Interieurreiniging van gebouwen","78202","Uitleenbureaus","","","","",20000704,20000704,20000705,20000101,20190312,0,20000704,"",2020,20210630
"Zieuwent","","71","Vereniging met volledige rechtsbevoegdheid","88993","Lokaal welzijnswerk","","","","","","",20000608,20000608,0,0,0,0,0,"",0,0
"Lunteren","H","41","Besloten vennootschap met gewone structuur","6420","Financiële holdings","","","","","","",20000530,20000530,20000706,20000530,20220527,0,0,"",2020,20220216
"Wolfheze","H","01","Eenmanszaak","6201","Ontwikkelen/produceren/uitgeven software","","","","","","",0,0,20000706,20000401,20000401,0,0,"",0,0
"Heteren","H","01","Eenmanszaak","69102","Rechtskundige adviesbureaus","69103","Notariskantoren","","","","",0,0,20000706,20000706,0,0,0,"",0,0
"Beek","H","41","Besloten vennootschap met gewone structuur","7112","Ingenieurs/overig techn. ontwerp/advies","","","","","","",20000704,20000704,20000706,20000704,0,0,0,"",2020,20211221
"Beek","H","41","Besloten vennootschap met gewone structuur","64303","Beleggingsinst. met beperkte toetreding","","","","","N","N",20000703,20000703,20000706,20000703,20000703,0,0,"",2021,20220323
"Loerbeek","H","41","Besloten vennootschap met gewone structuur","70102","Holdings (geen financiële)","","","","","","",20000704,20000704,20000706,20000704,20170810,0,0,"",2020,20220408
"Arnhem","H","01","Eenmanszaak","69102","Rechtskundige adviesbureaus","70221","Organisatie-adviesbureaus","5621","Eventcatering","","",0,0,20000706,20000701,20110214,0,0,"",0,0
"Beek","H","41","Besloten vennootschap met gewone structuur","70102","Holdings (geen financiële)","","","","","","",20000704,20000704,20000706,20000704,20201030,0,0,"",2020,20220408
"Nijmegen","H","41","Besloten vennootschap met gewone structuur","6420","Financiële holdings","","","","","","",20000706,20000706,20000706,20000706,20200323,0,0,"",2020,20220209
"Rheden","H","21","Commanditaire vennootschap","64302","Beleggingsinstellingen in vaste activa","","","","","","",20000630,0,20000706,20000630,20170913,0,0,"",0,0
"Ruurlo","H","11","Vennootschap onder firma","69202","Accountants-administratieconsulenten","69204","Belastingconsulenten","","","","",20000701,0,20000706,20000701,20070917,0,0,"",0,0
"Aalten","H","41","Besloten vennootschap met gewone structuur","6832","Beheer van onroerend goed","","","","","","",20001019,20001019,20000706,20000705,0,0,20001019,"",2020,20220526
"Zoelen","","74","Stichting","86929","Samenwerkingsorganen ohgv gez.zorg","","","","","","",20000705,20000705,0,0,0,0,0,"",0,0
"Druten","","71","Vereniging met volledige rechtsbevoegdheid","93141","Individuele zaalsport","","","","","","",20000620,20000620,0,0,0,0,0,"",0,0
"Swolgen","H","41","Besloten vennootschap met gewone structuur","69101","Advocatenkantoren, bewindv. en curatoren","","","","","N","N",20070330,20070330,20000705,20000705,20170608,0,20070330,"",2020,20211028
"Venray","","71","Vereniging met volledige rechtsbevoegdheid","94997","Overige belangenbehartiging (rest)","","","","","","",19910000,20000622,0,0,0,0,0,"",0,0
"Landgraaf","H","01","Eenmanszaak","9609","Overige dienstverlening (rest)","","","","","N","N",0,0,20000706,20000706,20080714,0,0,"",0,0
"Sittard","H","41","Besloten vennootschap met gewone structuur","4120","Algemene burgerlijke en utiliteitsbouw","7112","Ingenieurs/overig techn. ontwerp/advies","85599","Studiebegeleiding/vorming/onderwijs","N","N",20020530,20020530,20000706,20000706,0,0,20020530,"",2021,20220614
"Grave","","74","Stichting","90011","Beoefening van podiumkunst","","","","","","",20000621,20000621,0,0,0,0,0,"",0,0
"Uden","H","41","Besloten vennootschap met gewone structuur","6420","Financiële holdings","","","","","","",20000828,20000828,20000704,20000501,20210301,0,20000828,"",2021,20220429
"Uden","H","41","Besloten vennootschap met gewone structuur","52291","Expediteurs/cargadoors/bevrachters e.d.","","","","","","",20000828,20000828,20000704,20000701,20210302,0,20000828,"",2021,20220429
"Hapert","","71","Vereniging met volledige rechtsbevoegdheid","94991","Gezelligheidsverenigingen","","","","","","",19991001,20000627,0,0,0,0,0,"",0,0
"Amsterdam","","71","Vereniging met volledige rechtsbevoegdheid","93152","Roei-, kano-, zeil- en surfsport e.d.","","","","","","",20000622,20000622,0,0,0,0,0,"",0,0
"Huisseling","H","41","Besloten vennootschap met gewone structuur","70221","Organisatie-adviesbureaus","78202","Uitleenbureaus","","","N","N",20000822,20000822,20000705,20000701,0,0,20000822,"",2020,20220104
"Huisseling","H","41","Besloten vennootschap met gewone structuur","6420","Financiële holdings","","","","","N","N",20000822,20000822,20000705,20000701,0,0,20000822,"",2020,20220104
"Beek en Donk","H","41","Besloten vennootschap met gewone structuur","6420","Financiële holdings","","","","","","",20000703,20000703,20000705,20000703,0,0,0,"",2019,20201013
"Rosmalen","H","41","Besloten vennootschap met gewone structuur","6420","Financiële holdings","","","","","","",20000703,20000703,20000704,20000703,0,0,0,"",2020,20211201
"Beek en Donk","H","41","Besloten vennootschap met gewone structuur","6420","Financiële holdings","","","","","","",20000703,20000703,20000705,20000703,0,0,0,"",2020,20211020
"Barendrecht","H","41","Besloten vennootschap met gewone structuur","6420","Financiële holdings","","","","","","",20000907,20000907,20050325,20000501,20061001,0,20000907,"",2020,20211027
"4007 Lemesos","H","41","Besloten vennootschap met gewone structuur","9002","Dienstverlening voor uitvoerende kunst","","","","","J","J",20000630,20000630,20160530,20000630,20190131,0,0,"",2017,20181127
"'s-Hertogenbosch","","71","Vereniging met volledige rechtsbevoegdheid","90011","Beoefening van podiumkunst","","","","","","",20000112,20000630,0,0,0,0,0,"",0,0
"Beek en Donk","H","41","Besloten vennootschap met gewone structuur","6420","Financiële holdings","","","","","","",20000703,20000703,20000705,20000703,20130410,0,0,"",2020,20211021
"Amsterdam","H","41","Besloten vennootschap met gewone structuur","6420","Financiële holdings","","","","","","",20000630,20000630,20081017,20000630,20180824,0,0,"",2021,20220325
"Uden","H","11","Vennootschap onder firma","4331","Stukadoren","","","","","","",20000701,0,20000706,20000701,0,0,0,"",0,0
"Eindhoven","H","41","Besloten vennootschap met gewone structuur","93119","Overige sportaccommodaties","","","","","","",20000630,20000630,20000705,20000630,20140301,0,0,"",2021,0
"Valkenswaard","H","41","Besloten vennootschap met gewone structuur","4110","Projectontwikkeling","","","","","","",20000628,20000628,20000706,20000628,20170515,0,0,"",2021,20220509
"Rosmalen","H","11","Vennootschap onder firma","85521","Dansscholen","","","","","N","N",20010101,0,20000706,20000706,20191022,0,20010101,"",0,0
"Best","","74","Stichting","64303","Beleggingsinst. met beperkte toetreding","","","","","","",20000623,20000623,0,0,0,0,0,"",0,0
"Terheijden","H","41","Besloten vennootschap met gewone structuur","69103","Notariskantoren","","","","","","",20000629,20000629,20071222,20000629,20021018,0,0,"",2021,20220517
"Goirle","H","01","Eenmanszaak","8219","Secretariële dienstverlening","","","","","","",0,0,20000706,20000706,20190905,0,20040101,"",0,0
"Krimpen aan den IJssel","H","41","Besloten vennootschap met gewone structuur","4120","Algemene burgerlijke en utiliteitsbouw","","","","","N","N",20030210,20030210,20100628,20000630,20220304,0,20030210,"",2020,20211229
"Breda","H","01","Eenmanszaak","4321","Elektrotechnische bouwinstallatie","4120","Algemene burgerlijke en utiliteitsbouw","","","N","N",0,0,20000706,20000706,0,0,0,"",0,0
"Oosterhout","H","01","Eenmanszaak","7112","Ingenieurs/overig techn. ontwerp/advies","","","","","","",0,0,20000706,20000706,0,0,0,"",0,0
"Groede","H","41","Besloten vennootschap met gewone structuur","6810","Handel in eigen onroerend goed","","","","","N","N",20000704,20000704,20000706,20000704,0,0,0,"",2019,20210407
"Kats","","74","Stichting","65301","Bedrijfstakpensioenfondsen","","","","","","",20000704,20000704,0,0,0,0,0,"",0,0
"Brouwershaven","","74","Stichting","70102","Holdings (geen financiële)","","","","","","",20000703,20000703,0,0,0,0,0,"",0,0
"Sommelsdijk","H","01","Eenmanszaak","47591","Winkels in meubels","","","","","","",0,0,20000705,20000501,20161109,0,0,"",0,0
"Groningen","H","41","Besloten vennootschap met gewone structuur","64303","Beleggingsinst. met beperkte toetreding","","","","","N","N",20000630,20000630,20050214,20000630,20050204,0,0,"",2021,20210711
"Groningen","H","41","Besloten vennootschap met gewone structuur","64303","Beleggingsinst. met beperkte toetreding","","","","","N","N",20000630,20000630,20050214,20000630,20050204,0,0,"",2021,20210711
"Groningen","H","41","Besloten vennootschap met gewone structuur","64303","Beleggingsinst. met beperkte toetreding","","","","","N","N",20000630,20000630,20050214,20000630,20050204,0,0,"",2021,20210711
"Rotterdam","H","41","Besloten vennootschap met gewone structuur","6420","Financiële holdings","","","","","N","N",20000630,20000630,20000706,20000630,20050822,0,0,"",2021,20220429
"Rotterdam","H","41","Besloten vennootschap met gewone structuur","69204","Belastingconsulenten","","","","","N","N",20000630,20000630,20000706,20000630,20050822,0,0,"",2021,20220429
"Rotterdam","H","41","Besloten vennootschap met gewone structuur","6420","Financiële holdings","","","","","N","N",20000802,20000802,20150903,20000704,20200224,0,20000802,"",2020,20220121
"Rotterdam","H","41","Besloten vennootschap met gewone structuur","16231","Verv. deuren, ramen en kozijnen van hout","4332","Bouwtimmeren","","","N","N",20010214,20010214,20000706,19700611,20090205,0,20010214,"",2020,20211015
"Alkmaar","H","41","Besloten vennootschap met gewone structuur","69204","Belastingconsulenten","64303","Beleggingsinst. met beperkte toetreding","","","N","N",20000630,20000630,20051026,20000630,20200205,0,0,"",2018,20191102
"Rotterdam","H","41","Besloten vennootschap met gewone structuur","6420","Financiële holdings","","","","","N","N",20000630,20000630,20000706,20000630,20050822,0,0,"",2021,20220410
"Rotterdam","H","41","Besloten vennootschap met gewone structuur","69204","Belastingconsulenten","","","","","N","N",20000630,20000630,20000706,20000630,20050822,0,0,"",2021,20220410
"Rotterdam","H","41","Besloten vennootschap met gewone structuur","6420","Financiële holdings","","","","","N","N",20000630,20000630,20000706,20000630,20050822,0,0,"",2021,20220519
"Rotterdam","H","01","Eenmanszaak","31011","Interieurbouw","3109","Vervaardiging van overige meubels","","","N","N",0,0,20000706,20000706,20140101,0,0,"",0,0
"Rotterdam","H","41","Besloten vennootschap met gewone structuur","69204","Belastingconsulenten","","","","","N","N",20000630,20000630,20000706,20000630,20050822,0,0,"",2021,20220519
"Nieuwerkerk ad IJssel","H","01","Eenmanszaak","96031","Uitvaartverzorging","","","","","N","N",0,0,20000706,20000706,20200827,0,0,"",0,0
"'s-Gravendeel","H","01","Eenmanszaak","4312","Grondverzet","","","","","","",0,0,20000706,20000701,0,0,0,"",0,0
"Rotterdam","H","41","Besloten vennootschap met gewone structuur","70221","Organisatie-adviesbureaus","","","","","","",20000623,20000623,20000706,20000623,20001215,0,0,"",2021,20220228
"Rotterdam","H","41","Besloten vennootschap met gewone structuur","93195","Organiseren van sportevenementen","","","","","N","N",20010126,20010126,20000706,20000701,20150929,0,20010126,"",2020,20211230
"Scherpenisse","H","01","Eenmanszaak","4312","Grondverzet","","","","","N","N",0,0,20060109,20000701,20051201,0,0,"",0,0
"Stellendam","H","41","Besloten vennootschap met gewone structuur","6420","Financiële holdings","","","","","","",20000705,20000705,20000706,20000705,0,0,0,"",2021,20220203
"Rotterdam","H","41","Besloten vennootschap met gewone structuur","93195","Organiseren van sportevenementen","","","","","N","N",20010126,20010126,20000706,20000701,20151106,0,20010126,"",2020,20211230
"Rotterdam","H","41","Besloten vennootschap met gewone structuur","93195","Organiseren van sportevenementen","","","","","N","N",20010126,20010126,20000706,20000701,20151106,0,20010126,"",2020,20211230
"Bavel","","74","Stichting","6420","Financiële holdings","","","","","","",20000704,20000704,0,0,0,0,0,"",0,0
"Dordrecht","","74","Stichting","6420","Financiële holdings","","","","","","",20000704,20000704,0,0,0,0,0,"",0,0
"'s-Gravenhage","","72","Vereniging met beperkte rechtsbevoegdheid","90011","Beoefening van podiumkunst","","","","","","",20000612,20000612,0,0,0,0,0,"",0,0
"Sleeuwijk","H","41","Besloten vennootschap met gewone structuur","64303","Beleggingsinst. met beperkte toetreding","","","","","N","N",20000626,20000626,20030414,20000626,20030414,0,0,"",2020,20210727
"'s-Gravenhage","H","41","Besloten vennootschap met gewone structuur","6630","Vermogensbeheer","","","","","N","N",20000829,20000829,20000704,20000626,20190201,0,20000829,"",2020,20211103
"Zoetermeer","H","41","Besloten vennootschap met gewone structuur","4942","Verhuisvervoer","52109","Opslag in distr.centra en overige opslag","78202","Uitleenbureaus","","",20080318,20080318,20000706,19981201,20200201,0,20080318,"",2020,20220506
"Berkel En Rodenrijs","H","41","Besloten vennootschap met gewone structuur","70102","Holdings (geen financiële)","68203","Verhuur van overige woonruimte","","","N","N",20001002,20001002,20090714,20000701,20130121,0,20001002,"",2020,20211213
"Honselersdijk","","71","Vereniging met volledige rechtsbevoegdheid","94997","Overige belangenbehartiging (rest)","","","","","","",20000705,20000705,0,0,0,0,0,"",0,0
"'s-Gravenhage","H","41","Besloten vennootschap met gewone structuur","64301","Beleggingsinstell. in financiële activa","","","","","N","N",20010514,20010514,20000705,20000701,20140206,0,20010514,"",2020,20210715
"Zwijndrecht","H","41","Besloten vennootschap met gewone structuur","46462","GH med./tandheelk.instr./verpl.art. e.d.","7320","Markt- en opinieonderzoekbureaus","85592","Bedrijfsopleiding en -training","N","N",20000908,20000908,20030710,19981101,20090101,0,20000908,"",2020,20211206
"Delft","H","41","Besloten vennootschap met gewone structuur","6420","Financiële holdings","","","","","N","N",20001013,20001013,20000706,20000628,0,0,20001013,"",2020,20210729
"Voorburg","H","01","Eenmanszaak","43221","Loodg.- en fitterswerk; inst. sanitair","","","","","N","N",0,0,20000706,20000615,20050407,0,0,"",0,0
"Rijswijk","H","01","Eenmanszaak","70222","Advisering ohgv management/bedrijfsv.","8291","Kredietinformatie- en incassobureaus","7490","Overige special. zakelijke dienstverl.","N","N",0,0,20141111,19940701,20141101,0,20000701,"",0,0
"Leiderdorp","N","11","Vennootschap onder firma","43221","Loodg.- en fitterswerk; inst. sanitair","","","","","N","N",19950406,0,20000704,20000616,20001201,0,0,"",2002,20030527
"Hillegom","","74","Stichting","64301","Beleggingsinstell. in financiële activa","","","","","","",20000703,20000703,0,0,0,0,0,"",0,0
"Appeltern","H","01","Eenmanszaak","9003","Schrijven en overige scheppende kunst","7311","Reclamebureaus","","","N","N",0,0,20140412,20000101,20050701,0,0,"",0,0
"Muiden","H","01","Eenmanszaak","7112","Ingenieurs/overig techn. ontwerp/advies","","","","","N","N",0,0,20180906,20000601,20220420,0,0,"",0,0
"De Meern","H","41","Besloten vennootschap met gewone structuur","64303","Beleggingsinst. met beperkte toetreding","","","","","","",20000821,20000821,20000706,20000704,20161205,0,20000821,"",2020,20220202
"Nieuwegein","H","41","Besloten vennootschap met gewone structuur","70221","Organisatie-adviesbureaus","85592","Bedrijfsopleiding en -training","","","","",20050530,20050530,20000706,20000701,20080711,0,20050530,"",2020,20210610
"Maartensdijk","H","41","Besloten vennootschap met gewone structuur","50201","Zee-/kustvaart(vracht/tank; geen sleep)","","","","","","",20070427,20070427,20000706,20000706,20050309,0,20070427,"",2019,20201218
"Utrecht","H","41","Besloten vennootschap met gewone structuur","59111","Prod. films (geen televisiefilms)","","","","","","",20010124,20010124,20000706,20000630,20170313,0,20010124,"",2022,0
"Leeuwarden","","74","Stichting","70221","Organisatie-adviesbureaus","","","","","","",20000706,20000706,0,0,0,0,0,"",0,0
"'s-Gravenhage","H","41","Besloten vennootschap met gewone structuur","66191","Admin.kantoren voor aandelen/obligaties","70222","Advisering ohgv management/bedrijfsv.","78202","Uitleenbureaus","","",20000808,20000808,20020327,20000615,20210802,0,20000808,"",2018,20190326
"Zeist","H","41","Besloten vennootschap met gewone structuur","70222","Advisering ohgv management/bedrijfsv.","85599","Studiebegeleiding/vorming/onderwijs","","","","",20000704,20000704,20000706,20000704,20100428,0,0,"",2020,20210223
"Houten","H","41","Besloten vennootschap met gewone structuur","46902","Niet-gespec. GH in niet-consumentenart.","","","","","J","J",20000928,20000928,20000706,20000601,20081128,0,20000928,"",2021,20220111
"Loenen aan de Vecht","H","41","Besloten vennootschap met gewone structuur","66191","Admin.kantoren voor aandelen/obligaties","","","","","","",20000718,20000718,20000706,20000701,20061101,0,20000718,"",2018,20200624
"Harderwijk","H","41","Besloten vennootschap met gewone structuur","6420","Financiële holdings","","","","","N","N",20001017,20001017,20001024,20000501,20001017,0,20001017,"",2021,20220328
"'s-Gravenhage","H","41","Besloten vennootschap met gewone structuur","70221","Organisatie-adviesbureaus","78202","Uitleenbureaus","","","N","N",20010928,20010928,20060110,20000701,20210802,0,20010928,"",2018,20190326
"Almere","H","41","Besloten vennootschap met gewone structuur","7021","Adviesbureaus publ. relations en comm.","6190","Overige telecommunicatie","","","J","J",20000629,20000629,20200403,20000531,20200401,0,20000629,"",2020,20211219
"Amsterdam","H","01","Eenmanszaak","6831","Bemidd. bij handel/huur/verhuur onr.goed","","","","","N","N",0,0,20000705,20000705,20191016,0,0,"",0,0
"Amsterdam","H","01","Eenmanszaak","6201","Ontwikkelen/produceren/uitgeven software","","","","","N","N",0,0,20000705,20000705,20150301,0,0,"",0,0
"Haarlem","H","41","Besloten vennootschap met gewone structuur","69201","Registeraccountants","","","","","N","N",20000824,20000824,20000706,20000501,20070508,0,20000824,"",2020,20210207
"Bloemendaal","H","01","Eenmanszaak","85599","Studiebegeleiding/vorming/onderwijs","85322","Volwassenen onderwijs","8541","Niet-universitair hoger onderwijs","N","N",0,0,20000706,20000101,0,0,0,"",0,0
"Zaandam","","74","Stichting","6010","Radio-omroepen","","","","","","",20000627,20000627,0,0,0,0,0,"",0,0
"Hillegom","H","01","Eenmanszaak","7112","Ingenieurs/overig techn. ontwerp/advies","","","","","N","N",0,0,20190102,20000701,20190101,0,0,"",0,0
"Aalsmeer","H","41","Besloten vennootschap met gewone structuur","69201","Registeraccountants","","","","","N","N",20000824,20000824,20000706,20000501,20010326,0,20000824,"",2020,20210407
"De Kwakel","H","41","Besloten vennootschap met gewone structuur","01304","Teelt van potplanten onder glas","0164","Behandeling van zaden voor vermeerdering","","","N","N",20000815,20000815,20000706,20000606,20131217,0,20000815,"",2021,20220615
"De Kwakel","H","41","Besloten vennootschap met gewone structuur","6420","Financiële holdings","","","","","N","N",20000815,20000815,20000706,20000606,0,0,20000815,"",2021,20220615
"Oude Meer","H","41","Besloten vennootschap met gewone structuur","70221","Organisatie-adviesbureaus","6622","Assurantietussenpersonen","","","N","N",20000706,20000706,20000706,20000706,20130101,0,0,"",2020,20211230
"Amsterdam","H","41","Besloten vennootschap met gewone structuur","56102","Fastfoodrest, cafet, ijssal, eetkr e.d.","","","","","N","N",20000704,20000704,20161215,20000704,20161215,0,0,"",2020,0
"Lisserbroek","H","01","Eenmanszaak","8130","Landschapsverzorging","4622","Groothandel in bloemen en planten","","","N","N",0,0,20000706,20000615,20080301,0,0,"",0,0
"Beverwijk","H","41","Besloten vennootschap met gewone structuur","6622","Assurantietussenpersonen","66193","Hypotheek-/kredietbem./bankagentschappen","","","N","N",20000901,20000901,20000706,20000620,20140225,0,20000901,"",2020,20211224
"Barneveld","H","96","Buitenl. op EG-venn. lijkende venn. met onderneming in Nederland","6420","Financiële holdings","","","","","N","N",19991213,19991213,20180306,20000315,20180228,0,0,"",0,0
"Maastricht","H","41","Besloten vennootschap met gewone structuur","64303","Beleggingsinst. met beperkte toetreding","70221","Organisatie-adviesbureaus","","","N","N",20000613,20000613,20000904,20000613,20190901,0,0,"",2020,20210426
"Uitgeest","H","41","Besloten vennootschap met gewone structuur","69209","Overige administratiekantoren","70222","Advisering ohgv management/bedrijfsv.","","","N","N",20000531,20000531,20000706,20000531,20070701,0,0,"",2016,20170323
"Hoofddorp","H","41","Besloten vennootschap met gewone structuur","70222","Advisering ohgv management/bedrijfsv.","","","","","N","N",20001026,20001026,20000706,20000701,0,0,20001026,"",2019,20201113
"De Kwakel","H","41","Besloten vennootschap met gewone structuur","4622","Groothandel in bloemen en planten","6420","Financiële holdings","01304","Teelt van potplanten onder glas","N","N",20000815,20000815,20000706,20000606,0,0,20000815,"",2021,20220615
"Amstelveen","H","41","Besloten vennootschap met gewone structuur","46699","GH ov.mach./app./toeb. ind./handel","","","","","N","J",20001121,20001121,20001130,20000706,20060201,0,20001121,"",2020,20210525
"Uithoorn","H","41","Besloten vennootschap met gewone structuur","7112","Ingenieurs/overig techn. ontwerp/advies","","","","","N","N",20000703,20000703,20000706,20000703,0,0,0,"",2020,20211022
"Medemblik","H","41","Besloten vennootschap met gewone structuur","6420","Financiële holdings","","","","","","",20000629,20000629,20000704,20000629,20201127,0,0,"",2021,20220530
"Heerhugowaard","H","41","Besloten vennootschap met gewone structuur","4662","Groothandel in gereedschapswerktuigen","","","","","J","J",20011224,20011224,20000706,20000705,20130123,0,20011224,"",2019,20201125
"Castricum","H","11","Vennootschap onder firma","47911","Internethandel voeding en drogisterij","4645","Groothandel in parfums en cosmetica","","","J","N",20020101,0,20020610,20000703,20050515,0,20020101,"",0,0
"Enkhuizen","H","01","Eenmanszaak","74201","Fotografie","","","","","","",0,0,20000706,20000710,20130411,0,0,"",0,0
"Purmerend","H","01","Eenmanszaak","96022","Schoonheidsverzorging/pedi-/manicures","","","","","N","N",0,0,20000706,20000706,0,0,0,"",0,0
"Hippolytushoef","H","01","Eenmanszaak","47763","Winkels dier(benodigdhed)en/hengelsp.art","47643","Winkels in sportart. (geen watersport)","","","N","N",0,0,20000706,19900501,20020201,0,20000701,"",0,0
"Biddinghuizen","H","41","Besloten vennootschap met gewone structuur","6420","Financiële holdings","","","","","","",20000630,20000630,20000705,20000630,20180410,0,0,"",2020,20210621
"De Meern","","71","Vereniging met volledige rechtsbevoegdheid","94992","Hobbyclubs","","","","","","",20000704,20000704,20150619,0,0,0,0,"",0,0
"Amsterdam","H","74","Stichting","7112","Ingenieurs/overig techn. ontwerp/advies","","","","","N","N",19881031,19881031,20000706,19881031,20120701,0,0,"",0,0
"Drachten","H","41","Besloten vennootschap met gewone structuur","70221","Organisatie-adviesbureaus","","","","","","",20001103,20001103,20000704,20000703,20210901,0,20001103,"",2020,20210701
"Lemmer","","71","Vereniging met volledige rechtsbevoegdheid","94997","Overige belangenbehartiging (rest)","","","","","","",20000608,20000608,0,0,0,0,0,"",0,0
"Rotstergaast","","71","Vereniging met volledige rechtsbevoegdheid","88993","Lokaal welzijnswerk","","","","","","",19230502,20000629,0,0,0,0,0,"",0,0
"Workum","","74","Stichting","9002","Dienstverlening voor uitvoerende kunst","","","","","","",20000620,20000620,0,0,0,0,0,"",0,0
"Harlingen","H","41","Besloten vennootschap met gewone structuur","70102","Holdings (geen financiële)","","","","","","",20000705,20000705,20000707,20000705,20001113,0,0,"",2019,20201111
"Broek","","71","Vereniging met volledige rechtsbevoegdheid","96031","Uitvaartverzorging","","","","","","",19091130,20000706,0,0,0,0,0,"",0,0
"Leeuwarden","H","11","Vennootschap onder firma","4741","Winkels in computers/randapp./software","5920","Maken en uitgeven van geluidsopnamen","5811","Uitgeverijen van boeken","N","N",20030101,0,20000710,20000710,0,0,20030101,"",0,0
"Harlingen","H","11","Vennootschap onder firma","4662","Groothandel in gereedschapswerktuigen","46693","GH verbrandingsmotoren/pompen/compress.","","","","",20040401,0,20040427,20000701,20000714,0,20040401,"",0,0
"Woldendorp","H","01","Eenmanszaak","4120","Algemene burgerlijke en utiliteitsbouw","","","","","N","N",0,0,20000710,20000710,20090401,0,0,"",0,0
"Groningen","H","41","Besloten vennootschap met gewone structuur","55102","Hotels (geen hotel-rest.)/pens./conf.o.","","","","","","",20000707,20000707,20000710,20000707,20150421,0,0,"",2021,20220419
"Lettelbert","H","01","Eenmanszaak","4120","Algemene burgerlijke en utiliteitsbouw","87901","Jeugdzorg (met overnacht. en dagverbl.)","","","N","N",0,0,20061002,20000701,20060601,0,0,"",0,0
"Zuidwolde","H","01","Eenmanszaak","0161","Dienstverl. akker- en/of tuinbouw","","","","","","",0,0,20000707,20000707,0,0,0,"",0,0
"Zwolle","H","41","Besloten vennootschap met gewone structuur","5812","Databanken","6201","Ontwikkelen/produceren/uitgeven software","","","","",20000704,20000704,20100622,20000704,20160701,0,0,"",2021,20220512
"Hoogeveen","H","41","Besloten vennootschap met gewone structuur","6420","Financiële holdings","","","","","","",20021002,20021002,20170719,20000401,20170701,0,20021003,"",2020,20211110
"Anderen","H","01","Eenmanszaak","0143","Fokken en houden van paarden en ezels","","","","","","",0,0,20000710,19970101,0,0,0,"",0,0
"Hattem","","72","Vereniging met beperkte rechtsbevoegdheid","64303","Beleggingsinst. met beperkte toetreding","","","","","","",19930914,0,0,0,0,0,0,"",0,0
"Nieuwleusen","H","41","Besloten vennootschap met gewone structuur","6420","Financiële holdings","","","","","","",20000630,20000630,20000706,20000630,0,0,0,"",2020,20220420
"Raalte","H","41","Besloten vennootschap met gewone structuur","6420","Financiële holdings","","","","","","",20000705,20000705,20000706,20000705,20181001,0,0,"",2020,20210927
"Genemuiden","H","41","Besloten vennootschap met gewone structuur","6420","Financiële holdings","","","","","","",20001128,20001128,20000707,20000101,0,0,20001128,"",2021,20220615
"Hardenberg","H","11","Vennootschap onder firma","77399","Verh./lease ov.mach./werkt./ov. goederen","77299","Verh. overige consumentenartikelen","47912","Internethandel consumentenelektronica","","",20000701,0,20000707,20000701,0,0,0,"",0,0
"Genemuiden","","71","Vereniging met volledige rechtsbevoegdheid","88993","Lokaal welzijnswerk","","","","","","",20000705,20000705,0,0,0,0,0,"",0,0
"Zwolle","H","41","Besloten vennootschap met gewone structuur","46691","Groothandel in intern transportmaterieel","45312","Groothandel/handelsbemiddeling in banden","","","","",20000705,20000705,20000710,20000705,0,0,0,"",2019,20200514
"'t Harde","","71","Vereniging met volledige rechtsbevoegdheid","94991","Gezelligheidsverenigingen","","","","","","",20000626,20000626,0,0,0,0,0,"",0,0
"Zwolle","","74","Stichting","94911","Religieuze organisaties","","","","","","",20000623,20000623,0,0,0,0,0,"",0,0
"Nijmegen","N","41","Besloten vennootschap met gewone structuur","45202","Bandenservicebedrijven","","","","","N","N",19760610,19760610,20000710,20000707,0,0,0,"",2021,20211015
"Harderwijk","H","41","Besloten vennootschap met gewone structuur","6832","Beheer van onroerend goed","","","","","N","N",20000524,20000524,20000605,20000524,0,0,0,"",2020,20210924
"Enschede","H","01","Eenmanszaak","4662","Groothandel in gereedschapswerktuigen","4611","HB landbouwprod., levende dieren e.d.","","","J","J",0,0,20000630,20000630,20151001,0,0,"",0,0
"Amsterdam","H","41","Besloten vennootschap met gewone structuur","6420","Financiële holdings","","","","","N","N",20000804,20000804,20211215,20000705,20211215,0,20000804,"",2021,20220516
"Arkel","H","41","Besloten vennootschap met gewone structuur","7112","Ingenieurs/overig techn. ontwerp/advies","","","","","N","N",20000627,20000627,20140412,20000627,20080601,0,0,"",2020,20210910
"Almelo","H","01","Eenmanszaak","43993","Metselen en voegen","","","","","N","N",0,0,20000706,20000706,0,0,0,"",0,0
"Rijssen","","71","Vereniging met volledige rechtsbevoegdheid","90011","Beoefening van podiumkunst","","","","","","",19990412,20000614,0,0,0,0,0,"",0,0
"Oldenzaal","","74","Stichting","94997","Overige belangenbehartiging (rest)","","","","","","",20000629,20000629,0,0,0,0,0,"",0,0
"Zutphen","H","01","Eenmanszaak","7311","Reclamebureaus","46471","Groothandel in huismeubilair","47789","Winkels gespec. in overige art. (rest)","N","N",0,0,20000707,20000707,20050601,0,0,"",0,0
"Rijssen","H","41","Besloten vennootschap met gewone structuur","6420","Financiële holdings","","","","","N","N",20000706,20000706,20000707,20000706,20200901,0,0,"",2020,20211029
"Empe","H","41","Besloten vennootschap met gewone structuur","6203","Beheer van computerfaciliteiten","","","","","N","N",20000904,20000904,20000908,20000904,0,0,0,"",2020,20220531
"Goor","H","41","Besloten vennootschap met gewone structuur","6420","Financiële holdings","","","","","N","N",20000706,20000706,20000707,20000706,20150304,0,0,"",2020,20220110
"Stroe","H","11","Vennootschap onder firma","69203","Boekhoudkantoren","","","","","N","N",20050101,0,20000707,20000501,0,0,20050101,"",0,0
"Harderwijk","H","41","Besloten vennootschap met gewone structuur","6420","Financiële holdings","","","","","N","N",20000524,20000524,20000707,20000524,20060321,0,0,"",2020,20211005
"Harderwijk","H","41","Besloten vennootschap met gewone structuur","6420","Financiële holdings","","","","","N","N",20000524,20000524,20000707,20000524,20041101,0,0,"",2020,20210924
"Katlijk","","74","Stichting","66191","Admin.kantoren voor aandelen/obligaties","","","","","","",20000705,20000705,0,0,0,0,0,"",0,0
"Amsterdam","H","41","Besloten vennootschap met gewone structuur","6420","Financiële holdings","6201","Ontwikkelen/produceren/uitgeven software","6202","Advisering ohgv informatietechnologie","N","N",20000706,20000706,20191125,20000706,20191111,0,0,"",2021,20211207
"Uddel","H","41","Besloten vennootschap met gewone structuur","0161","Dienstverl. akker- en/of tuinbouw","","","","","N","N",20000626,20000626,20000707,20000626,0,0,0,"",2020,20211228
"Vaassen","H","01","Eenmanszaak","45112","Handel/rep. personen-/lichte bedr.auto's","","","","","J","N",0,0,20000707,20000707,20180319,0,0,"",0,0
"Enschede","H","01","Eenmanszaak","9002","Dienstverlening voor uitvoerende kunst","","","","","N","N",0,0,20000710,20000710,20130401,0,0,"",0,0
"'t Harde","H","11","Vennootschap onder firma","2223","Verv. kunststofproducten voor de bouw","3012","Bouw van sport- en recreatievaartuigen","7721","Verhuur van sport- en recreatieartikelen","N","N",20070101,0,20000710,20000710,20110103,0,20070101,"",0,0
"Enschede","","72","Vereniging met beperkte rechtsbevoegdheid","64303","Beleggingsinst. met beperkte toetreding","","","","","","",20000531,0,0,0,0,0,0,"",0,0
"Nunspeet","H","01","Eenmanszaak","4741","Winkels in computers/randapp./software","9511","Reparatie van computers/randapparatuur","","","N","N",0,0,20000710,20000717,20110526,0,0,"",0,0
"Nijmegen","H","41","Besloten vennootschap met gewone structuur","86221","Praktijken medisch spec./med. dagbehand.","","","","","","",20000630,20000630,20000706,19860703,0,0,20000630,"",2020,20220120
"Wageningen","H","01","Eenmanszaak","6312","Webportals","","","","","","",0,0,20000706,20000701,20050601,0,0,"",0,0
"Doetinchem","H","01","Eenmanszaak","90012","Producenten van podiumkunst","9002","Dienstverlening voor uitvoerende kunst","","","","",0,0,20000706,20000701,0,0,0,"",0,0
"Aalten","H","41","Besloten vennootschap met gewone structuur","6420","Financiële holdings","","","","","N","N",20000706,20000706,20000707,20000706,20010928,0,0,"",2021,20220524
"Aalten","H","41","Besloten vennootschap met gewone structuur","6420","Financiële holdings","","","","","","",20000706,20000706,20000706,20000707,20210701,0,0,"",2021,20220524
"Arnhem","H","41","Besloten vennootschap met gewone structuur","86922","Arbobegeleiding en reïntegratie","","","","","N","N",20000705,20000705,20000707,20000705,20210630,0,0,"",2020,20210911
"Winterswijk","H","01","Eenmanszaak","45311","GH/HB auto-ond./-access. (geen banden)","45112","Handel/rep. personen-/lichte bedr.auto's","","","","",0,0,20000707,20000701,20171101,0,0,"",0,0
"Boekel","H","41","Besloten vennootschap met gewone structuur","70102","Holdings (geen financiële)","","","","","N","N",20000629,20000629,20010201,20000629,20181001,0,0,"",2020,20211213
"Lunteren","H","01","Eenmanszaak","55201","Verh. vakantiehuisjes en appartementen","","","","","","",0,0,20000707,20000701,0,0,0,"",0,0
"Haalderen","H","01","Eenmanszaak","46499","GH ov. consumentenart. (non-food) (rest)","","","","","","",0,0,20000707,20000708,0,0,0,"",0,0
"Nijmegen","","74","Stichting","85522","Kunstzinnige vorming voor amateurs","","","","","","",20000706,20000706,0,0,0,0,0,"",0,0
"Vaals","H","01","Eenmanszaak","4120","Algemene burgerlijke en utiliteitsbouw","","","","","","",0,0,20160628,20000707,20210401,0,0,"",0,0
"Doornenburg","","71","Vereniging met volledige rechtsbevoegdheid","93129","Overige buitensport","","","","","","",20000706,20000706,0,0,0,0,0,"",0,0
"'s-Heerenberg","H","01","Eenmanszaak","7311","Reclamebureaus","","","","","","",0,0,20000710,20000715,0,0,0,"",0,0
"Oosterbeek","H","01","Eenmanszaak","85592","Bedrijfsopleiding en -training","","","","","","",0,0,20000710,20000101,0,0,0,"",0,0
"Huissen","H","01","Eenmanszaak","96021","Haarverzorging","","","","","","",0,0,20000710,20000717,20200512,0,0,"",0,0
"Arnhem","H","41","Besloten vennootschap met gewone structuur","6810","Handel in eigen onroerend goed","4110","Projectontwikkeling","","","","",20000707,20000707,20000710,20000707,20140101,0,0,"",2021,20220525
"Nijmegen","","74","Stichting","69209","Overige administratiekantoren","","","","","","",20000707,20000707,0,0,0,0,0,"",0,0
"Didam","H","01","Eenmanszaak","6202","Advisering ohgv informatietechnologie","8130","Landschapsverzorging","7112","Ingenieurs/overig techn. ontwerp/advies","","",0,0,20000710,20000701,20050101,0,0,"",0,0
"Nijmegen","","74","Stichting","94993","Steunfondsen (niet ohgv welzijnszorg)","","","","","","",20000703,20000703,0,0,0,0,0,"",0,0
"Aalten","H","41","Besloten vennootschap met gewone structuur","43999","Overige gespec. werkz. in de bouw (rest)","","","","","N","N",20051026,20051026,20000710,20000701,20201015,0,20051026,"",2020,20210922
"Breedenbroek","H","41","Besloten vennootschap met gewone structuur","43999","Overige gespec. werkz. in de bouw (rest)","6420","Financiële holdings","","","","",20000818,20000818,20000710,20000707,20190301,0,20000818,"",2020,20210823
"Gorinchem","H","41","Besloten vennootschap met gewone structuur","70102","Holdings (geen financiële)","","","","","","",20000531,20000531,20000707,20000531,0,0,0,"",2020,20220330
"Tuil","H","41","Besloten vennootschap met gewone structuur","70102","Holdings (geen financiële)","78202","Uitleenbureaus","","","","",20000703,20000703,20000707,20000703,0,0,0,"",2020,20210817
"Noordeloos","","71","Vereniging met volledige rechtsbevoegdheid","94997","Overige belangenbehartiging (rest)","","","","","","",20000707,20000707,0,0,0,0,0,"",0,0
"Heijen","H","41","Besloten vennootschap met gewone structuur","3311","Reparatie van producten van metaal","77399","Verh./lease ov.mach./werkt./ov. goederen","","","N","N",20000802,20000802,20000706,20000701,0,0,20000802,"",2020,20210722
"Afferden L","","72","Vereniging met beperkte rechtsbevoegdheid","90011","Beoefening van podiumkunst","","","","","","",19840600,0,0,0,0,0,0,"",0,0
"Reuver","H","01","Eenmanszaak","4120","Algemene burgerlijke en utiliteitsbouw","46699","GH ov.mach./app./toeb. ind./handel","33123","Rep./onderh. machines specif.bedrijfstak","J","J",0,0,20000707,20000515,20000927,0,0,"",0,0
"Tegelen","H","01","Eenmanszaak","4334","Schilderen en glaszetten","","","","","N","N",0,0,20000707,20000710,20150408,0,0,"",0,0
"Einighausen","H","41","Besloten vennootschap met gewone structuur","70102","Holdings (geen financiële)","","","","","J","J",19631128,19631128,20000707,20000705,20130411,0,0,"",2021,20220518
"Susteren","H","41","Besloten vennootschap met gewone structuur","72111","Biotechnol. speur-/ontwikkelingswerk","","","","","N","N",20000630,20000630,20000707,20000630,20100801,0,0,"",2020,20211026
"Hulsberg","H","41","Besloten vennootschap met gewone structuur","88101","Thuiszorg","","","","","N","N",20000705,20000705,20000707,20000705,20190101,0,0,"",2017,20181028
"Klimmen","H","01","Eenmanszaak","90011","Beoefening van podiumkunst","9002","Dienstverlening voor uitvoerende kunst","","","J","N",0,0,20000710,20000601,20040914,0,0,"",0,0
"Heerlen","","74","Stichting","94997","Overige belangenbehartiging (rest)","","","","","","",20000705,20000705,0,0,0,0,0,"",0,0
"Maastricht","H","41","Besloten vennootschap met gewone structuur","6420","Financiële holdings","70221","Organisatie-adviesbureaus","","","N","N",20001003,20001003,20100307,20000701,20100307,0,20001003,"",2019,20220602
"Eys","","71","Vereniging met volledige rechtsbevoegdheid","93143","Kracht- en vechtsport","","","","","","",20000629,20000629,0,0,0,0,0,"",0,0
"Eygelshoven","H","01","Eenmanszaak","5630","Cafés","56101","Restaurants","","","N","N",0,0,20000710,20000701,0,0,20050101,"",0,0
"Eindhoven","H","41","Besloten vennootschap met gewone structuur","72192","Technisch speur- en ontwikkelingswerk","64303","Beleggingsinst. met beperkte toetreding","","","","",20000721,20000721,20000707,20000701,20130501,0,20000721,"",2019,20200303
"Leende","H","41","Besloten vennootschap met gewone structuur","70221","Organisatie-adviesbureaus","","","","","N","N",20100408,20100408,20000707,20000707,0,0,20100408,"",2018,20190330
"Gemert","H","41","Besloten vennootschap met gewone structuur","6202","Advisering ohgv informatietechnologie","","","","","","",20001023,20001023,20000707,20000707,20100625,0,20001023,"",2020,20220216
"Eindhoven","H","41","Besloten vennootschap met gewone structuur","6209","Ov. dienstv. act. ohgv informatietechn.","","","","","","",20030515,20030515,20000707,20000601,20210724,0,20030515,"",2016,20190315
"Knegsel","H","41","Besloten vennootschap met gewone structuur","8553","Auto- en motorrijscholen","","","","","","",20050527,20050527,20000707,20000707,20171101,0,20050527,"",2019,20201216
"Veldhoven","H","11","Vennootschap onder firma","4723","Winkels in vis","","","","","","",20000627,0,20000707,19950526,0,0,20000627,"",0,0
"Hapert","H","01","Eenmanszaak","43993","Metselen en voegen","","","","","N","N",0,0,20000707,20000714,0,0,0,"",0,0
"Berghem","H","01","Eenmanszaak","4334","Schilderen en glaszetten","4120","Algemene burgerlijke en utiliteitsbouw","","","N","N",0,0,20000707,20000714,20030701,0,0,"",0,0
"Nuenen","H","01","Eenmanszaak","70221","Organisatie-adviesbureaus","","","","","N","N",0,0,20000710,20000710,0,0,0,"",0,0
"Waalre","H","41","Besloten vennootschap met gewone structuur","6420","Financiële holdings","85592","Bedrijfsopleiding en -training","","","N","N",20010126,20010126,20000710,20000710,20220301,0,20010126,"",2021,20220506
"Grave","H","01","Eenmanszaak","4321","Elektrotechnische bouwinstallatie","","","","","N","N",0,0,20000710,20000701,0,0,0,"",0,0
"Helmond","H","01","Eenmanszaak","9002","Dienstverlening voor uitvoerende kunst","77299","Verh. overige consumentenartikelen","93125","Paardensport en maneges","","",0,0,20000710,20000710,20211001,0,0,"",0,0
"Oss","H","01","Eenmanszaak","33121","Rep./onderh. mach. voor algemeen gebruik","","","","","","",0,0,20000710,20000710,20210215,0,0,"",0,0
"Eersel","H","41","Besloten vennootschap met gewone structuur","6420","Financiële holdings","","","","","N","N",20001124,20001124,20000710,20000710,20110601,0,20001124,"",2020,20211103
"Wageningen","H","41","Besloten vennootschap met gewone structuur","6420","Financiële holdings","","","","","N","N",20001124,20001124,20150714,20000710,20150701,0,20001124,"",2019,20201022
"Biest-Houtakker","H","41","Besloten vennootschap met gewone structuur","6202","Advisering ohgv informatietechnologie","78202","Uitleenbureaus","","","","",20001124,20001124,20000710,20000710,20110614,0,20001124,"",2020,20210906
"Klein Zundert","H","41","Besloten vennootschap met gewone structuur","6202","Advisering ohgv informatietechnologie","78202","Uitleenbureaus","","","","",20051031,20051031,20010507,20000710,20051001,0,20051031,"",2020,20211129
"Heeze","H","01","Eenmanszaak","4941","Goederenvervoer over weg (geen verhuiz.)","","","","","","",0,0,20000710,20000710,0,0,0,"",0,0
"Sint-Oedenrode","H","01","Eenmanszaak","5912","Facilitaire activ. voor film-/tv-prod.","","","","","N","N",0,0,20000710,20000710,20100705,0,0,"",0,0
"Hilvarenbeek","N","41","Besloten vennootschap met gewone structuur","92009","Exploitatie amusements-/speelautomaten","","","","","","",19920508,19920508,20000707,19891113,0,0,19940103,"",2020,0
"Terheijden","H","21","Commanditaire vennootschap","0162","Dienstverl. voor fokken en houden dieren","","","","","","",20071015,0,20071222,20000704,20070801,0,20071015,"",0,0
"'s-Hertogenbosch","H","74","Stichting","9002","Dienstverlening voor uitvoerende kunst","94997","Overige belangenbehartiging (rest)","","","N","N",20000525,20000525,20100726,20090101,20130813,0,0,"",0,0
"Moergestel","H","41","Besloten vennootschap met gewone structuur","64303","Beleggingsinst. met beperkte toetreding","32502","Verv. medische instr./hulpmiddelen","","","","",20000705,20000705,20000707,20000705,0,0,0,"",2020,20211208
"Oisterwijk","","71","Vereniging met volledige rechtsbevoegdheid","94997","Overige belangenbehartiging (rest)","","","","","","",20000614,20000614,0,0,0,0,0,"",0,0
"Moergestel","H","41","Besloten vennootschap met gewone structuur","31011","Interieurbouw","","","","","","",20070328,20070328,20000710,20000710,20060815,0,20070328,"",2020,20210716
"Tilburg","H","01","Eenmanszaak","4120","Algemene burgerlijke en utiliteitsbouw","","","","","N","N",0,0,20000710,20000710,20040901,0,0,"",0,0
"Berkel-Enschot","","74","Stichting","90011","Beoefening van podiumkunst","","","","","","",20000615,20000615,0,0,0,0,0,"",0,0
"Lage Zwaluwe","H","41","Besloten vennootschap met gewone structuur","6420","Financiële holdings","","","","","","",20000824,20000824,20071222,20000701,20120407,0,20000824,"",2021,20220616
"Raamsdonksveer","H","41","Besloten vennootschap met gewone structuur","6612","Commissionairs/makelaars in effecten ed","","","","","","",20041130,20041130,20071222,20000710,20020702,0,20041130,"",2020,20210331
"Oisterwijk","H","41","Besloten vennootschap met gewone structuur","70222","Advisering ohgv management/bedrijfsv.","53202","Koeriers","","","","",20000705,20000705,20000710,20000705,0,0,0,"",2021,20220127
"Moergestel","H","41","Besloten vennootschap met gewone structuur","64303","Beleggingsinst. met beperkte toetreding","","","","","","",20000705,20000705,20000710,20000705,0,0,0,"",2009,20110708
"Roosendaal","H","41","Besloten vennootschap met gewone structuur","4622","Groothandel in bloemen en planten","47918","Internethandel overige non-food","","","J","J",20000629,20000629,20000706,20000629,20170701,0,0,"",2020,20210412
"Ridderkerk","H","41","Besloten vennootschap met gewone structuur","7112","Ingenieurs/overig techn. ontwerp/advies","","","","","","",20000815,20000815,20091125,20000703,20090915,0,20000815,"",2018,20191213
"Breda","H","41","Besloten vennootschap met gewone structuur","6612","Commissionairs/makelaars in effecten ed","","","","","","",20040528,20040528,20010816,20000706,20210622,0,20040528,"",2020,20211221
"Breda","H","41","Besloten vennootschap met gewone structuur","46435","Groothandel in beeld- en geluidsdragers","5920","Maken en uitgeven van geluidsopnamen","7112","Ingenieurs/overig techn. ontwerp/advies","","",20001102,20001102,20000707,19991201,20200901,0,20001102,"",2020,20211108
"Gouda","H","41","Besloten vennootschap met gewone structuur","64303","Beleggingsinst. met beperkte toetreding","6420","Financiële holdings","","","N","N",20000628,20000628,20070903,20000628,20090401,0,0,"",2020,20211223
"Poortvliet","H","11","Vennootschap onder firma","0150","Akker-/tuinbouw icm fokken/houden dieren","5530","Kampeerterreinen","56101","Restaurants","N","N",20040101,0,20000707,20000623,0,0,20040101,"",0,0
"Kruiningen","H","41","Besloten vennootschap met gewone structuur","6420","Financiële holdings","","","","","N","N",20000821,20000821,20000707,20000626,20160923,0,20000821,"",2020,20210706
"Middelburg","H","41","Besloten vennootschap met gewone structuur","69102","Rechtskundige adviesbureaus","70221","Organisatie-adviesbureaus","69204","Belastingconsulenten","N","N",20000821,20000821,20000707,20000626,20100101,0,20000821,"",2020,20211026
"Aardenburg","","71","Vereniging met volledige rechtsbevoegdheid","94991","Gezelligheidsverenigingen","","","","","","",20000629,20000629,0,0,0,0,0,"",0,0
"Hulst","H","01","Eenmanszaak","0150","Akker-/tuinbouw icm fokken/houden dieren","","","","","N","N",0,0,20000710,20000101,0,0,0,"",0,0
"Bleiswijk","H","01","Eenmanszaak","4932","Vervoer per taxi","","","","","N","N",0,0,20081218,19760101,20081101,0,20000201,"",0,0
"Rotterdam","H","11","Vennootschap onder firma","4753","Winkels in vloerbedekking en gordijnen","","","","","N","N",20000701,0,20000710,20000701,20000701,0,0,"",0,0
"Rhoon","H","41","Besloten vennootschap met gewone structuur","6420","Financiële holdings","","","","","N","N",19931007,19931007,20000707,20000531,20111231,0,0,"",2020,20211029
"Papendrecht","H","01","Eenmanszaak","4120","Algemene burgerlijke en utiliteitsbouw","","","","","","",0,0,20000707,20000701,20190526,0,0,"",0,0
"Lopik","H","01","Eenmanszaak","43993","Metselen en voegen","","","","","N","N",0,0,20021202,20000701,20110804,0,0,"",0,0
"Zwijndrecht","H","01","Eenmanszaak","4334","Schilderen en glaszetten","","","","","N","N",0,0,20000707,20000707,20140523,0,0,"",0,0
"Maassluis","H","01","Eenmanszaak","96021","Haarverzorging","","","","","N","N",0,0,20000707,20000701,20200404,0,0,"",0,0
"Zeist","H","41","Besloten vennootschap met gewone structuur","78202","Uitleenbureaus","","","","","","",20010124,20010124,20080520,20000701,20140331,0,20010124,"",2021,20220412
"Rotterdam","H","41","Besloten vennootschap met gewone structuur","6420","Financiële holdings","","","","","N","N",20000905,20000905,20000707,20000706,20151127,0,20000905,"",2015,20170327
"Oudenbosch","H","41","Besloten vennootschap met gewone structuur","6420","Financiële holdings","","","","","N","N",20000905,20000905,20150414,20000706,20181201,0,20000905,"",2020,20211011
"Rotterdam","H","01","Eenmanszaak","96022","Schoonheidsverzorging/pedi-/manicures","","","","","N","N",0,0,20000707,20000707,0,0,0,"",0,0
"Rotterdam","H","41","Besloten vennootschap met gewone structuur","6420","Financiële holdings","","","","","N","N",20000905,20000905,20000707,20000706,20151127,0,20000905,"",2015,20170327
"Rotterdam","H","41","Besloten vennootschap met gewone structuur","70221","Organisatie-adviesbureaus","","","","","N","N",20000823,20000823,20000707,20000705,0,0,20000823,"",2020,20210810
"Oud-Beijerland","H","01","Eenmanszaak","74201","Fotografie","7490","Overige special. zakelijke dienstverl.","","","N","N",0,0,20000707,20000707,20211129,0,0,"",0,0
"Amsterdam","H","51","Naamloze vennootschap met gewone structuur","6420","Financiële holdings","","","","","N","N",20000630,20000630,20160530,20000630,20190729,0,0,"",2020,20211217
"Maassluis","H","01","Eenmanszaak","9003","Schrijven en overige scheppende kunst","","","","","N","N",0,0,20000710,20000711,20190102,0,0,"",0,0
"Vlaardingen","H","01","Eenmanszaak","4332","Bouwtimmeren","","","","","N","N",0,0,20000710,20000710,0,0,0,"",0,0
"Rotterdam","H","41","Besloten vennootschap met gewone structuur","6420","Financiële holdings","","","","","N","N",20000906,20000906,20000710,20000601,0,0,20000906,"",2017,20190124
"Amsterdam","H","41","Besloten vennootschap met gewone structuur","4110","Projectontwikkeling","6420","Financiële holdings","","","N","N",20000705,20000705,20191120,20000705,20211101,0,0,"",2020,20211115
"Amsterdam","H","41","Besloten vennootschap met gewone structuur","6420","Financiële holdings","","","","","N","N",20000630,20000630,20140509,20000630,20140508,0,0,"",2021,20220602
"'s-Gravenhage","H","41","Besloten vennootschap met gewone structuur","6201","Ontwikkelen/produceren/uitgeven software","4651","GH computers, randapparatuur en software","","","N","N",20010208,20010208,20200617,20000701,20200601,0,20010208,"",2020,20220301
"Vlaardingen","H","41","Besloten vennootschap met gewone structuur","64301","Beleggingsinstell. in financiële activa","6420","Financiële holdings","","","N","N",20000703,20000703,20000710,20000703,20160502,0,0,"",2020,20210526
"Rotterdam","H","41","Besloten vennootschap met gewone structuur","70221","Organisatie-adviesbureaus","78202","Uitleenbureaus","","","N","N",20000703,20000703,20110331,19971001,20181001,0,20000703,"",2016,20180716
"Rozenburg","H","41","Besloten vennootschap met gewone structuur","6420","Financiële holdings","","","","","N","N",20000529,20000529,20000710,20000529,0,0,0,"",2020,20211105
"Rotterdam","H","41","Besloten vennootschap met gewone structuur","69202","Accountants-administratieconsulenten","","","","","N","N",20000529,20000529,20000710,20000529,20190417,0,0,"",2019,20201214
"Rotterdam","H","41","Besloten vennootschap met gewone structuur","46499","GH ov. consumentenart. (non-food) (rest)","","","","","J","J",20000704,20000704,20000710,20000704,20191111,0,0,"",2020,20211014
"Brielle","H","01","Eenmanszaak","3315","Reparatie en onderhoud van schepen","7732","Verh./lease machines/instal.voor de bouw","","","N","N",0,0,20000710,20000101,20010423,0,0,"",0,0
"Amsterdam","H","41","Besloten vennootschap met gewone structuur","6420","Financiële holdings","","","","","N","N",20001013,20001013,20031117,20000701,20031115,0,20001013,"",2020,20220426
"Maassluis","H","41","Besloten vennootschap met gewone structuur","7112","Ingenieurs/overig techn. ontwerp/advies","6810","Handel in eigen onroerend goed","","","N","N",20000727,20000727,20000710,20000701,20100419,0,20000727,"",2020,20220329
"Ridderkerk","H","41","Besloten vennootschap met gewone structuur","6420","Financiële holdings","","","","","N","N",20000825,20000825,20000710,20000101,20131001,0,20000825,"",2020,20211026
"Vleuten","H","41","Besloten vennootschap met gewone structuur","70222","Advisering ohgv management/bedrijfsv.","","","","","","",20001010,20001010,20061005,20000623,20061005,0,20001010,"",2018,20200319
"Zevenhuizen","H","41","Besloten vennootschap met gewone structuur","6420","Financiële holdings","","","","","","",20000530,20000530,20000710,20000530,0,0,0,"",2020,20220329
"Hoek van Holland","H","01","Eenmanszaak","85522","Kunstzinnige vorming voor amateurs","","","","","N","N",0,0,20000710,20000701,20150120,0,20060901,"",0,0
"Rotterdam","H","41","Besloten vennootschap met gewone structuur","6420","Financiële holdings","","","","","N","N",20010117,20010117,20000710,20000701,20010117,0,20010117,"",2020,20211217
"Rotterdam","H","41","Besloten vennootschap met gewone structuur","4120","Algemene burgerlijke en utiliteitsbouw","","","","","N","N",20010117,20010117,20000710,20000701,0,0,20010117,"",2020,20211217
"Schiedam","H","41","Besloten vennootschap met gewone structuur","6420","Financiële holdings","","","","","N","N",20000818,20000818,20000710,20000615,20071017,0,20000818,"",2020,20210913
"Blaricum","H","41","Besloten vennootschap met gewone structuur","6420","Financiële holdings","","","","","N","N",20000630,20000630,20120725,20000630,20120711,0,0,"",2021,20220602
"Oude-Tonge","H","01","Eenmanszaak","9529","Reparatie van overige consumentenart.","47999","DH via overige distributievormen","85592","Bedrijfsopleiding en -training","","",0,0,20000710,19911101,20091101,0,0,"",0,0
"'s-Gravenhage","N","41","Besloten vennootschap met gewone structuur","1071","Verv. brood en vers banketbakkerswerk","","","","","N","N",20070531,20070531,20000705,19650400,0,0,20070531,"",2020,20220106
"Hoogeveen","N","41","Besloten vennootschap met gewone structuur","77111","Verh. personen-/lichte bedrijfsauto's","","","","","N","N",19730717,19730717,20000703,20000701,0,0,0,"",2021,0
"'s-Gravenhage","","71","Vereniging met volledige rechtsbevoegdheid","94991","Gezelligheidsverenigingen","","","","","","",20000629,20000629,0,0,0,0,0,"",0,0
"Klein Zundert","H","41","Besloten vennootschap met gewone structuur","7112","Ingenieurs/overig techn. ontwerp/advies","","","","","N","N",20000705,20000705,20070911,20000628,20070720,0,20000705,"",2020,20211231
"'s-Gravenhage","H","41","Besloten vennootschap met gewone structuur","9604","Sauna's, solaria, baden e.d.","32502","Verv. medische instr./hulpmiddelen","70102","Holdings (geen financiële)","N","N",20000905,20000905,20000703,20000425,0,0,20000905,"",2020,20211220
"'s-Gravenhage","H","01","Eenmanszaak","85522","Kunstzinnige vorming voor amateurs","","","","","N","N",0,0,20000703,19990101,20050324,0,0,"",0,0
"'s-Gravenhage","H","41","Besloten vennootschap met gewone structuur","20149","Verv. overige organ. basischemicaliën","","","","","N","N",20000427,20000427,20000703,19781013,0,0,20000427,"",2020,20210611
"'s-Gravenhage","H","41","Besloten vennootschap met gewone structuur","69105","Octrooibureaus","","","","","N","N",20000628,20000628,20000703,20000628,20150928,0,0,"",2020,20220429
"'s-Gravenhage","H","41","Besloten vennootschap met gewone structuur","68203","Verhuur van overige woonruimte","","","","","N","N",20000905,20000905,20000703,20000425,20141001,0,20000905,"",2019,20210331
"'s-Gravenhage","H","41","Besloten vennootschap met gewone structuur","6420","Financiële holdings","","","","","N","N",20000628,20000628,20000703,20000628,20150928,0,0,"",2020,20220429
"Leidschendam","","74","Stichting","8230","Organiseren van congressen en beurzen","","","","","","",20000320,20000320,0,0,0,0,0,"",0,0
"'s-Gravenhage","H","41","Besloten vennootschap met gewone structuur","6420","Financiële holdings","70221","Organisatie-adviesbureaus","","","","",20001009,20001009,20000705,20000701,20080201,0,20001009,"",2021,20220305
"Rijswijk","H","41","Besloten vennootschap met gewone structuur","70102","Holdings (geen financiële)","","","","","N","N",20000704,20000704,20000706,20000704,20161209,0,0,"",2020,20210922
"'s-Gravenhage","H","41","Besloten vennootschap met gewone structuur","6810","Handel in eigen onroerend goed","","","","","N","N",20000629,20000629,20000705,20000629,20081016,0,0,"",2020,20210609
"Putten","H","01","Eenmanszaak","9002","Dienstverlening voor uitvoerende kunst","90013","Circus en variété","90011","Beoefening van podiumkunst","N","N",0,0,20170329,20000707,20170324,0,20010715,"",0,0
"KWINTSHEUL","","72","Vereniging met beperkte rechtsbevoegdheid","94997","Overige belangenbehartiging (rest)","","","","","","",20000530,20000530,0,0,0,0,0,"",0,0
"Rijswijk","H","41","Besloten vennootschap met gewone structuur","70221","Organisatie-adviesbureaus","7810","Arbeidsbemiddeling","7021","Adviesbureaus publ. relations en comm.","","",20010316,20010316,20000710,20000601,20080415,0,20010316,"",2020,20210923
"Leimuiden","","71","Vereniging met volledige rechtsbevoegdheid","93194","Supportersverenigingen (sport)","","","","","","",20000615,20000615,0,0,0,0,0,"",0,0
"Leiderdorp","H","01","Eenmanszaak","9003","Schrijven en overige scheppende kunst","9002","Dienstverlening voor uitvoerende kunst","7311","Reclamebureaus","N","N",0,0,20000706,20000701,0,0,0,"",0,0
"Katwijk","H","01","Eenmanszaak","7112","Ingenieurs/overig techn. ontwerp/advies","","","","","N","N",0,0,20000707,20000701,20120501,0,0,"",0,0
"Boskoop","H","41","Besloten vennootschap met gewone structuur","70102","Holdings (geen financiële)","","","","","N","N",20000704,20000704,20000714,20000101,20020801,0,20000704,"",2014,20150728
"Amsterdam","H","41","Besloten vennootschap met gewone structuur","6420","Financiële holdings","64303","Beleggingsinst. met beperkte toetreding","","","N","N",20000606,20000606,20010619,20000606,20031222,0,0,"",2020,20210506
"Rijnsburg","H","41","Besloten vennootschap met gewone structuur","70222","Advisering ohgv management/bedrijfsv.","","","","","J","J",20000811,20000811,20000818,20000701,20180629,0,20000811,"",2020,20211118
"Voorhout","H","41","Besloten vennootschap met gewone structuur","6420","Financiële holdings","","","","","N","N",20000627,20000627,20000707,20000627,20190815,0,0,"",2020,20211109
"Nieuwkoop","","74","Stichting","70102","Holdings (geen financiële)","","","","","","",20000525,20000525,0,0,0,0,0,"",0,0
"Alphen aan den Rijn","H","01","Eenmanszaak","4312","Grondverzet","78202","Uitleenbureaus","","","N","N",0,0,20000707,20000707,20040202,0,0,"",0,0
"Amsterdam","H","41","Besloten vennootschap met gewone structuur","85591","Afstandsonderwijs","","","","","N","N",20000609,20000609,20170307,20170303,20200702,0,0,"",2020,20220228
"Ouderkerk aan de Amstel","","74","Stichting","64303","Beleggingsinst. met beperkte toetreding","","","","","","",20000616,20000616,0,0,0,0,0,"",0,0
"Leiden","H","41","Besloten vennootschap met gewone structuur","4721","Winkels in aardappelen/groenten/fruit","","","","","N","N",20011112,20011112,20000710,20000411,20011112,0,20011112,"",2020,20210825
"Katwijk","H","01","Eenmanszaak","96022","Schoonheidsverzorging/pedi-/manicures","47717","Winkels in mode-artikelen","47789","Winkels gespec. in overige art. (rest)","","",0,0,20000710,20000710,20090720,0,0,"",0,0
"Veenendaal","H","41","Besloten vennootschap met gewone structuur","6810","Handel in eigen onroerend goed","6420","Financiële holdings","","","","",20000706,20000706,20000706,20000706,20210329,0,0,"",2021,20220613
"Den Dolder","H","41","Besloten vennootschap met gewone structuur","2822","Verv. hijs-, hef- en transportwerktuigen","","","","","","",20000705,20000705,20000706,20000705,20010315,0,0,"",2017,20181231
"Nieuwegein","H","41","Besloten vennootschap met gewone structuur","6420","Financiële holdings","","","","","","",20000622,20000622,20000707,20000622,20060102,0,0,"",2021,20220407
"Barneveld","H","41","Besloten vennootschap met gewone structuur","2229","Verv. overige producten van kunststof","","","","","","",20000906,20000906,20210921,20000601,20170101,0,20000906,"",2020,20210705
"Woerden","","71","Vereniging met volledige rechtsbevoegdheid","93141","Individuele zaalsport","","","","","","",20000706,20000705,0,0,0,0,0,"",0,0
"Bilthoven","H","41","Besloten vennootschap met gewone structuur","6420","Financiële holdings","","","","","","",20000719,20000719,20000707,20000622,0,0,20000719,"",2020,20211105
"Leersum","H","01","Eenmanszaak","7112","Ingenieurs/overig techn. ontwerp/advies","85592","Bedrijfsopleiding en -training","","","","",0,0,20000707,20000706,20140217,0,0,"",0,0
"Utrecht","H","41","Besloten vennootschap met gewone structuur","6420","Financiële holdings","","","","","N","N",20000804,20000804,20050308,20000701,20050101,0,20000804,"",2020,20210813
"Zeist","H","11","Vennootschap onder firma","4661","GH landbouwmachines/werktuigen/tractoren","46218","GH akkerbouwprod./veevoeder (alg. ass.)","9529","Reparatie van overige consumentenart.","","",20000707,0,20000707,20000707,20160201,0,0,"",0,0
"Zevenaar","H","41","Besloten vennootschap met gewone structuur","70221","Organisatie-adviesbureaus","","","","","","",20000807,20000807,20011122,20000701,20011101,0,20000807,"",2020,20211018
"Reeuwijk","H","01","Eenmanszaak","7112","Ingenieurs/overig techn. ontwerp/advies","","","","","N","N",0,0,20161004,20000701,20190101,0,0,"",0,0
"Utrecht","H","41","Besloten vennootschap met gewone structuur","7112","Ingenieurs/overig techn. ontwerp/advies","","","","","","",20010216,20010216,20000707,20000701,20120101,0,20010216,"",2020,20211108
"Waddinxveen","H","41","Besloten vennootschap met gewone structuur","46311","Groothandel in groenten en fruit","4617","HB in voedings- en genotmiddelen","","","J","J",20000822,20000822,20091019,20000717,20091019,0,20000822,"",2021,20211224
"Linschoten","H","41","Besloten vennootschap met gewone structuur","70102","Holdings (geen financiële)","64303","Beleggingsinst. met beperkte toetreding","","","","",20000822,20000822,20020315,20000717,20031013,0,20000822,"",2021,20211224
"Zegveld","H","01","Eenmanszaak","4120","Algemene burgerlijke en utiliteitsbouw","","","","","","",0,0,20000710,20000701,20110921,0,0,"",0,0
"Bunnik","H","41","Besloten vennootschap met gewone structuur","4311","Slopen van bouwwerken","","","","","","",20001017,20001017,20000710,20000701,20010301,0,20001017,"",2021,20220428
"Bunnik","H","41","Besloten vennootschap met gewone structuur","42111","Wegenbouw","4312","Grondverzet","4221","Leggen van rioleringen/buizen/pijpen ed","","",20001017,20001017,20000710,20000701,20010301,0,20001017,"",2021,20220428
"Ambt Delden","H","41","Besloten vennootschap met gewone structuur","6420","Financiële holdings","70221","Organisatie-adviesbureaus","78202","Uitleenbureaus","","",20000705,20000705,20100727,20000705,20190214,0,0,"",2020,20210309
"Veenendaal","","71","Vereniging met volledige rechtsbevoegdheid","94997","Overige belangenbehartiging (rest)","","","","","","",20000706,20000706,0,0,0,0,0,"",0,0
"Amsterdam","H","41","Besloten vennootschap met gewone structuur","6420","Financiële holdings","","","","","N","N",20000705,20000705,20040428,20000705,20200101,0,0,"",2020,20220608
"Utrecht","H","01","Eenmanszaak","70221","Organisatie-adviesbureaus","","","","","N","N",0,0,20000710,20000701,20081204,0,0,"",0,0
"IJsselstein","H","41","Besloten vennootschap met gewone structuur","64303","Beleggingsinst. met beperkte toetreding","","","","","","",20000706,20000706,20000710,20000706,0,0,0,"",2020,20211111
"Driebergen-Rijsenburg","H","01","Eenmanszaak","70221","Organisatie-adviesbureaus","93125","Paardensport en maneges","","","","",0,0,20000710,20000710,20080314,0,0,"",0,0
"Hilversum","N","11","Vennootschap onder firma","47712","Winkels in dameskleding","","","","","","",19930601,0,20000710,19731001,20000301,0,20000301,"",0,0
"Huizen","H","41","Besloten vennootschap met gewone structuur","70221","Organisatie-adviesbureaus","","","","","","",19880122,19880122,20000707,20000703,20091211,0,0,"",2020,20220414
"Leusden","H","41","Besloten vennootschap met gewone structuur","4618","HB gespecialiseerd in overige goederen","4614","HB mach./techn.ben./schepen/vliegtuigen","","","","",20000703,20000703,20000707,20000703,0,0,0,"",2020,20211105
"Hilversum","H","01","Eenmanszaak","4120","Algemene burgerlijke en utiliteitsbouw","","","","","N","N",0,0,20000707,20000707,0,0,0,"",0,0
"Baarn","H","41","Besloten vennootschap met gewone structuur","69202","Accountants-administratieconsulenten","","","","","","",20000630,20000630,20000707,20000401,20010701,0,0,"",2020,20220114
"Amersfoort","H","41","Besloten vennootschap met gewone structuur","6420","Financiële holdings","","","","","","",20000630,20000630,20000707,20000401,20211209,0,0,"",2020,20220414
"Amersfoort","H","41","Besloten vennootschap met gewone structuur","56101","Restaurants","","","","","","",20000629,20000629,20000707,20000629,20130416,0,0,"",2020,20211229
"Soest","H","41","Besloten vennootschap met gewone structuur","70221","Organisatie-adviesbureaus","","","","","","",20000915,20000915,20000707,20000701,20091207,0,20000927,"",2017,20190520
"Apeldoorn","H","41","Besloten vennootschap met gewone structuur","6831","Bemidd. bij handel/huur/verhuur onr.goed","4110","Projectontwikkeling","","","N","N",20000703,20000703,20060111,20000703,20170102,0,0,"",2021,20220524
"Alkmaar","H","41","Besloten vennootschap met gewone structuur","85592","Bedrijfsopleiding en -training","70221","Organisatie-adviesbureaus","","","","",20000804,20000804,20210401,20000707,20210401,0,20000804,"",2020,20220401
"Woudenberg","","71","Vereniging met volledige rechtsbevoegdheid","94997","Overige belangenbehartiging (rest)","","","","","","",20000706,20000706,0,0,0,0,0,"",0,0
"Soest","H","41","Besloten vennootschap met gewone structuur","70221","Organisatie-adviesbureaus","","","","","","",20000705,20000705,20000707,20000705,20011024,0,0,"",2021,20220330
"B-9000 Gent","H","94","Buitenl. EG-venn. met onderneming in Nederland","46435","Groothandel in beeld- en geluidsdragers","","","","","","",0,0,20150622,19770928,20150611,0,20000701,"",0,0
"Bussum","H","01","Eenmanszaak","85592","Bedrijfsopleiding en -training","5621","Eventcatering","","","","",0,0,20020523,20000701,20170717,0,20020501,"",0,0
"Amsterdam","N","41","Besloten vennootschap met gewone structuur","86912","Praktijken van fysiotherapeuten","","","","","N","N",19870805,19870805,20000707,20000401,0,0,0,"",2020,20211025
"Breda","N","41","Besloten vennootschap met gewone structuur","68204","Verh. onroerend goed (niet v woonruimte)","6810","Handel in eigen onroerend goed","","","N","N",19930318,19930318,20000710,20000315,20091001,0,0,"",2019,20220215
"Schiphol-Rijk","N","41","Besloten vennootschap met gewone structuur","68204","Verh. onroerend goed (niet v woonruimte)","6810","Handel in eigen onroerend goed","","","N","N",19930318,19930318,20000710,20000623,20000623,0,0,"",2019,20220215
"Amsterdam","N","41","Besloten vennootschap met gewone structuur","71112","Interieurarchitecten","","","","","N","N",19770822,19770822,20000707,20000701,0,0,0,"",2020,20211127
"Diemen","H","41","Besloten vennootschap met gewone structuur","70221","Organisatie-adviesbureaus","6202","Advisering ohgv informatietechnologie","","","N","N",20000627,20000627,20000707,20000627,0,0,0,"",2020,20210929
"Heiloo","","74","Stichting","64303","Beleggingsinst. met beperkte toetreding","","","","","","",20000523,20000523,20040812,0,0,0,0,"",0,0
"Amsterdam","H","41","Besloten vennootschap met gewone structuur","69101","Advocatenkantoren, bewindv. en curatoren","","","","","N","N",20000609,20000609,20000706,20000609,20100201,0,0,"",2020,20220426
"Almere","H","41","Besloten vennootschap met gewone structuur","70221","Organisatie-adviesbureaus","7112","Ingenieurs/overig techn. ontwerp/advies","","","N","N",20000809,20000809,20080314,20000626,20070619,0,20000809,"",2021,20220607
"Amsterdam","H","51","Naamloze vennootschap met gewone structuur","6420","Financiële holdings","","","","","N","N",20000623,20000623,20200108,20000623,20220405,0,0,"",2020,20211213
"Aerdenhout","H","41","Besloten vennootschap met gewone structuur","64303","Beleggingsinst. met beperkte toetreding","","","","","N","N",20000629,20000629,20000707,20000629,0,0,0,"",2020,20210930
"Utrecht","H","41","Besloten vennootschap met gewone structuur","68204","Verh. onroerend goed (niet v woonruimte)","","","","","N","N",20000906,20000906,20121024,20000704,20181015,0,20000906,"",2016,20180322
"Amstelveen","H","01","Eenmanszaak","7320","Markt- en opinieonderzoekbureaus","70221","Organisatie-adviesbureaus","","","N","N",0,0,20000707,20000707,0,0,0,"",0,0
"Amsterdam","H","41","Besloten vennootschap met gewone structuur","46421","Groothandel in bovenkleding","47713","Winkels in bovenkleding/mode-artikelen","9609","Overige dienstverlening (rest)","J","J",20001027,20001027,20000707,20000601,20200201,0,20001027,"",2020,20210831
"Uitgeest","H","11","Vennootschap onder firma","93119","Overige sportaccommodaties","","","","","N","N",20000701,0,20000707,19790228,0,0,20000701,"",0,0
"Aerdenhout","H","41","Besloten vennootschap met gewone structuur","4634","Groothandel in dranken (geen zuivel)","6810","Handel in eigen onroerend goed","7490","Overige special. zakelijke dienstverl.","N","N",20010910,20010910,20181002,20000701,20181001,0,20010910,"",2020,20210602
"Jubbega","H","01","Eenmanszaak","6201","Ontwikkelen/produceren/uitgeven software","","","","","N","N",0,0,20220425,20000701,20220421,0,0,"",0,0
"Amsterdam","H","01","Eenmanszaak","9609","Overige dienstverlening (rest)","90013","Circus en variété","","","N","N",0,0,20000707,20000707,20201013,0,0,"",0,0
"Amsterdam","H","01","Eenmanszaak","91022","Kunstgalerieën en -expositieruimten","","","","","N","N",0,0,20000707,20000707,20200818,0,0,"",0,0
"Hoofddorp","H","01","Eenmanszaak","7311","Reclamebureaus","","","","","N","N",0,0,20000707,20000701,20181001,0,0,"",0,0
"Amstelveen","H","11","Vennootschap onder firma","47525","Winkels in keukens","46499","GH ov. consumentenart. (non-food) (rest)","7112","Ingenieurs/overig techn. ontwerp/advies","J","N",20020101,0,20000707,20000707,20130901,0,20020101,"",0,0
"Aalsmeer","","71","Vereniging met volledige rechtsbevoegdheid","90011","Beoefening van podiumkunst","","","","","","",20000427,0,0,0,0,0,0,"",0,0
"Amersfoort","H","01","Eenmanszaak","6201","Ontwikkelen/produceren/uitgeven software","","","","","N","N",0,0,20130107,20000707,20121227,0,20050101,"",0,0
"Santpoort-Zuid","H","01","Eenmanszaak","74201","Fotografie","7490","Overige special. zakelijke dienstverl.","85522","Kunstzinnige vorming voor amateurs","N","N",0,0,20000707,20000707,20060929,0,20041001,"",0,0
"Ter Aar","H","41","Besloten vennootschap met gewone structuur","6420","Financiële holdings","","","","","N","N",20000705,20000705,20040824,20000705,20040629,0,0,"",2020,20220120
"Huizen","H","01","Eenmanszaak","70221","Organisatie-adviesbureaus","7021","Adviesbureaus publ. relations en comm.","","","N","N",0,0,20081001,20000710,20220322,0,0,"",0,0
"Hoofddorp","","74","Stichting","94997","Overige belangenbehartiging (rest)","","","","","","",20000705,20000705,0,0,0,0,0,"",0,0
"Bloemendaal","H","41","Besloten vennootschap met gewone structuur","66292","Pensioenadv.bureaus/beheer pensioenverm.","","","","","N","N",20000630,20000630,20000710,20000630,20161001,0,0,"",2020,20210504
"Aalsmeer","H","11","Vennootschap onder firma","74201","Fotografie","","","","","N","N",20020101,0,20000710,20000710,20180801,0,20020101,"",0,0
"Amsterdam","H","41","Besloten vennootschap met gewone structuur","6420","Financiële holdings","","","","","N","N",20000706,0,20000710,20000706,20120312,0,0,"",2020,20211015
"Santpoort-Zuid","H","01","Eenmanszaak","4120","Algemene burgerlijke en utiliteitsbouw","","","","","N","N",0,0,20000710,20000710,20140801,0,0,"",0,0
"Oostzaan","H","41","Besloten vennootschap met gewone structuur","70222","Advisering ohgv management/bedrijfsv.","70221","Organisatie-adviesbureaus","","","N","N",20000908,20000908,20000710,20000710,20151001,0,20000908,"",2021,20220405
"Zaandijk","H","41","Besloten vennootschap met gewone structuur","64303","Beleggingsinst. met beperkte toetreding","","","","","N","N",20000707,20000707,20000710,20000707,0,0,0,"",2020,20210906
"Amsterdam","H","01","Eenmanszaak","6190","Overige telecommunicatie","70221","Organisatie-adviesbureaus","","","N","N",0,0,20000710,20000710,20200103,0,0,"",0,0
"Amsterdam","H","41","Besloten vennootschap met gewone structuur","96022","Schoonheidsverzorging/pedi-/manicures","","","","","N","N",20070330,20070330,20000710,20000101,20130401,0,20070330,"",2020,20210819
"Amsterdam","H","41","Besloten vennootschap met gewone structuur","6420","Financiële holdings","","","","","N","N",20000710,20000710,20000710,20000710,20201207,0,0,"",2020,20211008
"Groningen","N","41","Besloten vennootschap met gewone structuur","4711","Supermarkten e.d. winkels alg.ass.v.gm.","","","","","N","N",19710318,19710318,20000707,20000713,0,0,0,"",2020,0
"Enschede","H","41","Besloten vennootschap met gewone structuur","5630","Cafés","","","","","N","N",19900329,19900329,20030711,19861001,20030301,0,20000401,"",2020,20211108
"Den Helder","H","41","Besloten vennootschap met gewone structuur","56102","Fastfoodrest, cafet, ijssal, eetkr e.d.","","","","","N","N",20021231,20021231,20000707,19880120,0,0,20021231,"",2020,20210702
"Alkmaar","H","01","Eenmanszaak","43993","Metselen en voegen","","","","","N","N",0,0,20000704,20000529,0,0,0,"",0,0
"Monnickendam","H","41","Besloten vennootschap met gewone structuur","6202","Advisering ohgv informatietechnologie","","","","","","",20000914,20000914,20000704,20000329,20140303,0,20000914,"",2021,20220321
"Marken","","74","Stichting","5813","Uitgeverijen van kranten","","","","","","",20000627,20000627,0,0,0,0,0,"",0,0
"Broek op Langedijk","H","41","Besloten vennootschap met gewone structuur","70221","Organisatie-adviesbureaus","","","","","N","N",20000630,20000630,20000705,20000630,20191101,0,0,"",2021,20220512
"Heerhugowaard","H","41","Besloten vennootschap met gewone structuur","6420","Financiële holdings","","","","","N","N",20000727,20000727,20000706,20000401,20180401,0,20000727,"",2021,20220525
"Nieuwerkerk ad IJssel","H","41","Besloten vennootschap met gewone structuur","6420","Financiële holdings","","","","","","",20000718,20000718,20021218,20000701,20130627,0,20000718,"",2020,20211005
"Alkmaar","H","41","Besloten vennootschap met gewone structuur","70102","Holdings (geen financiële)","","","","","N","N",20000705,20000705,20000707,20000705,20101025,0,0,"",2021,20220424
"Bergen (NH)","H","41","Besloten vennootschap met gewone structuur","6420","Financiële holdings","","","","","","",20000629,20000629,20000707,20000629,20021116,0,0,"",2021,0
"Bergen (NH)","H","41","Besloten vennootschap met gewone structuur","9003","Schrijven en overige scheppende kunst","","","","","N","N",20000629,20000629,20060831,20000629,20210520,0,0,"",2020,20210721
"Volendam","H","41","Besloten vennootschap met gewone structuur","6420","Financiële holdings","","","","","N","N",20000623,20000623,20000707,19050000,20131204,0,20060508,"",2020,20211210
"Heemskerk","H","41","Besloten vennootschap met gewone structuur","70102","Holdings (geen financiële)","","","","","N","N",20000531,20000531,20040130,20000531,20040127,0,0,"",2021,20220221
"Schermerhorn","H","11","Vennootschap onder firma","4941","Goederenvervoer over weg (geen verhuiz.)","","","","","","",20000101,0,20000707,19360000,20050101,0,20000101,"",0,0
"Enkhuizen","H","41","Besloten vennootschap met gewone structuur","6420","Financiële holdings","","","","","N","N",20000619,20000619,20000707,20000619,0,0,0,"",2020,20211204
"Limmen","H","01","Eenmanszaak","31011","Interieurbouw","4332","Bouwtimmeren","","","N","N",0,0,20000707,20000707,20081014,0,0,"",0,0
"Broek op Langedijk","H","41","Besloten vennootschap met gewone structuur","68204","Verh. onroerend goed (niet v woonruimte)","","","","","","",20000704,20000704,20000707,20000704,0,0,0,"",2019,0
"Warder","H","01","Eenmanszaak","47991","Colportage","","","","","N","N",0,0,20000707,20000708,20220601,0,0,"",0,0
"Heerhugowaard","","71","Vereniging met volledige rechtsbevoegdheid","88993","Lokaal welzijnswerk","","","","","","",20000628,20000628,0,0,0,0,0,"",0,0
"Westerland","H","11","Vennootschap onder firma","0311","Zee- en kustvisserij","","","","","N","N",20000501,0,20000707,20000501,20160117,0,0,"",0,0
"Den Helder","H","41","Besloten vennootschap met gewone structuur","6420","Financiële holdings","","","","","","",20000704,20000704,20000710,20000704,20190930,0,0,"",2021,20220307
"Enkhuizen","H","01","Eenmanszaak","4120","Algemene burgerlijke en utiliteitsbouw","","","","","","",0,0,20000710,20000717,0,0,0,"",0,0
"Heiloo","H","01","Eenmanszaak","3212","Bewerken edelstenen en verv. sieraden","4777","Winkels in juweliersartikelen/uurwerken","47918","Internethandel overige non-food","","",0,0,20000710,20000717,20090820,0,0,"",0,0
"Grootebroek","H","41","Besloten vennootschap met gewone structuur","4312","Grondverzet","","","","","","",20070530,20070530,20000710,20000717,20120326,0,20070530,"",2021,20220322
"Hoorn","H","01","Eenmanszaak","4120","Algemene burgerlijke en utiliteitsbouw","","","","","","",0,0,20000710,20000710,20030807,0,0,"",0,0
"Makkinga","H","41","Besloten vennootschap met gewone structuur","70102","Holdings (geen financiële)","69203","Boekhoudkantoren","69204","Belastingconsulenten","","",20000703,20000703,20181031,20000703,20181026,0,0,"",2021,20220511
"Aalsmeer","H","01","Eenmanszaak","18129","Overige drukkerijen (rest)","","","","","N","N",0,0,20001113,20000707,20120901,0,0,"",0,0
"Amsterdam-Duivendrecht","H","41","Besloten vennootschap met gewone structuur","59111","Prod. films (geen televisiefilms)","","","","","","",20000622,20000622,20100930,20000622,20140101,0,0,"",2021,0
"Heerenveen","H","41","Besloten vennootschap met gewone structuur","70102","Holdings (geen financiële)","","","","","","",20020328,20020328,20000706,19940901,20190513,0,20020328,"",2021,20220503
"Boazum","H","01","Eenmanszaak","43221","Loodg.- en fitterswerk; inst. sanitair","4391","Dakdekken en bouwen van dakconstructies","","","","",0,0,20000707,19991001,20021008,0,0,"",0,0
"Spannum","H","01","Eenmanszaak","8891","Kinderopvang","91041","Dieren-/plantentuinen, kinderboerderijen","","","N","N",0,0,20000710,20000715,0,0,0,"",0,0
"Groningen","H","01","Eenmanszaak","4120","Algemene burgerlijke en utiliteitsbouw","","","","","N","N",0,0,20000710,20000501,0,0,0,"",0,0
"Amsterdam","H","74","Stichting","94993","Steunfondsen (niet ohgv welzijnszorg)","","","","","N","N",19990928,19990928,20170214,20170203,0,0,0,"",0,0
"Leek","H","01","Eenmanszaak","70222","Advisering ohgv management/bedrijfsv.","69203","Boekhoudkantoren","90011","Beoefening van podiumkunst","","",0,0,20000711,20000615,20040131,0,0,"",0,0
"Sappemeer","H","41","Besloten vennootschap met gewone structuur","7311","Reclamebureaus","","","","","N","N",20060330,20060330,20000711,20000711,20190509,0,20060330,"",2020,20210609
"Hengelo","H","41","Besloten vennootschap met gewone structuur","6420","Financiële holdings","","","","","","",20000710,20000710,20050810,20000710,20050808,0,0,"",2015,20170703
"Dwingeloo","","74","Stichting","93299","Ov. recreatie (rest)(geen jachthavens)","","","","","","",20000616,20000616,0,0,0,0,0,"",0,0
"Emmen","H","41","Besloten vennootschap met gewone structuur","6420","Financiële holdings","","","","","","",20000710,20000710,20000711,20000710,0,0,0,"",2020,20220208
"Hoogeveen","H","11","Vennootschap onder firma","47782","Winkels in optische artikelen","","","","","","",20050101,0,20000711,19950601,0,0,20050101,"",0,0
"Emmen","H","41","Besloten vennootschap met gewone structuur","6420","Financiële holdings","","","","","","",20000710,20000710,20000711,20000710,20040517,0,0,"",2020,20220208
"Emmen","","71","Vereniging met volledige rechtsbevoegdheid","93122","Veldsport in teamverband (geen voetbal)","","","","","","",20000630,20000630,0,0,0,0,0,"",0,0
"Emmen","H","41","Besloten vennootschap met gewone structuur","4612","HB in brandst./ertsen/metalen/chem.prod.","3832","Gesorteerd mater. voorber. tot recycling","","","J","J",20000807,20000807,20000711,20000701,20060201,0,20000807,"",2020,20211130
"Zwolle","H","01","Eenmanszaak","96022","Schoonheidsverzorging/pedi-/manicures","","","","","","",0,0,20000711,20000701,20010201,0,0,"",0,0
"Hengelo","","72","Vereniging met beperkte rechtsbevoegdheid","64303","Beleggingsinst. met beperkte toetreding","","","","","","",20000701,0,0,0,0,0,0,"",0,0
"Almelo","H","41","Besloten vennootschap met gewone structuur","4941","Goederenvervoer over weg (geen verhuiz.)","4612","HB in brandst./ertsen/metalen/chem.prod.","","","N","N",20000707,20000707,20000710,19730205,20211230,0,20000707,"F",2018,20191029
"Putten","H","41","Besloten vennootschap met gewone structuur","6420","Financiële holdings","","","","","N","N",20000706,20000706,20000710,20000706,20180401,0,0,"",2017,20190906
"Ermelo","H","41","Besloten vennootschap met gewone structuur","6420","Financiële holdings","","","","","N","N",20000706,20000706,20000710,20000706,20150617,0,0,"",2017,20191218
"Markelo","H","11","Vennootschap onder firma","70221","Organisatie-adviesbureaus","69202","Accountants-administratieconsulenten","69102","Rechtskundige adviesbureaus","N","N",20020501,0,20000710,20000601,20111018,0,20020501,"",0,0
"Hengelo","","71","Vereniging met volledige rechtsbevoegdheid","93141","Individuele zaalsport","","","","","","",20000707,20000707,0,0,0,0,0,"",0,0
"Oldenzaal","H","01","Eenmanszaak","71111","Architecten","","","","","N","N",0,0,20000710,20000710,20080623,0,0,"",0,0
"Oldenzaal","H","41","Besloten vennootschap met gewone structuur","6420","Financiële holdings","","","","","N","N",20000706,20000706,20000711,20000706,0,0,0,"",2020,20220124
"Diepenheim","","71","Vereniging met volledige rechtsbevoegdheid","94991","Gezelligheidsverenigingen","","","","","","",20000626,20000626,0,0,0,0,0,"",0,0
"Schalkhaar","H","01","Eenmanszaak","4332","Bouwtimmeren","","","","","N","N",0,0,20000711,20000706,20220204,0,0,"",0,0
"Garderen","H","01","Eenmanszaak","4120","Algemene burgerlijke en utiliteitsbouw","","","","","N","N",0,0,20000710,20000717,0,0,20030214,"",0,0
"Wezep","H","41","Besloten vennootschap met gewone structuur","6420","Financiële holdings","","","","","N","N",20000707,20000707,20000711,20000707,0,0,0,"",2020,20220127
"Halle","","71","Vereniging met volledige rechtsbevoegdheid","94991","Gezelligheidsverenigingen","","","","","","",19200315,0,0,0,0,0,0,"",0,0
"Wageningen","","74","Stichting","94993","Steunfondsen (niet ohgv welzijnszorg)","","","","","","",20000706,20000706,0,0,0,0,0,"",0,0
"Winssen","","74","Stichting","94993","Steunfondsen (niet ohgv welzijnszorg)","","","","","","",20000705,20000705,0,0,0,0,0,"",0,0
"Nijmegen","H","41","Besloten vennootschap met gewone structuur","4120","Algemene burgerlijke en utiliteitsbouw","","","","","","",20001011,20001011,20000711,20000701,0,0,20001011,"",2020,20210506
"Winterswijk","H","01","Eenmanszaak","46421","Groothandel in bovenkleding","46429","GH textielwaren algemeen assortiment","46496","GH sportartikelen (geen watersport)","J","J",0,0,20000711,20000701,0,0,0,"",0,0
"Harskamp","H","01","Eenmanszaak","46231","Groothandel in levend vee","01462","Vleesvarkensbedrijven","","","","",0,0,20000711,20000101,0,0,0,"",0,0
"Ede","H","01","Eenmanszaak","45112","Handel/rep. personen-/lichte bedr.auto's","","","","","","",0,0,20000711,20000711,20110311,0,0,"",0,0
"Ede","H","11","Vennootschap onder firma","4110","Projectontwikkeling","","","","","","",20000701,0,20000711,20000701,20150729,0,0,"",0,0
"Valburg","H","01","Eenmanszaak","96022","Schoonheidsverzorging/pedi-/manicures","","","","","N","N",0,0,20000711,20000711,0,0,0,"",0,0
"Tiel","H","41","Besloten vennootschap met gewone structuur","46699","GH ov.mach./app./toeb. ind./handel","33123","Rep./onderh. machines specif.bedrijfstak","6420","Financiële holdings","","",20000710,20000710,20140626,20000710,20160822,0,0,"",2021,20220608
"Gameren","H","11","Vennootschap onder firma","9529","Reparatie van overige consumentenart.","5221","Dienstverlening voor vervoer over land","45193","Handel/reparatie aanhangwagens/opleggers","N","N",20080415,0,20180417,20000601,0,0,20080415,"",0,0
"Hoogblokland","H","01","Eenmanszaak","2511","Verv. metalen constr.werken/delen ervan","2562","Algemene metaalbewerking","","","N","N",0,0,20000711,20000615,0,0,0,"",0,0
"Meteren","H","01","Eenmanszaak","01241","Teelt van appels en peren","46311","Groothandel in groenten en fruit","","","N","N",0,0,20000711,20000101,0,0,0,"",0,0
"Overloon","H","41","Besloten vennootschap met gewone structuur","64302","Beleggingsinstellingen in vaste activa","","","","","N","N",20000627,20000627,20000907,20000627,20000906,0,0,"",2020,20210804
"Overloon","H","41","Besloten vennootschap met gewone structuur","64302","Beleggingsinstellingen in vaste activa","","","","","N","N",20000627,20000627,20000907,20000627,20000906,0,0,"",2020,20210804
"Echt","H","11","Vennootschap onder firma","4331","Stukadoren","","","","","N","N",20010201,0,20000710,20000701,0,0,20010201,"",0,0
"Beringe","H","41","Besloten vennootschap met gewone structuur","45311","GH/HB auto-ond./-access. (geen banden)","46742","Groothandel in verwarmingsapparaten","","","J","J",20000919,20000919,20000711,20000701,0,0,20000919,"",2020,20210415
"Windraak","","74","Stichting","66191","Admin.kantoren voor aandelen/obligaties","","","","","","",20000629,20000629,0,0,0,0,0,"",0,0
"Hoensbroek","","72","Vereniging met beperkte rechtsbevoegdheid","94992","Hobbyclubs","","","","","","",19910201,0,0,0,0,0,0,"",0,0
"Eindhoven","","71","Vereniging met volledige rechtsbevoegdheid","90011","Beoefening van podiumkunst","","","","","","",19970900,20000607,0,0,0,0,0,"",0,0
"Asten","H","41","Besloten vennootschap met gewone structuur","6420","Financiële holdings","","","","","N","J",20000706,20000706,20000707,20000706,20210927,0,0,"",2019,20200714
"Bergeijk","H","01","Eenmanszaak","96021","Haarverzorging","5621","Eventcatering","","","N","N",0,0,20000707,20000627,20040801,0,0,"",0,0
"'s-Hertogenbosch","H","41","Besloten vennootschap met gewone structuur","70222","Advisering ohgv management/bedrijfsv.","","","","","N","N",20000710,20000710,20000707,20000401,0,0,20000710,"",2019,20210407
"Eindhoven","","74","Stichting","94992","Hobbyclubs","","","","","","",20000613,20000613,0,0,0,0,0,"",0,0
"Zeeland","","71","Vereniging met volledige rechtsbevoegdheid","90011","Beoefening van podiumkunst","","","","","","",20000628,20000628,0,0,0,0,0,"",0,0
"Nieuwkuijk","H","41","Besloten vennootschap met gewone structuur","6420","Financiële holdings","","","","","","",20001120,20001120,20000707,20000704,0,0,20001120,"",2018,20190719
"Berlicum","H","41","Besloten vennootschap met gewone structuur","6420","Financiële holdings","","","","","N","N",20010329,20010329,20000710,20000101,20191114,0,20010329,"",2020,20220203
"Berlicum","H","41","Besloten vennootschap met gewone structuur","6420","Financiële holdings","","","","","","",20010329,20010329,20000710,20000101,20120701,0,20010329,"",2020,20210825
"Best","","72","Vereniging met beperkte rechtsbevoegdheid","94992","Hobbyclubs","","","","","","",20000701,20000701,0,0,0,0,0,"",0,0
"Oss","H","01","Eenmanszaak","96021","Haarverzorging","","","","","N","N",0,0,20000711,20000711,20090501,0,0,"",0,0
"Someren","H","01","Eenmanszaak","43999","Overige gespec. werkz. in de bouw (rest)","","","","","N","N",0,0,20000711,20000711,0,0,0,"",0,0
"Eindhoven","H","01","Eenmanszaak","4721","Winkels in aardappelen/groenten/fruit","","","","","","",0,0,20000711,20000714,0,0,20021116,"",0,0
"Nieuwkuijk","H","41","Besloten vennootschap met gewone structuur","4652","GH elektronische/telecommunicatieapp.","","","","","J","",20001011,20001011,20000710,20000707,20120326,0,20001011,"",2021,20220331
"Nijmegen","H","41","Besloten vennootschap met gewone structuur","70102","Holdings (geen financiële)","","","","","","",20001011,20001011,20010807,20000701,20010701,0,20001011,"",2020,20210506
"Werkendam","H","01","Eenmanszaak","43993","Metselen en voegen","","","","","","",0,0,20000711,20000711,20040901,0,0,"",0,0
"Raamsdonksveer","H","01","Eenmanszaak","4120","Algemene burgerlijke en utiliteitsbouw","","","","","N","N",0,0,20071222,20000711,0,0,0,"",0,0
"Nieuwvliet","","74","Stichting","94993","Steunfondsen (niet ohgv welzijnszorg)","","","","","","",20000706,20000706,0,0,0,0,0,"",0,0
"Hendrik-Ido-Ambacht","H","01","Eenmanszaak","7112","Ingenieurs/overig techn. ontwerp/advies","","","","","N","N",0,0,20000711,20000711,20040429,0,0,"",0,0
"Oudenhoorn","H","41","Besloten vennootschap met gewone structuur","6420","Financiële holdings","","","","","N","N",20000705,20000705,20000711,20000705,20180312,0,0,"",2020,20211215
"Krimpen aan den IJssel","H","41","Besloten vennootschap met gewone structuur","68204","Verh. onroerend goed (niet v woonruimte)","6810","Handel in eigen onroerend goed","","","N","N",20000707,20000707,20000711,20000707,20050701,0,0,"",2021,20220316
"Ridderkerk","H","41","Besloten vennootschap met gewone structuur","6420","Financiële holdings","","","","","N","N",20000926,20000926,20000711,20000515,20120201,0,20000926,"",2020,20211230
"Rotterdam","H","01","Eenmanszaak","7430","Vertalers en tolken","","","","","N","N",0,0,20000711,20000601,20120421,0,0,"",0,0
"Vlaardingen","H","41","Besloten vennootschap met gewone structuur","46383","Gesp. GH in ov. voedings- en genotm.","47299","Gesp. winkels in ov. voedings-/genotm.","","","J","J",20070529,20070529,20000710,20000101,20220317,0,20070529,"",2020,20220531
"Tilburg","H","41","Besloten vennootschap met gewone structuur","46694","GH appendages/technische toebehoren e.d.","","","","","N","N",20010305,20010305,20181220,20000711,20181213,0,20010305,"",2020,20211206
"Papendrecht","","74","Stichting","88993","Lokaal welzijnswerk","","","","","","",20000707,20000707,0,0,0,0,0,"",0,0
"Numansdorp","H","41","Besloten vennootschap met gewone structuur","52291","Expediteurs/cargadoors/bevrachters e.d.","","","","","N","N",20000825,20000825,20000711,20000707,0,0,20000825,"",2021,20220303
"Dordrecht","H","41","Besloten vennootschap met gewone structuur","6420","Financiële holdings","","","","","","",20000616,20000616,20000711,20000616,20200801,0,0,"",2017,20181221
"Capelle aan den IJssel","H","41","Besloten vennootschap met gewone structuur","6420","Financiële holdings","","","","","N","N",20001214,20001214,20000711,20000501,20190628,0,20001214,"",2020,20211115
"Moordrecht","H","41","Besloten vennootschap met gewone structuur","6420","Financiële holdings","9002","Dienstverlening voor uitvoerende kunst","","","N","N",20001214,20001214,20000711,20000501,20170327,0,20001214,"",2019,20210706
"'s-Gravenhage","H","41","Besloten vennootschap met gewone structuur","6420","Financiële holdings","","","","","N","N",20000704,20000704,20000707,20000704,20000802,0,0,"",2020,20211207
"Almere","H","41","Besloten vennootschap met gewone structuur","6420","Financiële holdings","","","","","N","N",20000807,20000807,20211103,20000701,20211102,0,20000807,"",2020,20210701
"Delft","","72","Vereniging met beperkte rechtsbevoegdheid","90011","Beoefening van podiumkunst","","","","","","",20000710,20000710,0,0,0,0,0,"",0,0
"Maastricht","H","41","Besloten vennootschap met gewone structuur","6420","Financiële holdings","","","","","N","N",20000705,20000705,20151124,20000705,20151124,0,0,"",2019,20201130
"Monster","H","41","Besloten vennootschap met gewone structuur","6420","Financiële holdings","70221","Organisatie-adviesbureaus","","","N","N",20000815,20000815,20000711,20000701,0,0,20000815,"",2020,20210531
"Delft","H","01","Eenmanszaak","56102","Fastfoodrest, cafet, ijssal, eetkr e.d.","","","","","N","N",0,0,20000711,20000715,0,0,0,"",0,0
"'s-Gravenhage","","72","Vereniging met beperkte rechtsbevoegdheid","64303","Beleggingsinst. met beperkte toetreding","","","","","","",20000711,0,0,0,0,0,0,"",0,0
"De Zilk","","74","Stichting","86919","Overige paramedische praktijken","","","","","","",20000707,20000707,0,0,0,0,0,"",0,0
"Rijssen","H","41","Besloten vennootschap met gewone structuur","46731","Groothandel in hout en plaatmateriaal","4332","Bouwtimmeren","43999","Overige gespec. werkz. in de bouw (rest)","J","J",20000629,20000629,20151214,20000629,20151210,0,0,"",2020,20211027
"Woerden","H","41","Besloten vennootschap met gewone structuur","64302","Beleggingsinstellingen in vaste activa","","","","","N","N",20000629,20000629,20040322,20000629,20040318,0,0,"",2020,20220224
"Ter Aar","H","41","Besloten vennootschap met gewone structuur","70102","Holdings (geen financiële)","","","","","N","N",20000705,20000705,20000711,20000705,20050307,0,0,"",2020,20220120
"Ter Aar","H","41","Besloten vennootschap met gewone structuur","01304","Teelt van potplanten onder glas","","","","","N","N",20000705,20000705,20000711,19700101,20050307,0,20000705,"",2020,20220120
"Voorschoten","H","41","Besloten vennootschap met gewone structuur","6420","Financiële holdings","64303","Beleggingsinst. met beperkte toetreding","","","N","N",20000531,20000531,20000711,20000531,0,0,0,"",2020,20211123
"Voorschoten","H","41","Besloten vennootschap met gewone structuur","4120","Algemene burgerlijke en utiliteitsbouw","","","","","N","N",20000705,20000705,20000711,19350101,0,0,20000705,"",2021,20220609
"Voorschoten","H","41","Besloten vennootschap met gewone structuur","4110","Projectontwikkeling","","","","","N","N",20000705,20000705,20000711,20000705,0,0,0,"",2020,20210701
"Dronten","H","41","Besloten vennootschap met gewone structuur","66191","Admin.kantoren voor aandelen/obligaties","","","","","","",19810414,19810414,20000714,19810414,20130101,0,0,"",2020,20211008
"Veenendaal","H","41","Besloten vennootschap met gewone structuur","7112","Ingenieurs/overig techn. ontwerp/advies","","","","","","",20000803,20000803,20000711,20000615,0,0,20000803,"",2019,20210130
"Echt","H","41","Besloten vennootschap met gewone structuur","9313","Fitnesscentra","","","","","N","N",20001128,20001128,20010109,20000711,0,0,20001128,"",2019,20201028
"Bunnik","H","41","Besloten vennootschap met gewone structuur","6209","Ov. dienstv. act. ohgv informatietechn.","6202","Advisering ohgv informatietechnologie","6420","Financiële holdings","","",20000616,20000616,20020215,20000616,20180101,0,0,"",2021,20220610
"Oud-Beijerland","H","41","Besloten vennootschap met gewone structuur","70222","Advisering ohgv management/bedrijfsv.","","","","","","",20000815,20000815,20050701,20000701,20050701,0,20000815,"",2020,20220329
"Nieuwegein","H","01","Eenmanszaak","7112","Ingenieurs/overig techn. ontwerp/advies","","","","","","",0,0,20000711,20000701,20030103,0,0,"",0,0
"Utrecht","H","41","Besloten vennootschap met gewone structuur","6420","Financiële holdings","","","","","","",20001012,20001012,20000711,20000501,0,0,20001012,"",2020,20210803
"Nieuwegein","H","41","Besloten vennootschap met gewone structuur","66191","Admin.kantoren voor aandelen/obligaties","","","","","N","N",20001025,20001025,20000711,20000628,20201029,0,20001025,"",2020,20220616
"Bosch en Duin","H","41","Besloten vennootschap met gewone structuur","68204","Verh. onroerend goed (niet v woonruimte)","","","","","","",20000627,20000627,20000711,20000627,20050811,0,0,"",2020,20220114
"Simpelveld","H","41","Besloten vennootschap met gewone structuur","6202","Advisering ohgv informatietechnologie","","","","","N","N",20001130,20001130,20011022,20000701,20060322,0,20001130,"",2015,20170202
"Bussum","N","94","Buitenl. EG-venn. met onderneming in Nederland","4711","Supermarkten e.d. winkels alg.ass.v.gm.","","","","","","",0,0,20000710,20000112,0,0,0,"",2008,20081118
"'s-Hertogenbosch","N","94","Buitenl. EG-venn. met onderneming in Nederland","4711","Supermarkten e.d. winkels alg.ass.v.gm.","","","","","","",0,0,20000120,20000120,20041027,0,0,"",2008,20081118
"Maassluis","N","94","Buitenl. EG-venn. met onderneming in Nederland","4711","Supermarkten e.d. winkels alg.ass.v.gm.","","","","","","",0,0,20000710,20000209,20041027,0,0,"",2008,20081118
"Emmen","N","94","Buitenl. EG-venn. met onderneming in Nederland","4711","Supermarkten e.d. winkels alg.ass.v.gm.","","","","","","",0,0,20000710,20000210,20160225,0,0,"",2008,20081118
"Tilburg","N","94","Buitenl. EG-venn. met onderneming in Nederland","4711","Supermarkten e.d. winkels alg.ass.v.gm.","","","","","","",0,0,20000711,20000315,20000315,0,0,"",2008,20081118
"Beuningen Gld","N","94","Buitenl. EG-venn. met onderneming in Nederland","4711","Supermarkten e.d. winkels alg.ass.v.gm.","","","","","","",0,0,20000711,20000426,20141017,0,0,"",2008,20081118
"Oldenzaal","N","94","Buitenl. EG-venn. met onderneming in Nederland","4711","Supermarkten e.d. winkels alg.ass.v.gm.","","","","","","",0,0,20000711,20000510,20000510,0,0,"",2008,20081118
"Nijmegen","N","94","Buitenl. EG-venn. met onderneming in Nederland","4711","Supermarkten e.d. winkels alg.ass.v.gm.","","","","","","",0,0,20000711,20000517,20041027,0,0,"",2008,20081118
"Maassluis","N","94","Buitenl. EG-venn. met onderneming in Nederland","4711","Supermarkten e.d. winkels alg.ass.v.gm.","","","","","","",0,0,20000711,20000524,20130809,0,0,"",2008,20081118
"Amsterdam","N","94","Buitenl. EG-venn. met onderneming in Nederland","4711","Supermarkten e.d. winkels alg.ass.v.gm.","","","","","","",0,0,20000711,20000628,0,0,0,"",2008,20081118
"Loosdrecht","H","41","Besloten vennootschap met gewone structuur","6420","Financiële holdings","","","","","N","N",20000703,20000703,20000710,20000703,0,0,0,"",2020,20211001
"Laren","H","41","Besloten vennootschap met gewone structuur","2899","Verv. ov.machines/app./werkt. specifiek","","","","","J","J",20000705,20000705,20000710,19960101,0,0,20000705,"",2020,20211119
"Blaricum","","74","Stichting","6202","Advisering ohgv informatietechnologie","","","","","","",20000703,20000703,0,0,0,0,0,"",0,0
"Amsterdam","H","41","Besloten vennootschap met gewone structuur","64922","Volkskredietbanken/commerciële financ.","","","","","","",20000814,20000814,20170811,20000705,20170720,0,20000814,"",2015,20160421
"Hilversum","H","41","Besloten vennootschap met gewone structuur","85592","Bedrijfsopleiding en -training","","","","","","",20000913,20000913,20000711,20000701,20170101,0,20000913,"",2019,20211231
"Soest","H","41","Besloten vennootschap met gewone structuur","46693","GH verbrandingsmotoren/pompen/compress.","","","","","J","J",20000920,20000920,20000711,20000701,20160401,0,20000920,"",2020,20210820
"Eemnes","H","41","Besloten vennootschap met gewone structuur","7112","Ingenieurs/overig techn. ontwerp/advies","78202","Uitleenbureaus","","","","",20041124,20041124,20000711,20000711,20180101,0,20041124,"",2020,20211006
"Hilversum","H","41","Besloten vennootschap met gewone structuur","6420","Financiële holdings","","","","","","",20001124,20001124,20000711,20000101,20210812,0,20001124,"",2020,20211202
"Amsterdam","H","01","Eenmanszaak","70221","Organisatie-adviesbureaus","","","","","N","N",0,0,20190307,19990101,20190828,0,0,"",0,0
"Amsterdam","H","41","Besloten vennootschap met gewone structuur","7320","Markt- en opinieonderzoekbureaus","6420","Financiële holdings","","","N","N",20000607,20000607,20000711,20000607,20061204,0,0,"",2021,20220316
"Amsterdam","H","41","Besloten vennootschap met gewone structuur","47789","Winkels gespec. in overige art. (rest)","47793","Winkels tweedeh. goederen (geen kleding)","","","N","N",20001004,20001004,20000711,20000301,20050511,0,20001004,"",2020,20210810
"Kortenhoef","H","41","Besloten vennootschap met gewone structuur","64302","Beleggingsinstellingen in vaste activa","","","","","N","N",20000620,20000620,20071107,20000620,20071008,0,0,"",2016,20180227
"Zeist","H","41","Besloten vennootschap met gewone structuur","70221","Organisatie-adviesbureaus","78202","Uitleenbureaus","","","N","N",20000619,20000619,20040227,20000619,20040207,0,0,"",2020,20210831
"Amsterdam","H","01","Eenmanszaak","4332","Bouwtimmeren","","","","","N","N",0,0,20000711,20000711,20100520,0,0,"",0,0
"Amsterdam","H","41","Besloten vennootschap met gewone structuur","47713","Winkels in bovenkleding/mode-artikelen","46421","Groothandel in bovenkleding","4782","Markthandel in textiel/kleding/schoeisel","J","J",20010726,20010726,20000711,19990701,20150101,0,20010726,"",2020,20220401
"Hoofddorp","H","01","Eenmanszaak","69209","Overige administratiekantoren","","","","","N","N",0,0,20000711,20000710,0,0,0,"",0,0
"Amsterdam","H","01","Eenmanszaak","9002","Dienstverlening voor uitvoerende kunst","74102","Industrieel en productontwerp","47914","Internethandel kleding, mode-artikelen","N","N",0,0,20000711,20000711,20180126,0,0,"",0,0
"Zaandam","H","01","Eenmanszaak","47891","Markthandel bloemen/planten/zaden/tuinb.","","","","","N","N",0,0,20000711,20000711,20150615,0,0,"",0,0
"Kootwijkerbroek","H","41","Besloten vennootschap met gewone structuur","45311","GH/HB auto-ond./-access. (geen banden)","47919","Internethandel alg.assortiment non-food","","","J","J",20001204,20001204,20220506,20000707,20220506,0,20001204,"",2020,20220425
"Amsterdam","H","41","Besloten vennootschap met gewone structuur","6420","Financiële holdings","","","","","N","N",20000703,20000703,20000711,20000703,20061120,0,0,"",2020,20211230
"Amstelveen","","74","Stichting","91021","Musea","","","","","","",20000711,20000711,0,0,0,0,0,"",0,0
"Vreeland","H","01","Eenmanszaak","59111","Prod. films (geen televisiefilms)","","","","","N","N",0,0,20150122,20000101,20150101,0,0,"",0,0
"Amsterdam","","74","Stichting","94996","Overige ideële organisaties (rest)","","","","","","",20000711,20000711,0,0,0,0,0,"",0,0
"Amsterdam","H","41","Besloten vennootschap met gewone structuur","6831","Bemidd. bij handel/huur/verhuur onr.goed","","","","","N","N",20020315,20020315,20000711,20000711,20101015,0,20020315,"",2020,20210924
"Amsterdam","H","01","Eenmanszaak","47789","Winkels gespec. in overige art. (rest)","7021","Adviesbureaus publ. relations en comm.","","","N","N",0,0,20000711,19730102,0,0,20010401,"",0,0
"Tuitjenhorn","H","41","Besloten vennootschap met gewone structuur","64303","Beleggingsinst. met beperkte toetreding","","","","","N","N",19970613,19970613,20000704,19740000,20211018,0,20000430,"",2020,20210929
"Sint Pancras","H","01","Eenmanszaak","9003","Schrijven en overige scheppende kunst","","","","","","",0,0,20000710,20000703,20030326,0,0,"",0,0
"Groet","H","41","Besloten vennootschap met gewone structuur","6420","Financiële holdings","","","","","N","N",20000825,20000825,20000710,20000701,20050509,0,20000825,"",2020,20211229
"Castricum","H","41","Besloten vennootschap met gewone structuur","70102","Holdings (geen financiële)","0161","Dienstverl. akker- en/of tuinbouw","","","","",20000707,20000707,20000711,20000707,0,0,0,"",2020,20211129
"Heiloo","H","41","Besloten vennootschap met gewone structuur","6420","Financiële holdings","","","","","","",20000706,20000706,20000711,20000706,20181201,0,0,"",2020,20211109
"Purmerend","H","01","Eenmanszaak","70222","Advisering ohgv management/bedrijfsv.","","","","","","",0,0,20000711,20000601,20210406,0,0,"",0,0
"Noord-Scharwoude","H","01","Eenmanszaak","4120","Algemene burgerlijke en utiliteitsbouw","","","","","","",0,0,20000711,20000712,20040128,0,0,"",0,0
"Urk","H","01","Eenmanszaak","69203","Boekhoudkantoren","","","","","N","N",0,0,20000710,20000101,20050815,0,20040318,"",0,0
"Lelystad","","74","Stichting","94997","Overige belangenbehartiging (rest)","","","","","","",20000418,20000418,0,0,0,0,0,"",0,0
"Apeldoorn","H","01","Eenmanszaak","46738","Groothandel gespec. in overige bouwmat.","45112","Handel/rep. personen-/lichte bedr.auto's","91022","Kunstgalerieën en -expositieruimten","J","J",0,0,20070221,20000717,20061101,0,0,"",0,0
"Almere","H","41","Besloten vennootschap met gewone structuur","6420","Financiële holdings","70102","Holdings (geen financiële)","","","N","N",20000807,20000807,20000711,20000706,20151228,0,20000807,"",2020,20220120
"Almere","H","41","Besloten vennootschap met gewone structuur","85592","Bedrijfsopleiding en -training","6202","Advisering ohgv informatietechnologie","","","N","N",20000807,20000807,20000711,20000706,20151228,0,20000807,"",2020,20220120
"Almere","H","01","Eenmanszaak","8121","Interieurreiniging van gebouwen","70221","Organisatie-adviesbureaus","","","N","N",0,0,20000711,20000715,0,0,0,"",0,0
"Sneek","","72","Vereniging met beperkte rechtsbevoegdheid","9002","Dienstverlening voor uitvoerende kunst","","","","","","",20000628,0,0,0,0,0,0,"",0,0
"Kollum","","74","Stichting","88993","Lokaal welzijnswerk","","","","","","",20000710,20000710,0,0,0,0,0,"",0,0
"Mantgum","H","41","Besloten vennootschap met gewone structuur","6420","Financiële holdings","","","","","","",20000810,20000810,20200207,20000701,20201231,0,20000810,"",2020,20220117
"Sint Nicolaasga","H","01","Eenmanszaak","4120","Algemene burgerlijke en utiliteitsbouw","","","","","","",0,0,20000712,20000719,20140101,0,0,"",0,0
"Drouwen","H","01","Eenmanszaak","8560","Dienstverlening voor het onderwijs","","","","","N","N",0,0,20000712,20000711,20161222,0,0,"",0,0
"Slochteren","","71","Vereniging met volledige rechtsbevoegdheid","88999","Overig maatsch.adv./gemeenschapshuizen","","","","","","",20000704,20000704,0,0,0,0,0,"",0,0
"Grijpskerk","H","41","Besloten vennootschap met gewone structuur","6420","Financiële holdings","","","","","N","N",20000901,20000901,20000712,20000701,0,0,20000901,"",2020,20211222
"Nijeveen","H","41","Besloten vennootschap met gewone structuur","6420","Financiële holdings","","","","","","",20000627,20000627,20000712,20000627,20061101,0,0,"",2020,20211014
"Elim","H","11","Vennootschap onder firma","47915","Internethandel huis- en tuinartikelen","46499","GH ov. consumentenart. (non-food) (rest)","","","","",20030101,0,20000712,20000601,20070319,0,20030101,"",0,0
"Oldemarkt","H","01","Eenmanszaak","7311","Reclamebureaus","74201","Fotografie","9609","Overige dienstverlening (rest)","","",0,0,20000711,20000701,20031223,0,0,"",0,0
"Den Dolder","H","41","Besloten vennootschap met gewone structuur","46902","Niet-gespec. GH in niet-consumentenart.","","","","","","",20000713,20000713,20150707,20000701,20150601,0,20000713,"",2021,0
"Hengelo","H","11","Vennootschap onder firma","1071","Verv. brood en vers banketbakkerswerk","","","","","","",19980101,0,20000712,19930821,20140425,0,20000701,"",0,0
"Ermelo","H","41","Besloten vennootschap met gewone structuur","6420","Financiële holdings","","","","","N","N",20000726,20000726,20000707,20000601,20100427,0,20000726,"",2020,20210712
"Hall","H","41","Besloten vennootschap met gewone structuur","6420","Financiële holdings","","","","","N","N",20000707,20000707,20000711,20000707,20130628,0,0,"",2021,20220110
"Langeveen","","71","Vereniging met volledige rechtsbevoegdheid","93129","Overige buitensport","","","","","","",19790000,19820310,0,0,0,0,0,"",0,0
"Borculo","H","41","Besloten vennootschap met gewone structuur","64301","Beleggingsinstell. in financiële activa","","","","","N","N",20000706,20000706,20071222,20000706,0,0,0,"",2020,20220110
"Beekbergen","H","41","Besloten vennootschap met gewone structuur","70102","Holdings (geen financiële)","","","","","N","N",20000706,20000706,20000711,20000706,20180608,0,0,"",2020,20210706
"Haren Gn","","74","Stichting","7220","Speur-/ontw.werk ogv maats./geesteswet.","","","","","","",20000707,20000707,20160721,0,0,0,0,"",0,0
"Putten","H","11","Vennootschap onder firma","33123","Rep./onderh. machines specif.bedrijfstak","","","","","N","N",20000501,0,20000711,20000501,20190601,0,0,"",0,0
"Ermelo","H","41","Besloten vennootschap met gewone structuur","6420","Financiële holdings","","","","","N","N",20000829,20000829,20000901,20000501,0,0,20000829,"",2021,20220328
"Hierden","H","41","Besloten vennootschap met gewone structuur","6420","Financiële holdings","","","","","N","N",20001205,20001205,20000712,20000712,0,0,20001205,"",2019,20201014
"Borculo","H","41","Besloten vennootschap met gewone structuur","64301","Beleggingsinstell. in financiële activa","","","","","N","N",20000706,20000706,20071222,20000706,0,0,0,"",2020,20220110
"Scherpenzeel","H","01","Eenmanszaak","4120","Algemene burgerlijke en utiliteitsbouw","","","","","N","N",0,0,20131217,20000501,20131207,0,0,"",0,0
"Apeldoorn","","71","Vereniging met volledige rechtsbevoegdheid","94991","Gezelligheidsverenigingen","","","","","","",20000710,20000710,0,0,0,0,0,"",0,0
"Enschede","H","01","Eenmanszaak","46694","GH appendages/technische toebehoren e.d.","","","","","N","N",0,0,20000712,20000712,0,0,0,"",0,0
"Gelselaar","H","01","Eenmanszaak","6201","Ontwikkelen/produceren/uitgeven software","","","","","N","N",0,0,20201104,20000712,20220415,0,0,"",0,0
"Doesburg","","74","Stichting","90012","Producenten van podiumkunst","","","","","","",20000623,20000623,0,0,0,0,0,"",0,0
"Ede","","74","Stichting","69209","Overige administratiekantoren","","","","","","",20000616,20000616,0,0,0,0,0,"",0,0
"Zeddam","","74","Stichting","69209","Overige administratiekantoren","","","","","","",20000707,20000707,0,0,0,0,0,"",0,0
"Varsseveld","","71","Vereniging met volledige rechtsbevoegdheid","01471","Opfokken en/of houden van leghennen","01499","Fokken en houden van overige dieren","","","","",20000707,20000707,0,0,0,0,0,"",0,0
"Doetinchem","H","01","Eenmanszaak","4120","Algemene burgerlijke en utiliteitsbouw","","","","","","",0,0,20000712,20000717,20171005,0,0,"",0,0
"Gaanderen","H","01","Eenmanszaak","7430","Vertalers en tolken","","","","","","",0,0,20000712,20000701,0,0,0,"",0,0
"Erichem","H","01","Eenmanszaak","4941","Goederenvervoer over weg (geen verhuiz.)","","","","","","",0,0,20000712,20000712,20041217,0,0,"",0,0
"Druten","H","01","Eenmanszaak","4329","Overige bouwinstallatie","4321","Elektrotechnische bouwinstallatie","","","","",0,0,20000712,20000701,0,0,0,"",0,0
"Simpelveld","H","01","Eenmanszaak","47643","Winkels in sportart. (geen watersport)","","","","","N","N",0,0,20000712,20000712,20141001,0,0,"",0,0
"Uden","H","41","Besloten vennootschap met gewone structuur","4941","Goederenvervoer over weg (geen verhuiz.)","","","","","","",20000706,20000706,20000710,20000706,0,0,0,"",2021,20220330
"Eindhoven","H","41","Besloten vennootschap met gewone structuur","4110","Projectontwikkeling","6810","Handel in eigen onroerend goed","68204","Verh. onroerend goed (niet v woonruimte)","","",20000606,20000606,20000710,20000429,20110601,0,20000606,"",2020,20211118
"Eindhoven","H","41","Besloten vennootschap met gewone structuur","4110","Projectontwikkeling","","","","","","",20000606,20000606,20000710,20000606,20110601,0,0,"",2020,20220109
"Hapert","H","11","Vennootschap onder firma","43993","Metselen en voegen","","","","","N","N",20000701,0,20000710,20000701,0,0,0,"",0,0
"Bladel","H","41","Besloten vennootschap met gewone structuur","6420","Financiële holdings","","","","","","",20000627,20000627,20000710,20000627,20000627,0,0,"",2015,20170406
"Bladel","H","41","Besloten vennootschap met gewone structuur","6420","Financiële holdings","","","","","N","N",20000627,20000627,20000710,20000627,20000801,0,0,"",2017,20190211
"Uden","H","01","Eenmanszaak","7311","Reclamebureaus","","","","","N","N",0,0,20000712,19921101,20100601,0,20000101,"",0,0
"Herten","H","01","Eenmanszaak","70221","Organisatie-adviesbureaus","","","","","","",0,0,20190314,20000712,20190304,0,0,"",0,0
"Deurne","H","01","Eenmanszaak","96022","Schoonheidsverzorging/pedi-/manicures","","","","","","",0,0,20000712,20000717,0,0,0,"",0,0
"Waspik","H","41","Besloten vennootschap met gewone structuur","6420","Financiële holdings","","","","","","",20070320,20070320,20070327,20000701,0,0,20070320,"",2020,20210910
"Eethen","H","11","Vennootschap onder firma","8219","Secretariële dienstverlening","8211","Brede administratieve dienstverlening","9002","Dienstverlening voor uitvoerende kunst","","",20041228,0,20000712,20000712,20050301,0,20041228,"",0,0
"Chaam","H","41","Besloten vennootschap met gewone structuur","46498","GH boeken/tijdschriften/overig drukwerk","47918","Internethandel overige non-food","","","","",20030528,20030528,20071222,20000712,20210101,0,20030528,"",2020,20211019
"Oisterwijk","","74","Stichting","94994","Vriendenkringen ohgv cultuur / fanclubs","","","","","","",20000711,20000711,0,0,0,0,0,"",0,0
"Oisterwijk","H","41","Besloten vennootschap met gewone structuur","70102","Holdings (geen financiële)","","","","","","",20000711,20000711,20000712,20000711,20041001,0,0,"",2021,20220325
"Baarle-Nassau","H","41","Besloten vennootschap met gewone structuur","1013","Vleesverwerking (niet tot maaltijden)","4632","GH vlees(waren)/wild en gev. (niet lev.)","","","J","J",20000710,20000710,20071222,19730807,0,0,20000710,"",2018,20210607
"Laren","H","41","Besloten vennootschap met gewone structuur","70102","Holdings (geen financiële)","6831","Bemidd. bij handel/huur/verhuur onr.goed","","","","",20000711,20000711,20110801,20000711,20110719,0,0,"",2019,20210218
"Etten-Leur","H","01","Eenmanszaak","4651","GH computers, randapparatuur en software","","","","","N","N",0,0,20000712,20000714,20080922,0,0,"",0,0
"Ossendrecht","H","41","Besloten vennootschap met gewone structuur","55101","Hotel-restaurants","","","","","","",20071107,20071107,20000712,20000712,20100901,0,20071107,"",2021,20220516
"Kloosterzande","H","01","Eenmanszaak","69203","Boekhoudkantoren","","","","","N","N",0,0,20000718,20000712,20000712,0,0,"",0,0
"Rotterdam","H","41","Besloten vennootschap met gewone structuur","6420","Financiële holdings","","","","","N","N",20000906,20000906,20000712,20000101,20031101,0,20000906,"",2020,20211013
"'s-Gravenhage","H","41","Besloten vennootschap met gewone structuur","4777","Winkels in juweliersartikelen/uurwerken","","","","","N","N",20040326,20040326,20001002,20000710,20001001,0,20040326,"",2020,20210806
"Capelle aan den IJssel","H","41","Besloten vennootschap met gewone structuur","6420","Financiële holdings","","","","","","",20000628,20000628,20000712,20000101,20211206,0,20000628,"",2020,20210525
"Waddinxveen","H","41","Besloten vennootschap met gewone structuur","78201","Uitzendbureaus","","","","","","",20000628,20000628,20000712,20000101,20211203,0,20000628,"",2020,20210525
"Hendrik-Ido-Ambacht","H","41","Besloten vennootschap met gewone structuur","6420","Financiële holdings","","","","","","",20001128,20001128,20000712,19991201,0,0,20001128,"",2020,20210930
"Puttershoek","H","41","Besloten vennootschap met gewone structuur","64303","Beleggingsinst. met beperkte toetreding","","","","","N","N",20040528,20040528,20000712,20000712,20160801,0,20040528,"",2020,20220204
"Rotterdam","H","41","Besloten vennootschap met gewone structuur","6420","Financiële holdings","","","","","N","N",20000530,20000530,20000712,20000101,20080215,0,20000530,"",2019,20210429
"Hoogvliet Rotterdam","H","01","Eenmanszaak","6311","Gegevensverw./webhosting/aanverw. activ.","","","","","","",0,0,20000712,20000712,20100915,0,0,"",0,0
"Rotterdam","H","41","Besloten vennootschap met gewone structuur","86231","Praktijken van tandartsen","","","","","N","N",20000530,20000530,20000712,20000101,20111024,0,20000530,"",2019,20201214
"Vlaardingen","H","41","Besloten vennootschap met gewone structuur","6420","Financiële holdings","","","","","N","N",20000710,20000710,20000712,20000710,0,0,0,"",2020,20220125
"Burgh-Haamstede","","74","Stichting","66191","Admin.kantoren voor aandelen/obligaties","","","","","","",20000508,20000508,0,0,0,0,0,"",0,0
"Oostvoorne","H","41","Besloten vennootschap met gewone structuur","6420","Financiële holdings","","","","","N","N",20000710,20000710,20000712,20000710,0,0,0,"",2021,20220510
"Rotterdam","H","41","Besloten vennootschap met gewone structuur","6420","Financiële holdings","8230","Organiseren van congressen en beurzen","7912","Reisorganisatie","N","N",20000703,20000703,20051019,20000703,20210316,0,0,"",2021,20220404
"Capelle Aan Den Ijssel","","74","Stichting","69209","Overige administratiekantoren","","","","","","",20000615,20000615,0,0,0,0,0,"",0,0
"Voorburg","","71","Vereniging met volledige rechtsbevoegdheid","94996","Overige ideële organisaties (rest)","","","","","","",19800324,20000522,0,0,0,0,0,"",0,0
"Rotterdam","H","41","Besloten vennootschap met gewone structuur","6420","Financiële holdings","","","","","","",20000630,20000630,20191118,20000630,20191101,0,0,"",2020,20210521
"Oegstgeest","","71","Vereniging met volledige rechtsbevoegdheid","93142","Zaalsport in teamverband","","","","","","",20000628,20000628,0,0,0,0,0,"",0,0
"Amsterdam","H","41","Besloten vennootschap met gewone structuur","6420","Financiële holdings","","","","","N","N",20000710,20000710,20130926,20000710,20130926,0,0,"",2020,20210319
"Voorburg","H","41","Besloten vennootschap met gewone structuur","32501","Tandtechnische bedrijven","","","","","N","N",20060331,20060331,20000712,20000601,0,0,20060331,"",2020,20211103
"'s-Gravenhage","H","01","Eenmanszaak","6201","Ontwikkelen/produceren/uitgeven software","9609","Overige dienstverlening (rest)","","","N","N",0,0,20000712,20000601,20060315,0,0,"",0,0
"Rijswijk","H","01","Eenmanszaak","4321","Elektrotechnische bouwinstallatie","4120","Algemene burgerlijke en utiliteitsbouw","47912","Internethandel consumentenelektronica","N","N",0,0,20000712,20000719,20170904,0,0,"",0,0
"Oegstgeest","H","41","Besloten vennootschap met gewone structuur","4622","Groothandel in bloemen en planten","78202","Uitleenbureaus","","","J","J",20070525,20070525,20000711,20000701,20131101,0,20070525,"",2020,20211222
"Blesdijke","H","01","Eenmanszaak","0161","Dienstverl. akker- en/of tuinbouw","","","","","N","N",0,0,20020827,20000401,20020801,0,0,"",0,0
"Sassenheim","H","41","Besloten vennootschap met gewone structuur","64303","Beleggingsinst. met beperkte toetreding","","","","","N","N",20000706,20000706,20000712,20000706,20040802,0,0,"",2019,20201201
"Roosendaal","H","41","Besloten vennootschap met gewone structuur","6420","Financiële holdings","64301","Beleggingsinstell. in financiële activa","78202","Uitleenbureaus","N","N",20000704,20000704,20170705,20000704,20170628,0,0,"",2004,20070206
"Kruisland","H","41","Besloten vennootschap met gewone structuur","6420","Financiële holdings","64303","Beleggingsinst. met beperkte toetreding","","","N","N",20000704,20000704,20210823,20000704,20210329,0,0,"",2014,20160129
"Amsterdam","H","01","Eenmanszaak","4332","Bouwtimmeren","32999","Verv. overige goederen (rest)","4110","Projectontwikkeling","N","N",0,0,20190502,20000616,20190402,0,0,"",0,0
"Lisse","H","01","Eenmanszaak","4321","Elektrotechnische bouwinstallatie","8020","Beveiliging via beveiligingssystemen","","","N","N",0,0,20000712,20000712,20091103,0,0,"",0,0
"Leiden","H","01","Eenmanszaak","74102","Industrieel en productontwerp","","","","","N","N",0,0,20000712,20000712,20041202,0,0,"",0,0
"Amersfoort","N","01","Eenmanszaak","6622","Assurantietussenpersonen","66193","Hypotheek-/kredietbem./bankagentschappen","6831","Bemidd. bij handel/huur/verhuur onr.goed","","",0,0,20000712,19800101,0,0,20000701,"",0,0
"Bunschoten-Spakenburg","H","01","Eenmanszaak","96022","Schoonheidsverzorging/pedi-/manicures","","","","","","",0,0,20000711,19970101,20031001,0,20000701,"",0,0
"Vlaardingen","H","41","Besloten vennootschap met gewone structuur","4617","HB in voedings- en genotmiddelen","","","","","J","J",20000804,20000804,20000810,20000501,20000803,0,20000804,"",2019,20210702
"Vlaardingen","H","41","Besloten vennootschap met gewone structuur","6420","Financiële holdings","","","","","","",20000804,20000804,20000810,20000501,20000803,0,20000804,"",2019,20210716
"Arnhem","H","41","Besloten vennootschap met gewone structuur","6201","Ontwikkelen/produceren/uitgeven software","","","","","","",20060529,20060529,20120109,20000712,20120106,0,20060529,"",2020,20211221
"Amsterdam","","74","Stichting","90012","Producenten van podiumkunst","","","","","","",20000616,20000616,0,0,0,0,0,"",0,0
"Amsterdam","","74","Stichting","9002","Dienstverlening voor uitvoerende kunst","","","","","","",20000627,20000627,0,0,0,0,0,"",0,0
"Amsterdam","","74","Stichting","7740","Lease niet-financiële immateriële activa","","","","","","",20000629,20000629,0,0,0,0,0,"",0,0
"Emmen","H","41","Besloten vennootschap met gewone structuur","6420","Financiële holdings","","","","","N","N",20000530,20000530,20170908,20000530,20170906,0,0,"",2020,20220503
"Uithoorn","H","41","Besloten vennootschap met gewone structuur","6420","Financiële holdings","","","","","N","N",20000802,20000802,20000711,20000711,20201109,0,20000802,"",2017,20181102
"Schiphol","H","41","Besloten vennootschap met gewone structuur","9511","Reparatie van computers/randapparatuur","","","","","N","N",20000630,20000630,20000712,20000630,20181114,0,0,"",2021,20220316
"Zandvoort","H","41","Besloten vennootschap met gewone structuur","74102","Industrieel en productontwerp","70222","Advisering ohgv management/bedrijfsv.","","","N","N",20000901,20000901,20000712,19850102,20210512,0,20000901,"",2019,20210430
"Amsterdam","H","41","Besloten vennootschap met gewone structuur","6420","Financiële holdings","","","","","N","N",20000907,20000907,20000712,20000712,20180704,0,20000907,"",2020,20220208
"Almere","H","01","Eenmanszaak","4932","Vervoer per taxi","47919","Internethandel alg.assortiment non-food","","","N","N",0,0,20210316,20000712,20210301,0,20010606,"",0,0
"Amsterdam","H","41","Besloten vennootschap met gewone structuur","6420","Financiële holdings","","","","","N","N",20010213,20010213,20000712,20000711,20010101,0,20010213,"",2019,20200615
"Amsterdam","H","01","Eenmanszaak","69209","Overige administratiekantoren","","","","","N","N",0,0,20000712,20000101,20030501,0,0,"",0,0
"Leiden","","74","Stichting","6420","Financiële holdings","","","","","","",20000707,20000707,0,0,0,0,0,"",0,0
"Hauwert","","74","Stichting","94997","Overige belangenbehartiging (rest)","","","","","","",20000516,20000516,0,0,0,0,0,"",0,0
"Hoogkarspel","","71","Vereniging met volledige rechtsbevoegdheid","94997","Overige belangenbehartiging (rest)","","","","","","",19970908,20000531,0,0,0,0,0,"",0,0
"Callantsoog","H","01","Eenmanszaak","4120","Algemene burgerlijke en utiliteitsbouw","31011","Interieurbouw","","","N","N",0,0,20000712,20000710,20140128,0,0,"",0,0
"Maarssen","H","41","Besloten vennootschap met gewone structuur","70102","Holdings (geen financiële)","","","","","N","N",20001103,20001103,20171101,20000712,20200201,0,20001103,"",2020,20211105
"Wognum","H","01","Eenmanszaak","7112","Ingenieurs/overig techn. ontwerp/advies","","","","","","",0,0,20000712,20000701,20150101,0,0,"",0,0
"Ouderkerk aan de Amstel","H","41","Besloten vennootschap met gewone structuur","6312","Webportals","","","","","N","N",20010109,20010109,20161014,20000701,20161014,0,20010109,"",2020,20210315
"Almere","H","01","Eenmanszaak","4120","Algemene burgerlijke en utiliteitsbouw","53202","Koeriers","","","J","N",0,0,20000711,20000710,20080822,0,0,"",0,0
"Almere","H","11","Vennootschap onder firma","4622","Groothandel in bloemen en planten","","","","","N","N",20050526,0,20000712,20000712,0,0,20050526,"",0,0
"Assen","","71","Vereniging met volledige rechtsbevoegdheid","94994","Vriendenkringen ohgv cultuur / fanclubs","","","","","","",20000710,20000710,0,0,0,0,0,"",0,0
"Leeuwarden","H","41","Besloten vennootschap met gewone structuur","6420","Financiële holdings","","","","","","",20000706,20000706,20000712,20000706,20201104,0,0,"",2020,20210421
"Ureterp","","71","Vereniging met volledige rechtsbevoegdheid","88993","Lokaal welzijnswerk","9411","Bedrijfs- en werkgeversorganisaties","","","","",20000522,20000522,0,0,0,0,0,"",0,0
"Groningen","","74","Stichting","94911","Religieuze organisaties","","","","","","",20000706,20000706,0,0,0,0,0,"",0,0
"Groningen","","74","Stichting","69209","Overige administratiekantoren","","","","","","",20000711,20000711,0,0,0,0,0,"",0,0
"Winsum","","74","Stichting","88999","Overig maatsch.adv./gemeenschapshuizen","","","","","","",20000712,20000712,0,0,0,0,0,"",0,0
"Haarlem","H","41","Besloten vennootschap met gewone structuur","70221","Organisatie-adviesbureaus","","","","","N","N",20000908,20000908,20060904,20000101,20060901,0,20000908,"",2016,20180217
"Hoogezand","H","41","Besloten vennootschap met gewone structuur","47299","Gesp. winkels in ov. voedings-/genotm.","","","","","","",20000703,20000703,20000713,20000703,20100728,0,0,"",2020,20211108
"Groningen","H","41","Besloten vennootschap met gewone structuur","6420","Financiële holdings","","","","","N","N",20000712,20000712,20000713,20000712,20170101,0,0,"",2020,20211111
"Musselkanaal","H","01","Eenmanszaak","4120","Algemene burgerlijke en utiliteitsbouw","","","","","N","N",0,0,20000713,20000713,0,0,0,"",0,0
"Enschede","H","41","Besloten vennootschap met gewone structuur","6420","Financiële holdings","","","","","N","N",20000706,20000706,20201111,20000706,20201111,0,0,"",2020,20210923
"Hoogezand","H","41","Besloten vennootschap met gewone structuur","6420","Financiële holdings","","","","","N","N",20000712,20000712,20000713,20000712,20180925,0,0,"",2020,20210614
"Veendam","H","41","Besloten vennootschap met gewone structuur","6420","Financiële holdings","","","","","","",20000712,20000712,20000713,20000712,20141030,0,0,"",2020,20220510
"Hoogezand","H","41","Besloten vennootschap met gewone structuur","6420","Financiële holdings","","","","","","",20000712,20000712,20000713,20000712,20180925,0,0,"",2020,20210614
"Zuidhorn","","72","Vereniging met beperkte rechtsbevoegdheid","88993","Lokaal welzijnswerk","","","","","","",19981007,0,0,0,0,0,0,"",0,0
"Leek","","71","Vereniging met volledige rechtsbevoegdheid","94992","Hobbyclubs","","","","","","",19570510,0,0,0,0,0,0,"",0,0
"Coevorden","","71","Vereniging met volledige rechtsbevoegdheid","94991","Gezelligheidsverenigingen","","","","","","",20000711,20000711,0,0,0,0,0,"",0,0
"Stadskanaal","","74","Stichting","88993","Lokaal welzijnswerk","","","","","","",20000628,20000628,0,0,0,0,0,"",2015,0
"Gieten","","71","Vereniging met volledige rechtsbevoegdheid","94997","Overige belangenbehartiging (rest)","","","","","","",20000417,0,0,0,0,0,0,"",0,0
"Ruinerwold","H","01","Eenmanszaak","4120","Algemene burgerlijke en utiliteitsbouw","","","","","","",0,0,20000713,20000720,20040714,0,0,"",0,0
"Groningen","H","01","Eenmanszaak","96022","Schoonheidsverzorging/pedi-/manicures","5814","Uitgeverijen van tijdschriften","","","","",0,0,20051031,20000713,20051030,0,0,"",0,0
"Lichtenvoorde","","74","Stichting","86929","Samenwerkingsorganen ohgv gez.zorg","","","","","","",20000707,20000707,0,0,0,0,0,"",0,0
"Eibergen","H","01","Eenmanszaak","9609","Overige dienstverlening (rest)","74201","Fotografie","","","N","N",0,0,20071222,20000601,0,0,0,"",0,0
"Enschede","","71","Vereniging met volledige rechtsbevoegdheid","94997","Overige belangenbehartiging (rest)","","","","","","",20000629,20000629,0,0,0,0,0,"",0,0
"Deventer","","71","Vereniging met volledige rechtsbevoegdheid","94997","Overige belangenbehartiging (rest)","","","","","","",20000706,20000706,0,0,0,0,0,"",0,0
"Hengelo","","74","Stichting","7810","Arbeidsbemiddeling","","","","","","",20000711,20000711,0,0,0,0,0,"",0,0
"Veenendaal","H","41","Besloten vennootschap met gewone structuur","47712","Winkels in dameskleding","","","","","N","N",20000904,20000904,20031031,20000712,20031101,0,20000904,"",2021,20220601
"Hengelo","H","41","Besloten vennootschap met gewone structuur","46462","GH med./tandheelk.instr./verpl.art. e.d.","","","","","N","N",20001019,20001019,20000713,20000707,0,0,20001019,"",2020,20211101
"Voorburg","H","41","Besloten vennootschap met gewone structuur","6420","Financiële holdings","","","","","N","N",20000919,20000919,20070205,20000501,20070129,0,20000919,"",2020,20211214
"Hengelo","","74","Stichting","88993","Lokaal welzijnswerk","","","","","","",20000711,20000711,0,0,0,0,0,"",0,0
"Ede","H","41","Besloten vennootschap met gewone structuur","2521","Verv. ketels/radiatoren voor centr.verw.","2221","Verv. platen,folie,buizen e.d.(kunstst.)","43222","Inst. verwarmings-/luchtbehandelingsapp.","","",20000711,20000711,20000712,20000711,20131104,0,0,"",2020,20211108
"Rotterdam","","71","Vereniging met volledige rechtsbevoegdheid","9412","Beroepsorganisaties","","","","","","",20000629,20000629,0,0,0,0,0,"",0,0
"Wageningen","","74","Stichting","69209","Overige administratiekantoren","","","","","","",20000707,20000707,0,0,0,0,0,"",0,0
"Gaanderen","H","01","Eenmanszaak","8219","Secretariële dienstverlening","69203","Boekhoudkantoren","0210","Bosbouw","","",0,0,20000713,20000701,20200229,0,0,"",0,0
"Winterswijk Corle","H","01","Eenmanszaak","85522","Kunstzinnige vorming voor amateurs","","","","","","",0,0,20000713,20000701,0,0,0,"",0,0
"Zoelen","","74","Stichting","72199","Ov.natuurw.speur-/ontw.werk (niet biot.)","","","","","","",20000712,20000712,0,0,0,0,0,"",0,0
"Zaltbommel","H","41","Besloten vennootschap met gewone structuur","70102","Holdings (geen financiële)","","","","","","",20000831,20000831,20000713,20000710,20200827,0,20000831,"",2019,20200702
"Zaltbommel","H","41","Besloten vennootschap met gewone structuur","70102","Holdings (geen financiële)","","","","","","",20000831,20000831,20151130,20000710,20151130,0,20000831,"",2011,20120928
"Weert","","74","Stichting","88999","Overig maatsch.adv./gemeenschapshuizen","","","","","","",20000627,20000627,0,0,0,0,0,"",0,0
"Zwijndrecht","H","41","Besloten vennootschap met gewone structuur","7112","Ingenieurs/overig techn. ontwerp/advies","4613","HB hout/vlakglas/sanitair/bouwmaterialen","","","","",20011002,20011002,20010307,20000701,20190711,0,20011002,"",2020,20211103
"Swalmen","H","01","Eenmanszaak","0162","Dienstverl. voor fokken en houden dieren","0143","Fokken en houden van paarden en ezels","","","N","N",0,0,20000713,20000701,0,0,0,"",0,0
"Heerlen","H","41","Besloten vennootschap met gewone structuur","7021","Adviesbureaus publ. relations en comm.","","","","","N","N",20000727,20000727,20000713,20000713,20170901,0,20000727,"",2020,20211230
"Vaals","","74","Stichting","93146","Sportscholen","","","","","","",20000713,20000713,0,0,0,0,0,"",0,0
"Maastricht","","74","Stichting","94991","Gezelligheidsverenigingen","","","","","","",20000710,20000710,0,0,0,0,0,"",0,0
"Heeze","H","41","Besloten vennootschap met gewone structuur","6420","Financiële holdings","","","","","","",20000907,20000907,20000710,20000701,20040315,0,20000907,"",2021,20220413
"Eindhoven","H","41","Besloten vennootschap met gewone structuur","6420","Financiële holdings","","","","","","",20000630,20000630,20000710,20000630,20030501,0,0,"F",2006,0
"Budel","H","41","Besloten vennootschap met gewone structuur","4662","Groothandel in gereedschapswerktuigen","46731","Groothandel in hout en plaatmateriaal","46741","Groothandel in ijzer- en metaalwaren","","",20000621,20000621,20000711,19971223,20190207,0,20000621,"",2020,20210623
"Nuenen","H","41","Besloten vennootschap met gewone structuur","6420","Financiële holdings","","","","","N","N",20000707,20000707,20000710,20000707,20220401,0,0,"",2021,20220315
"Heesch","H","01","Eenmanszaak","2562","Algemene metaalbewerking","47763","Winkels dier(benodigdhed)en/hengelsp.art","","","N","N",0,0,20000713,20000701,20020315,0,0,"",0,0
"Eindhoven","","72","Vereniging met beperkte rechtsbevoegdheid","90011","Beoefening van podiumkunst","","","","","","",19951218,0,0,0,0,0,0,"",0,0
"Hollandscheveld","H","41","Besloten vennootschap met gewone structuur","6420","Financiële holdings","","","","","","",20000710,20000710,20210809,20000710,20210801,0,0,"",2019,20210112
"Sleeuwijk","H","41","Besloten vennootschap met gewone structuur","46331","GH zuivelproducten/spijsoliën en -vetten","","","","","","",20080331,20080331,20000713,20000515,20211125,0,20080331,"",2020,20220511
"Hilvarenbeek","H","41","Besloten vennootschap met gewone structuur","01305","Teelt boomkwekerijgewassen volle grond","","","","","","",20091231,20091231,20000713,19940101,20091231,0,20091231,"",2021,20211029
"Tilburg","H","01","Eenmanszaak","4333","Afwerking van vloeren en wanden","","","","","","",0,0,20000713,20000717,20050303,0,0,"",0,0
"Made","H","01","Eenmanszaak","4532","DH in auto-onderdelen en -accessoires","","","","","N","N",0,0,20071222,20000710,20040723,0,0,"",0,0
"Hilvarenbeek","H","41","Besloten vennootschap met gewone structuur","70102","Holdings (geen financiële)","","","","","","",20000711,20000711,20000713,20000711,0,0,0,"",2020,20210628
"Hoogerheide","H","01","Eenmanszaak","0161","Dienstverl. akker- en/of tuinbouw","","","","","","",0,0,20000712,20000601,20020805,0,0,"",0,0
"Breda","H","41","Besloten vennootschap met gewone structuur","74201","Fotografie","70221","Organisatie-adviesbureaus","","","","",20000929,20000929,20000712,20000710,20041118,0,20000929,"",2020,20211012
"Oudenbosch","H","01","Eenmanszaak","4120","Algemene burgerlijke en utiliteitsbouw","31011","Interieurbouw","43993","Metselen en voegen","","",0,0,20000712,20000710,20130708,0,0,"",0,0
"Noordhoek","H","41","Besloten vennootschap met gewone structuur","6832","Beheer van onroerend goed","8211","Brede administratieve dienstverlening","","","","",20010119,20010119,20000712,20000601,20070606,0,20010119,"",2020,20211222
"Moerdijk","H","41","Besloten vennootschap met gewone structuur","77399","Verh./lease ov.mach./werkt./ov. goederen","4941","Goederenvervoer over weg (geen verhuiz.)","52291","Expediteurs/cargadoors/bevrachters e.d.","","",20000907,20000907,20000713,20000706,0,0,20000907,"",2020,0
"Kruisland","H","41","Besloten vennootschap met gewone structuur","6420","Financiële holdings","","","","","N","N",20000706,20000706,20000713,20000706,0,0,0,"",2021,20211217
"Arnhem","H","41","Besloten vennootschap met gewone structuur","70221","Organisatie-adviesbureaus","","","","","N","N",20010119,20010119,20021008,20000701,20190801,0,20010119,"",2020,20210611
"Kapelle","H","01","Eenmanszaak","7112","Ingenieurs/overig techn. ontwerp/advies","0150","Akker-/tuinbouw icm fokken/houden dieren","","","N","N",0,0,20000713,20000715,20061011,0,0,"",0,0
"Dreischor","","71","Vereniging met volledige rechtsbevoegdheid","90011","Beoefening van podiumkunst","","","","","","",20000411,20000710,0,0,0,0,0,"",0,0
"Rotterdam","","74","Stichting","88992","Maatschappelijk werk","","","","","","",20000706,20000706,0,0,0,0,0,"",0,0
"Etten-Leur","H","41","Besloten vennootschap met gewone structuur","6420","Financiële holdings","","","","","N","N",20000628,20000628,20210617,20000628,20210616,0,0,"",2020,20210802
"Baambrugge","H","41","Besloten vennootschap met gewone structuur","6420","Financiële holdings","","","","","N","N",20000628,20000628,20191007,20000628,20190901,0,0,"",2020,20211011
"Oostvoorne","H","41","Besloten vennootschap met gewone structuur","6420","Financiële holdings","","","","","N","N",20000628,20000628,20000713,20000628,20160728,0,0,"",2020,20210921
"Rotterdam","H","41","Besloten vennootschap met gewone structuur","6420","Financiële holdings","","","","","N","N",20000628,20000628,20000713,20000628,20050822,0,0,"",2021,20220404
"Vinkeveen","H","41","Besloten vennootschap met gewone structuur","6420","Financiële holdings","","","","","N","N",20000628,20000628,20100817,20000628,20100701,0,0,"",2020,20211104
"Dordrecht","H","01","Eenmanszaak","81221","Glazenwassen","4120","Algemene burgerlijke en utiliteitsbouw","","","N","N",0,0,20000713,20000701,20151210,0,0,"",0,0
"Zevenhuizen","H","41","Besloten vennootschap met gewone structuur","6420","Financiële holdings","","","","","","",20000712,20000712,20000713,20000712,20071213,0,0,"",2020,20211008
"Hoek van Holland","H","01","Eenmanszaak","8891","Kinderopvang","","","","","N","N",0,0,20000713,20000701,20030901,0,20070101,"",0,0
"Zevenhuizen","H","41","Besloten vennootschap met gewone structuur","6420","Financiële holdings","","","","","","",20000712,20000712,20000713,20000712,0,0,0,"",2020,20211008
"Nieuw-Beijerland","H","01","Eenmanszaak","85599","Studiebegeleiding/vorming/onderwijs","","","","","N","N",0,0,20000713,20000713,20170620,0,0,"",0,0
"Ridderkerk","H","41","Besloten vennootschap met gewone structuur","64303","Beleggingsinst. met beperkte toetreding","","","","","","",20000711,20000711,20171214,20000711,20171214,0,0,"",2020,20211215
"Zevenhuizen","H","41","Besloten vennootschap met gewone structuur","6420","Financiële holdings","","","","","","",20000712,20000712,20000713,20000712,0,0,0,"",2020,20211008
"Schiedam","H","41","Besloten vennootschap met gewone structuur","4651","GH computers, randapparatuur en software","6201","Ontwikkelen/produceren/uitgeven software","","","N","N",20000727,20000727,20000713,20000701,0,0,20000727,"",2020,20211128
"Rotterdam","","74","Stichting","94997","Overige belangenbehartiging (rest)","","","","","","",20000707,20000707,0,0,0,0,0,"",2014,20150526
"Rotterdam","H","01","Eenmanszaak","7911","Reisbemiddeling","9003","Schrijven en overige scheppende kunst","","","N","N",0,0,20000713,20000713,20030320,0,0,"",0,0
"Moerkapelle","H","41","Besloten vennootschap met gewone structuur","4321","Elektrotechnische bouwinstallatie","4661","GH landbouwmachines/werktuigen/tractoren","","","N","N",20000530,20000530,20161122,19940401,20161001,0,20000530,"",2020,20210331
"Amsterdam","H","41","Besloten vennootschap met gewone structuur","6420","Financiële holdings","","","","","N","N",20000706,20000706,20010906,20000706,20210814,0,0,"",2020,20211215
"Amsterdam","H","41","Besloten vennootschap met gewone structuur","6420","Financiële holdings","","","","","","",20000706,20000706,20030514,20000706,20160201,0,0,"",2021,20220530
"Zoetermeer","H","41","Besloten vennootschap met gewone structuur","66292","Pensioenadv.bureaus/beheer pensioenverm.","","","","","N","N",20000711,20000711,20000712,20000711,20191101,0,0,"",2020,20220112
"Monster","H","01","Eenmanszaak","0161","Dienstverl. akker- en/of tuinbouw","","","","","N","N",0,0,20000713,20000601,20201114,0,20050701,"",0,0
"Amsterdam","","71","Vereniging met volledige rechtsbevoegdheid","94997","Overige belangenbehartiging (rest)","","","","","","",20000517,20000622,0,0,0,0,0,"",0,0
"Rotterdam","H","41","Besloten vennootschap met gewone structuur","6201","Ontwikkelen/produceren/uitgeven software","","","","","","",20001010,20001010,20060323,20000701,20190301,0,20001010,"",2020,20211012
"Dronten","H","41","Besloten vennootschap met gewone structuur","70102","Holdings (geen financiële)","","","","","N","N",20021224,20021224,20041011,20000713,20040801,0,20021224,"",2020,20220409
"Leiden","H","41","Besloten vennootschap met gewone structuur","6420","Financiële holdings","","","","","N","N",20000710,20000710,20000713,20000710,0,0,0,"",2020,20210518
"Oegstgeest","H","01","Eenmanszaak","47712","Winkels in dameskleding","","","","","N","N",0,0,20000713,20000713,20200801,0,0,"",0,0
"Haarlem","H","01","Eenmanszaak","7311","Reclamebureaus","","","","","N","N",0,0,20181128,20000713,20181116,0,0,"",0,0
"Katwijk","H","41","Besloten vennootschap met gewone structuur","4120","Algemene burgerlijke en utiliteitsbouw","4110","Projectontwikkeling","7112","Ingenieurs/overig techn. ontwerp/advies","N","N",20000905,20000905,20000919,20000713,20090101,0,20000905,"",2021,20220309
"De Meern","H","41","Besloten vennootschap met gewone structuur","6202","Advisering ohgv informatietechnologie","","","","","J","J",20000912,20000912,20000712,20000701,20211223,0,20000912,"",2021,20220204
"Naarden","H","41","Besloten vennootschap met gewone structuur","6420","Financiële holdings","","","","","","",20000706,20000706,20030617,20000706,20191001,0,0,"",2019,20220217
"Woerden","H","41","Besloten vennootschap met gewone structuur","70102","Holdings (geen financiële)","","","","","","",20000706,20000706,20000712,20000706,20060320,0,0,"",2019,20201229
"Purmerend","H","01","Eenmanszaak","74102","Industrieel en productontwerp","","","","","","",0,0,20140821,20000719,20140220,0,0,"",0,0
"Sint-Oedenrode","H","41","Besloten vennootschap met gewone structuur","70102","Holdings (geen financiële)","","","","","","",20000918,20000918,20050909,20000705,20050501,0,20000918,"",2020,20211214
"Noorden","","71","Vereniging met volledige rechtsbevoegdheid","90011","Beoefening van podiumkunst","","","","","","",20000704,20000704,0,0,0,0,0,"",0,0
"Groningen","H","41","Besloten vennootschap met gewone structuur","70221","Organisatie-adviesbureaus","","","","","","",20000823,20000823,20060501,20000702,20071201,0,20000823,"",2020,20211221
"Zutphen","","74","Stichting","86221","Praktijken medisch spec./med. dagbehand.","","","","","","",20000630,20000630,0,0,0,0,0,"",0,0
"Utrecht","","74","Stichting","94997","Overige belangenbehartiging (rest)","","","","","","",20000704,20000704,0,0,0,0,0,"",0,0
"Utrecht","H","41","Besloten vennootschap met gewone structuur","70222","Advisering ohgv management/bedrijfsv.","","","","","","",20000707,20000707,20000713,20000707,20051219,0,0,"",2021,20220224
"Tull en 't Waal","H","41","Besloten vennootschap met gewone structuur","70222","Advisering ohgv management/bedrijfsv.","6420","Financiële holdings","66193","Hypotheek-/kredietbem./bankagentschappen","N","N",20000711,20000711,20060308,20000711,20170101,0,0,"",2019,20200523
"Lopik","H","41","Besloten vennootschap met gewone structuur","6420","Financiële holdings","","","","","","",20020328,20020328,20000713,20000701,0,0,20020328,"",2019,20201107
"Bunnik","H","41","Besloten vennootschap met gewone structuur","6420","Financiële holdings","","","","","","",20090401,20090401,20000713,20000701,0,0,20090401,"",2020,20220105
"Nieuwegein","H","01","Eenmanszaak","90013","Circus en variété","","","","","","",0,0,20000713,20000622,0,0,0,"",0,0
"Veenendaal","H","41","Besloten vennootschap met gewone structuur","70222","Advisering ohgv management/bedrijfsv.","6420","Financiële holdings","","","","",20000711,20000711,20000713,20000711,20170803,0,0,"",2019,20210409
"Wageningen","H","01","Eenmanszaak","70221","Organisatie-adviesbureaus","","","","","","",0,0,20040504,20000714,20040428,0,20090701,"",0,0
"Amersfoort","H","11","Vennootschap onder firma","6201","Ontwikkelen/produceren/uitgeven software","","","","","","",20000713,0,20020531,20000713,20020531,0,0,"",0,0
"Heeten","H","41","Besloten vennootschap met gewone structuur","6420","Financiële holdings","","","","","","",20000831,20000831,20100212,20000601,20200801,0,20000831,"",2020,20220301
"Eindhoven","H","41","Besloten vennootschap met gewone structuur","6201","Ontwikkelen/produceren/uitgeven software","6202","Advisering ohgv informatietechnologie","","","N","J",20000629,20000629,20020823,20000629,20140929,0,0,"",2021,20220531
"Naarden","H","41","Besloten vennootschap met gewone structuur","70222","Advisering ohgv management/bedrijfsv.","","","","","","",20001012,20001012,20000713,20000713,20140813,0,20001012,"",2020,20211014
"Amsterdam","H","41","Besloten vennootschap met gewone structuur","6420","Financiële holdings","","","","","N","N",20000504,20000504,20120104,20000504,20111230,0,0,"",2021,20220216
"Schiphol-Rijk","H","41","Besloten vennootschap met gewone structuur","6420","Financiële holdings","","","","","N","N",20000627,20000627,20000712,20000627,20001211,0,0,"",2020,20211215
"Maastricht","","74","Stichting","94993","Steunfondsen (niet ohgv welzijnszorg)","","","","","","",20000704,20000704,0,0,0,0,0,"",0,0
"Amsterdam","H","41","Besloten vennootschap met gewone structuur","64303","Beleggingsinst. met beperkte toetreding","","","","","N","N",20000622,20000622,20000712,20000622,20120422,0,0,"",2019,20210410
"Amsterdam","H","41","Besloten vennootschap met gewone structuur","69101","Advocatenkantoren, bewindv. en curatoren","","","","","N","N",20000622,20000622,20000712,20000622,20101101,0,0,"",2020,20220503
"Hoofddorp","H","01","Eenmanszaak","9609","Overige dienstverlening (rest)","","","","","N","N",0,0,20000712,20000701,20171012,0,0,"",0,0
"Amsterdam","H","41","Besloten vennootschap met gewone structuur","45192","Handel/rep. zwaardere bedrijfsauto's","70221","Organisatie-adviesbureaus","","","J","J",20000608,20000608,20000713,20000608,20071017,0,0,"",2020,20211122
"Rotterdam","H","01","Eenmanszaak","6201","Ontwikkelen/produceren/uitgeven software","","","","","N","N",0,0,20011109,20000712,20120206,0,0,"",0,0
"Amsterdam","H","41","Besloten vennootschap met gewone structuur","6420","Financiële holdings","","","","","N","N",20000630,20000630,20060314,20000630,20160201,0,0,"",2020,20210625
"Heemskerk","H","11","Vennootschap onder firma","56101","Restaurants","46382","GH vis, schaal- en weekdieren","","","N","N",20000701,0,20000712,20000701,20001127,0,0,"",2008,20090904
"Amsterdam","","74","Stichting","6420","Financiële holdings","","","","","","",20000629,20000629,0,0,0,0,0,"",0,0
"Amsterdam","H","41","Besloten vennootschap met gewone structuur","70221","Organisatie-adviesbureaus","70222","Advisering ohgv management/bedrijfsv.","","","N","N",20000918,20000918,20000713,20000705,20060324,0,20000918,"",2020,20211230
"Lelystad","H","41","Besloten vennootschap met gewone structuur","70221","Organisatie-adviesbureaus","","","","","N","N",20000918,20000918,20030723,20000705,20161231,0,20000918,"",2020,20210707
"Nieuw-Vennep","H","41","Besloten vennootschap met gewone structuur","6420","Financiële holdings","","","","","N","N",20000822,20000822,20000713,20000713,20171201,0,20000822,"",2020,20210628
"Haarlem","","74","Stichting","88999","Overig maatsch.adv./gemeenschapshuizen","","","","","","",20000706,20000706,0,0,0,0,0,"",0,0
"Haarlem","H","41","Besloten vennootschap met gewone structuur","6420","Financiële holdings","","","","","N","N",20010316,20010316,20151229,20000710,20190301,0,20010316,"",2020,20220427
"Bloemendaal","H","41","Besloten vennootschap met gewone structuur","6420","Financiële holdings","","","","","N","N",20000907,20000907,20000713,20000701,20220110,0,20000907,"",2020,20220204
"Wilnis","H","41","Besloten vennootschap met gewone structuur","6420","Financiële holdings","","","","","N","N",20000907,20000907,20090226,20000701,20070101,0,20000907,"",2020,20220325
"Dreumel","H","41","Besloten vennootschap met gewone structuur","70102","Holdings (geen financiële)","","","","","N","N",20000928,20000928,20220322,20000720,20220321,0,20000928,"",2020,20210526
"Zandvoort","","74","Stichting","69209","Overige administratiekantoren","","","","","","",19750725,19750725,0,0,0,0,0,"",0,0
"Maastricht","","74","Stichting","6420","Financiële holdings","","","","","","",20000712,20000712,0,0,0,0,0,"",2012,20131018
"Amsterdam","H","01","Eenmanszaak","96021","Haarverzorging","","","","","N","N",0,0,20000713,20000717,20010701,0,0,"",0,0
"Oostwoud","","72","Vereniging met beperkte rechtsbevoegdheid","64303","Beleggingsinst. met beperkte toetreding","","","","","","",20000529,20000529,0,0,0,0,0,"",0,0
"Amsterdam","H","74","Stichting","91021","Musea","","","","","N","N",20000627,20000627,20110105,20000627,0,0,0,"",0,0
"Amsterdam","H","01","Eenmanszaak","7311","Reclamebureaus","","","","","N","N",0,0,20060301,20000701,20170619,0,0,"",0,0
"Purmerend","H","11","Vennootschap onder firma","70221","Organisatie-adviesbureaus","70222","Advisering ohgv management/bedrijfsv.","69203","Boekhoudkantoren","N","N",20000201,0,20000712,20000201,20030418,0,0,"",0,0
"Westwoud","H","41","Besloten vennootschap met gewone structuur","6810","Handel in eigen onroerend goed","","","","","","",20000720,20000720,20000712,20000701,20120522,0,20000720,"",2020,20220428
"Heiloo","H","41","Besloten vennootschap met gewone structuur","7112","Ingenieurs/overig techn. ontwerp/advies","85592","Bedrijfsopleiding en -training","","","N","N",20001013,20001013,20000713,20000701,0,0,20001013,"",2017,20190227
"Dronten","H","11","Vennootschap onder firma","8110","Facility management","","","","","N","N",20030101,0,20000713,20000713,20150921,0,20030101,"",0,0
"Nieuw-Vennep","H","01","Eenmanszaak","4120","Algemene burgerlijke en utiliteitsbouw","","","","","N","N",0,0,20030917,20000715,20030701,0,0,"",0,0
"Wolvega","H","41","Besloten vennootschap met gewone structuur","6420","Financiële holdings","","","","","","",20000707,20000707,20000712,20000707,0,0,0,"",2021,0
"Zandhuizen","H","01","Eenmanszaak","4120","Algemene burgerlijke en utiliteitsbouw","","","","","","",0,0,20000713,20000703,20010601,0,0,"",0,0
"Aldeboarn","H","01","Eenmanszaak","47643","Winkels in sportart. (geen watersport)","","","","","J","J",0,0,20000713,20000701,0,0,0,"",0,0
"Heerenveen","H","01","Eenmanszaak","96022","Schoonheidsverzorging/pedi-/manicures","86912","Praktijken van fysiotherapeuten","","","","",0,0,20060601,20000701,20080517,0,0,"",0,0
"Akkrum","H","01","Eenmanszaak","2223","Verv. kunststofproducten voor de bouw","","","","","","",0,0,20000713,20000401,20010522,0,0,"",0,0
"Wolvega","H","01","Eenmanszaak","31011","Interieurbouw","3012","Bouw van sport- en recreatievaartuigen","","","","",0,0,20000713,20000717,20121001,0,0,"",0,0
"Groningen","H","11","Vennootschap onder firma","4726","Winkels in tabaksproducten","5310","Nationale post met univer. dienstverpl.","4762","Winkels kranten/tijdschr./kantoorbeh.","","",19971001,0,20000714,20000601,0,0,0,"",0,0
"Niebert","H","01","Eenmanszaak","96021","Haarverzorging","86919","Overige paramedische praktijken","","","","",0,0,20000714,20000714,20050101,0,0,"",0,0
"Nieuwe Pekela","H","41","Besloten vennootschap met gewone structuur","43221","Loodg.- en fitterswerk; inst. sanitair","47541","Winkels in witgoed","43222","Inst. verwarmings-/luchtbehandelingsapp.","N","N",20001102,20001102,20000717,20000714,0,0,20001102,"",2020,20210722
"Stadskanaal","H","01","Eenmanszaak","4312","Grondverzet","","","","","N","N",0,0,20000717,20000717,20130901,0,0,"",0,0
"Doorn","H","41","Besloten vennootschap met gewone structuur","3109","Vervaardiging van overige meubels","47591","Winkels in meubels","46471","Groothandel in huismeubilair","","",20000714,20000714,20181008,20000714,20181008,0,0,"",2020,20211216
"Musselkanaal","H","41","Besloten vennootschap met gewone structuur","4941","Goederenvervoer over weg (geen verhuiz.)","","","","","N","N",20000714,20000714,20000717,20000714,0,0,0,"",2019,20210817
"Groningen","H","41","Besloten vennootschap met gewone structuur","69102","Rechtskundige adviesbureaus","7220","Speur-/ontw.werk ogv maats./geesteswet.","78202","Uitleenbureaus","N","N",20000728,20000728,20000717,20000701,20100826,0,20000728,"",2021,20220414
"Groningen","H","01","Eenmanszaak","5630","Cafés","","","","","N","N",0,0,20000717,20000717,0,0,20020101,"",0,0
"Groningen","H","41","Besloten vennootschap met gewone structuur","71111","Architecten","","","","","N","N",20010105,20010105,20000717,19900101,0,0,20010105,"",2018,20200602
"Zweeloo","H","41","Besloten vennootschap met gewone structuur","6420","Financiële holdings","","","","","","",20000712,20000712,20000714,20000712,0,0,0,"",2020,20211023
"Veenoord","","74","Stichting","88992","Maatschappelijk werk","","","","","","",20000705,20000705,0,0,0,0,0,"",0,0
"Roden","H","01","Eenmanszaak","96021","Haarverzorging","","","","","","",0,0,20000717,20000714,20200805,0,0,"",0,0
"Nietap","H","01","Eenmanszaak","4617","HB in voedings- en genotmiddelen","4618","HB gespecialiseerd in overige goederen","","","N","N",0,0,20000717,20000601,0,0,0,"",0,0
"Kampen","H","11","Vennootschap onder firma","8130","Landschapsverzorging","","","","","","",20010401,0,20000712,20000101,0,0,20010401,"",0,0
"Hattem","","74","Stichting","91021","Musea","","","","","","",20000711,0,0,0,0,0,0,"",0,0
"Hattem","","74","Stichting","93196","Overkoepelende organen e.d. (sport)","","","","","","",20000711,20000711,0,0,0,0,0,"",0,0
"Stegeren","H","01","Eenmanszaak","96022","Schoonheidsverzorging/pedi-/manicures","","","","","","",0,0,20000712,20000701,20210918,0,20060101,"",0,0
"Dalfsen","","72","Vereniging met beperkte rechtsbevoegdheid","93142","Zaalsport in teamverband","","","","","","",19830822,0,0,0,0,0,0,"",0,0
"Zwolle","H","01","Eenmanszaak","5221","Dienstverlening voor vervoer over land","","","","","","",0,0,20000713,20000713,20031215,0,0,"",0,0
"Zwolle","","74","Stichting","8230","Organiseren van congressen en beurzen","","","","","","",20000628,20000628,0,0,0,0,0,"",0,0
"Linde","H","01","Eenmanszaak","7430","Vertalers en tolken","7311","Reclamebureaus","74101","Communicatie- en grafisch ontwerp","","",0,0,20050119,20000101,20050119,0,0,"",0,0
"Eemdijk","H","41","Besloten vennootschap met gewone structuur","70102","Holdings (geen financiële)","","","","","","",20000828,20000828,20030113,20000701,20171121,0,20000828,"",2020,20220215
"Gramsbergen","","71","Vereniging met volledige rechtsbevoegdheid","88999","Overig maatsch.adv./gemeenschapshuizen","","","","","","",20000710,20000710,0,0,0,0,0,"",0,0
"Kampen","H","01","Eenmanszaak","4120","Algemene burgerlijke en utiliteitsbouw","","","","","","",0,0,20000714,20000701,20130610,0,0,"",0,0
"Steenwijk","H","41","Besloten vennootschap met gewone structuur","5222","Dienstverlening voor vervoer over water","","","","","","",20000816,20000816,20000714,20000701,20170801,0,20000816,"",2020,20220317
"Oldebroek","H","41","Besloten vennootschap met gewone structuur","6420","Financiële holdings","","","","","N","N",20090325,20090325,20000713,20000721,20120201,0,20090325,"",2020,20220401
"Oldenzaal","H","41","Besloten vennootschap met gewone structuur","6420","Financiële holdings","","","","","","",20000711,20000711,20000713,20000711,0,0,0,"",2020,20220316
"Oldenzaal","H","41","Besloten vennootschap met gewone structuur","6420","Financiële holdings","","","","","N","N",20000711,20000711,20000713,20000711,0,0,0,"",2020,20211125
"Deurningen","H","01","Eenmanszaak","8891","Kinderopvang","47716","Winkels in onderkleding, foundations ed.","86919","Overige paramedische praktijken","N","N",0,0,20000713,20000713,20141001,0,0,"",0,0
"Wezep","H","11","Vennootschap onder firma","42112","Stratenmaken","","","","","N","N",20000714,0,20000714,20000714,20040901,0,0,"",0,0
"Meppel","H","41","Besloten vennootschap met gewone structuur","6420","Financiële holdings","","","","","N","N",20000721,20000721,20220317,20000601,20220120,0,20000721,"",2019,20201230
"Lochem","","71","Vereniging met volledige rechtsbevoegdheid","94992","Hobbyclubs","","","","","","",20000426,20000707,0,0,0,0,0,"",0,0
"Eibergen","H","41","Besloten vennootschap met gewone structuur","70102","Holdings (geen financiële)","","","","","N","N",20000331,20000331,20071222,20000331,0,0,0,"",2020,20201208
"Kootwijkerbroek","H","41","Besloten vennootschap met gewone structuur","6810","Handel in eigen onroerend goed","","","","","N","N",20000712,20000712,20000714,20000712,0,0,0,"",2021,20220601
"Barneveld","H","41","Besloten vennootschap met gewone structuur","46762","Groothandel in papier en karton","","","","","J","N",20000712,20000712,20000714,20000712,20080926,0,0,"",2020,20210709
"2001 Neuchatel","H","41","Besloten vennootschap met gewone structuur","6420","Financiële holdings","","","","","N","N",20000714,20000714,20170317,20000714,20120720,0,0,"",2012,20131119
"Almelo","H","41","Besloten vennootschap met gewone structuur","6420","Financiële holdings","","","","","","",20000706,20000706,20000714,20000706,20071001,0,0,"",2021,20220301
"Enschede","H","01","Eenmanszaak","45112","Handel/rep. personen-/lichte bedr.auto's","45311","GH/HB auto-ond./-access. (geen banden)","7490","Overige special. zakelijke dienstverl.","J","J",0,0,20000714,20000701,20190314,0,0,"",0,0
"Apeldoorn","H","01","Eenmanszaak","70221","Organisatie-adviesbureaus","","","","","N","N",0,0,20000714,20000701,20200703,0,0,"",0,0
"Apeldoorn","H","41","Besloten vennootschap met gewone structuur","5812","Databanken","","","","","N","N",20091221,20091221,20000714,20000601,20090302,0,20091221,"",2021,20220221
"Haaksbergen","H","01","Eenmanszaak","45112","Handel/rep. personen-/lichte bedr.auto's","","","","","N","N",0,0,20000717,20000717,0,0,0,"",0,0
"Almere","H","41","Besloten vennootschap met gewone structuur","77112","Operat. lease pers.-/lichte bedr.auto's","","","","","N","N",20010315,20010315,20120614,20000701,20120101,0,20010315,"",2020,20211105
"Wilp","H","11","Vennootschap onder firma","45201","Auto-onderdelenservicebedrijven","","","","","J","N",20010901,0,20000717,20000717,20080101,0,20010901,"",0,0
"Deventer","H","01","Eenmanszaak","59112","Productie van televisieprogramma's","59111","Prod. films (geen televisiefilms)","90011","Beoefening van podiumkunst","N","N",0,0,20000717,20000717,20140724,0,20090101,"",0,0
"Hengelo","H","41","Besloten vennootschap met gewone structuur","6420","Financiële holdings","","","","","","",20000714,20000714,20000717,20000714,0,0,0,"",2020,20211103
"Hengelo","H","41","Besloten vennootschap met gewone structuur","6420","Financiële holdings","","","","","N","N",20000714,20000714,20000717,20000714,0,0,0,"",2020,20211103
"Enschede","H","11","Vennootschap onder firma","47242","Winkels in chocolade en suikerwerk","56102","Fastfoodrest, cafet, ijssal, eetkr e.d.","","","N","N",20090101,0,20000717,20000717,20050125,0,20090101,"",0,0
"Rijssen","H","41","Besloten vennootschap met gewone structuur","64301","Beleggingsinstell. in financiële activa","","","","","N","N",20000714,20000714,20000717,20000714,0,0,0,"",2019,20201222
"Enschede","H","11","Vennootschap onder firma","46422","Groothandel in werkkleding","","","","","N","N",20000719,0,20000717,19280310,20181201,0,20000719,"",0,0
"Markelo","H","01","Eenmanszaak","6201","Ontwikkelen/produceren/uitgeven software","6311","Gegevensverw./webhosting/aanverw. activ.","6202","Advisering ohgv informatietechnologie","N","N",0,0,20000717,20000714,0,0,0,"",0,0
"Hengelo","H","41","Besloten vennootschap met gewone structuur","6420","Financiële holdings","","","","","N","N",20000714,20000714,20000717,20000714,0,0,0,"",2020,20211103
"Hengelo","H","41","Besloten vennootschap met gewone structuur","6202","Advisering ohgv informatietechnologie","","","","","N","N",20000714,20000714,20000717,20000714,0,0,0,"",2020,20211103
"Enschede","H","01","Eenmanszaak","7490","Overige special. zakelijke dienstverl.","","","","","N","N",0,0,20000717,20000717,0,0,0,"",0,0
"Oldenzaal","H","41","Besloten vennootschap met gewone structuur","2511","Verv. metalen constr.werken/delen ervan","2550","Smeden/persen/stampen/profielwalsen e.d.","","","N","N",20060331,20060331,20000717,20000717,20120801,0,20060331,"",2020,20210629
"Voorthuizen","H","01","Eenmanszaak","4120","Algemene burgerlijke en utiliteitsbouw","45192","Handel/rep. zwaardere bedrijfsauto's","","","N","N",0,0,20000717,20000717,20071101,0,0,"",0,0
"Borculo","H","01","Eenmanszaak","6202","Advisering ohgv informatietechnologie","","","","","N","N",0,0,20071222,20000717,20031001,0,0,"",0,0
"Eerbeek","H","41","Besloten vennootschap met gewone structuur","86231","Praktijken van tandartsen","","","","","N","N",20000830,20000830,20000906,20000101,20000830,0,20000830,"",2020,20211215
"Stokkum","H","41","Besloten vennootschap met gewone structuur","6420","Financiële holdings","","","","","","",20000906,20000906,20000714,20000701,0,0,20000906,"",2020,20220128
"Stokkum","H","41","Besloten vennootschap met gewone structuur","2829","Verv. ov. machines/apparaten alg.gebruik","","","","","","",20000906,20000906,20000714,20000701,0,0,20000906,"",2020,20220128
"Zevenaar","H","41","Besloten vennootschap met gewone structuur","64303","Beleggingsinst. met beperkte toetreding","70221","Organisatie-adviesbureaus","","","","",20000713,20000713,20000714,20000713,20151115,0,0,"",2019,20210125
"Nijmegen","H","41","Besloten vennootschap met gewone structuur","6420","Financiële holdings","","","","","","",20000628,20000628,20000714,20000628,0,0,0,"",2020,20211021
"Groesbeek","","74","Stichting","94996","Overige ideële organisaties (rest)","","","","","","",20000626,20000626,0,0,0,0,0,"",0,0
"Noordwijk","","74","Stichting","94993","Steunfondsen (niet ohgv welzijnszorg)","","","","","","",20000713,20000713,0,0,0,0,0,"",0,0
"Noordwijk","","74","Stichting","94993","Steunfondsen (niet ohgv welzijnszorg)","","","","","","",20000713,20000713,0,0,0,0,0,"",0,0
"Nijmegen","H","01","Eenmanszaak","85599","Studiebegeleiding/vorming/onderwijs","","","","","","",0,0,20000717,20000701,0,0,0,"",0,0
"Ede","H","01","Eenmanszaak","7311","Reclamebureaus","","","","","","",0,0,20000717,20000715,20110601,0,0,"",0,0
"Millingen aan de Rijn","H","41","Besloten vennootschap met gewone structuur","6420","Financiële holdings","","","","","","",20000714,20000714,20000717,20000714,0,0,0,"",2004,20060331
"Nijmegen","","71","Vereniging met volledige rechtsbevoegdheid","94991","Gezelligheidsverenigingen","","","","","","",20000621,20000621,0,0,0,0,0,"",0,0
"Ede","","71","Vereniging met volledige rechtsbevoegdheid","94997","Overige belangenbehartiging (rest)","","","","","","",20000712,20000712,0,0,0,0,0,"",0,0
"Zevenaar","","74","Stichting","66191","Admin.kantoren voor aandelen/obligaties","","","","","","",20000525,20000525,0,0,0,0,0,"",0,0
"Etten","H","41","Besloten vennootschap met gewone structuur","6420","Financiële holdings","","","","","N","N",20000914,20000914,20000717,20000701,0,0,20000914,"",2020,20210928
"Aalten","","72","Vereniging met beperkte rechtsbevoegdheid","93129","Overige buitensport","","","","","","",19460508,0,0,0,0,0,0,"",0,0
"Doetinchem","H","01","Eenmanszaak","6201","Ontwikkelen/produceren/uitgeven software","","","","","N","N",0,0,20000717,20000717,20091106,0,20080811,"",0,0
"Culemborg","H","01","Eenmanszaak","9524","Reparatie en stoffering van meubels","","","","","","",0,0,20140412,20000719,20090701,0,0,"",0,0
"Giessenburg","H","41","Besloten vennootschap met gewone structuur","70222","Advisering ohgv management/bedrijfsv.","","","","","","",20000713,20000713,20000717,20000713,0,0,0,"",2021,20220511
"Heerewaarden","H","41","Besloten vennootschap met gewone structuur","70102","Holdings (geen financiële)","","","","","","",20000713,20000713,20000717,20000713,20061201,0,0,"",2020,20210322
"Wijk bij Duurstede","H","41","Besloten vennootschap met gewone structuur","3315","Reparatie en onderhoud van schepen","","","","","","",20000713,20000713,20140412,20000713,20211227,0,0,"",2020,20211221
"Assendelft","H","41","Besloten vennootschap met gewone structuur","70102","Holdings (geen financiële)","","","","","N","N",20000811,20000811,20181127,20000701,20211124,0,20000811,"",2020,20220324
"Culemborg","H","41","Besloten vennootschap met gewone structuur","6630","Vermogensbeheer","","","","","N","N",20040120,20040120,20000717,20000717,20190329,0,20040120,"",2020,20211208
"Grubbenvorst","H","41","Besloten vennootschap met gewone structuur","2899","Verv. ov.machines/app./werkt. specifiek","78202","Uitleenbureaus","7112","Ingenieurs/overig techn. ontwerp/advies","N","N",20050725,20050725,20000713,20000101,20210201,0,20050725,"",2020,20211231
"Horst","H","41","Besloten vennootschap met gewone structuur","6420","Financiële holdings","","","","","N","N",20000629,20000629,20000713,20000629,20080829,0,0,"",2020,20220505
"Venray","H","41","Besloten vennootschap met gewone structuur","45191","Import van nieuwe bedrijfsauto's","45311","GH/HB auto-ond./-access. (geen banden)","","","J","J",20000711,20000711,20000714,20000711,20050607,0,0,"",2020,20210510
"Venlo","H","41","Besloten vennootschap met gewone structuur","6420","Financiële holdings","6622","Assurantietussenpersonen","","","N","N",20000704,20000704,20000717,20000704,0,0,0,"",2020,20210721
"Horst","","74","Stichting","94997","Overige belangenbehartiging (rest)","","","","","","",20000630,20000630,0,0,0,0,0,"",0,0
"Roermond","H","11","Vennootschap onder firma","86919","Overige paramedische praktijken","","","","","N","N",20000701,0,20000717,20000701,20150213,0,20000701,"",0,0
"Susteren","H","01","Eenmanszaak","7112","Ingenieurs/overig techn. ontwerp/advies","","","","","N","N",0,0,20000713,20000701,20100114,0,0,"",0,0
"Landgraaf","","74","Stichting","88993","Lokaal welzijnswerk","","","","","","",20000710,20000710,0,0,0,0,0,"",0,0
"Maastricht","H","41","Besloten vennootschap met gewone structuur","6201","Ontwikkelen/produceren/uitgeven software","70221","Organisatie-adviesbureaus","","","N","N",20010329,20010329,20000714,20000712,20090501,0,20010329,"",2020,20210917
"Kerkrade","","74","Stichting","94993","Steunfondsen (niet ohgv welzijnszorg)","","","","","","",20000615,20000615,0,0,0,0,0,"",0,0
"Elsloo","H","01","Eenmanszaak","6201","Ontwikkelen/produceren/uitgeven software","4651","GH computers, randapparatuur en software","","","N","N",0,0,20000714,20000714,20130806,0,0,"",0,0
"Mechelen","H","11","Vennootschap onder firma","4941","Goederenvervoer over weg (geen verhuiz.)","","","","","N","N",20000701,0,20000714,20000701,20000819,0,0,"",0,0
"Kerkrade","H","41","Besloten vennootschap met gewone structuur","70102","Holdings (geen financiële)","","","","","N","N",20000707,20000707,20000714,20000707,20181217,0,0,"",2020,20211229
"Kerkrade","H","41","Besloten vennootschap met gewone structuur","4941","Goederenvervoer over weg (geen verhuiz.)","","","","","N","N",20000707,20000707,20000714,20000707,20181217,0,0,"",2020,20220503
"Voerendaal","H","01","Eenmanszaak","4321","Elektrotechnische bouwinstallatie","","","","","N","N",0,0,20000717,20000701,0,0,0,"",0,0
"Sittard","","74","Stichting","94993","Steunfondsen (niet ohgv welzijnszorg)","","","","","","",20000714,20000714,0,0,0,0,0,"",0,0
"Mill","H","41","Besloten vennootschap met gewone structuur","46215","GH veevoeder(geen ruw-/meng-/krachtvoer)","0162","Dienstverl. voor fokken en houden dieren","","","N","N",20051124,20051124,20000711,20000701,20090402,0,20051124,"",2020,20220331
"Veghel","","74","Stichting","88102","Welzijnswerk voor ouderen","","","","","","",20000706,20000706,0,0,0,0,0,"",0,0
"Eindhoven","","71","Vereniging met volledige rechtsbevoegdheid","94997","Overige belangenbehartiging (rest)","","","","","","",20000711,20000711,0,0,0,0,0,"",0,0
"Son en Breugel","H","41","Besloten vennootschap met gewone structuur","6420","Financiële holdings","","","","","N","N",20070529,20070529,20000712,20000101,20200616,0,20070529,"",2021,20220602
"Hurwenen","H","41","Besloten vennootschap met gewone structuur","6202","Advisering ohgv informatietechnologie","70221","Organisatie-adviesbureaus","47918","Internethandel overige non-food","","",20000824,20000824,20180326,20000704,20180323,0,20000824,"",2019,20201015
"Eefde","H","01","Eenmanszaak","74103","Interieur- en ruimtelijk ontwerp","","","","","N","N",0,0,20061025,20000101,20061025,0,0,"",0,0
"Berghem","H","01","Eenmanszaak","33121","Rep./onderh. mach. voor algemeen gebruik","","","","","N","N",0,0,20000714,20000717,20111219,0,0,"",0,0
"Deurne","","71","Vereniging met volledige rechtsbevoegdheid","94992","Hobbyclubs","","","","","","",20000517,20001215,0,0,0,0,0,"",0,0
"'s-Hertogenbosch","H","01","Eenmanszaak","71111","Architecten","","","","","","",0,0,20000714,20000701,20180801,0,0,"",0,0
"Rosmalen","H","01","Eenmanszaak","45112","Handel/rep. personen-/lichte bedr.auto's","4120","Algemene burgerlijke en utiliteitsbouw","","","N","N",0,0,20000714,20000714,20151120,0,0,"",0,0
"Nieuwegein","H","41","Besloten vennootschap met gewone structuur","46232","GH huis-/wilde dieren/siervissen/-vogels","46383","Gesp. GH in ov. voedings- en genotm.","","","N","N",20001030,20001030,20101018,20000712,20100915,0,20001030,"",2020,20210730
"Leende","H","41","Besloten vennootschap met gewone structuur","6420","Financiële holdings","64303","Beleggingsinst. met beperkte toetreding","","","N","N",20000712,20000712,20000714,20000712,20210607,0,0,"",2020,20210528
"Nuenen","H","01","Eenmanszaak","7490","Overige special. zakelijke dienstverl.","47819","Markthandel overige voedings- en genotm.","47899","Markthandel in overige goederen","N","N",0,0,20000714,20000721,20210624,0,0,"",0,0
"Den Dungen","H","41","Besloten vennootschap met gewone structuur","7112","Ingenieurs/overig techn. ontwerp/advies","78202","Uitleenbureaus","","","N","N",20000713,20000713,20000714,20000713,0,0,0,"",2020,20211229
"Eindhoven","H","41","Besloten vennootschap met gewone structuur","6420","Financiële holdings","","","","","N","N",20000712,20000712,20000714,20000712,20150701,0,0,"",2020,20210806
"Veldhoven","H","41","Besloten vennootschap met gewone structuur","7112","Ingenieurs/overig techn. ontwerp/advies","","","","","","",20000712,20000712,20000713,20000712,20060901,0,0,"",2021,20220406
"Berlicum","","74","Stichting","66191","Admin.kantoren voor aandelen/obligaties","","","","","","",20000711,20000711,0,0,0,0,0,"",0,0
"Rosmalen","H","41","Besloten vennootschap met gewone structuur","6420","Financiële holdings","","","","","","",20000713,20000713,20000717,20000713,20001201,0,0,"",2020,20220103
"Oss","H","41","Besloten vennootschap met gewone structuur","6420","Financiële holdings","","","","","J","J",20000714,20000714,20000717,20000714,20061222,0,0,"",2020,20220414
"Den Dungen","H","01","Eenmanszaak","0161","Dienstverl. akker- en/of tuinbouw","0162","Dienstverl. voor fokken en houden dieren","","","","",0,0,20000717,20000101,20210823,0,0,"",0,0
"Tilburg","H","11","Vennootschap onder firma","45112","Handel/rep. personen-/lichte bedr.auto's","","","","","","",20000401,0,20000713,19850201,20100219,0,20000401,"",0,0
"Oisterwijk","H","01","Eenmanszaak","8553","Auto- en motorrijscholen","","","","","N","N",0,0,20000714,20000701,0,0,20090429,"",0,0
"Oisterwijk","H","01","Eenmanszaak","71202","Keuring/controle mach./app./materialen","4331","Stukadoren","4120","Algemene burgerlijke en utiliteitsbouw","","",0,0,20000714,20000601,20181121,0,0,"",0,0
"Tilburg","H","41","Besloten vennootschap met gewone structuur","7320","Markt- en opinieonderzoekbureaus","7112","Ingenieurs/overig techn. ontwerp/advies","78202","Uitleenbureaus","","",20010207,20010207,20000714,20000701,20171201,0,20010207,"",2020,20210719
"Eindhoven","H","41","Besloten vennootschap met gewone structuur","70102","Holdings (geen financiële)","6420","Financiële holdings","","","","",20001124,20001124,20000717,20000712,20180813,0,20001124,"",2020,20211105
"Berkel-Enschot","H","01","Eenmanszaak","69203","Boekhoudkantoren","","","","","","",0,0,20000717,20000717,20191209,0,0,"",0,0
"Tilburg","H","41","Besloten vennootschap met gewone structuur","7430","Vertalers en tolken","86923","Preventieve gezondh.zorg (geen arbobeg.)","8621","Praktijken van huisartsen","","",20000713,20000713,20000717,20000713,20130101,0,0,"",2020,20210520
"Tilburg","H","01","Eenmanszaak","4120","Algemene burgerlijke en utiliteitsbouw","","","","","","",0,0,20210414,20000717,20210401,0,0,"",0,0
"Goirle","H","41","Besloten vennootschap met gewone structuur","70102","Holdings (geen financiële)","","","","","","",20000622,20000622,20000717,20000622,20170724,0,0,"",2021,20220517
"Breda","","74","Stichting","94993","Steunfondsen (niet ohgv welzijnszorg)","","","","","","",20000703,20000703,0,0,0,0,0,"",0,0
"Oosterhout","","71","Vereniging met volledige rechtsbevoegdheid","94997","Overige belangenbehartiging (rest)","","","","","","",20000705,20000705,0,0,0,0,0,"",0,0
"Breda","H","41","Besloten vennootschap met gewone structuur","70221","Organisatie-adviesbureaus","85592","Bedrijfsopleiding en -training","","","","",20000816,20000816,20201207,20000601,20201012,0,20000816,"",2020,20220614
"Breda","H","41","Besloten vennootschap met gewone structuur","6420","Financiële holdings","","","","","","",20000814,20000814,20000713,20000701,20060516,0,20000814,"",2021,20220502
"Roosendaal","H","41","Besloten vennootschap met gewone structuur","6420","Financiële holdings","","","","","N","N",20071221,20071221,20000714,20000714,20060310,0,20071221,"",2020,20210805
"Breda","H","01","Eenmanszaak","3109","Vervaardiging van overige meubels","","","","","","",0,0,20000714,20000714,20070606,0,0,"",0,0
"Willemstad","H","01","Eenmanszaak","77292","Verh. kleding/huishoudelijke artikelen","","","","","","",0,0,20000714,20000701,20140925,0,0,"",0,0
"Oud Gastel","H","01","Eenmanszaak","47793","Winkels tweedeh. goederen (geen kleding)","","","","","","",0,0,20000714,20000714,20071001,0,0,"",0,0
"St. Willebrord","H","41","Besloten vennootschap met gewone structuur","4941","Goederenvervoer over weg (geen verhuiz.)","70221","Organisatie-adviesbureaus","46499","GH ov. consumentenart. (non-food) (rest)","","",20020903,20020903,20000714,20000714,20080101,0,20020903,"",2020,20210831
"Breda","H","41","Besloten vennootschap met gewone structuur","64302","Beleggingsinstellingen in vaste activa","69101","Advocatenkantoren, bewindv. en curatoren","","","","",20000712,20000712,20000717,20000712,20030128,0,0,"",2021,20220421
"'s-Heer Hendrikskinderen","H","11","Vennootschap onder firma","01241","Teelt van appels en peren","5530","Kampeerterreinen","","","N","N",20000701,0,20000714,20000701,0,0,0,"",0,0
"Oosterland","H","41","Besloten vennootschap met gewone structuur","6420","Financiële holdings","","","","","N","N",20060929,20060929,20000714,20000716,20210628,0,20060929,"",2020,20210701
"Tholen","","74","Stichting","9002","Dienstverlening voor uitvoerende kunst","","","","","","",20000712,20000712,0,0,0,0,0,"",0,0
"Kerkwerve","","74","Stichting","88999","Overig maatsch.adv./gemeenschapshuizen","","","","","","",20000707,20000707,0,0,0,0,0,"",0,0
"Kerkwerve","","71","Vereniging met volledige rechtsbevoegdheid","9411","Bedrijfs- en werkgeversorganisaties","","","","","","",19950201,19950201,0,0,0,0,0,"",0,0
"Kattendijke","H","01","Eenmanszaak","45402","DH en reparatie motorfiets(onderdel)en","45112","Handel/rep. personen-/lichte bedr.auto's","","","N","N",0,0,20000717,20000717,20130801,0,0,"",0,0
"Hoogvliet Rotterdam","N","01","Eenmanszaak","5621","Eventcatering","","","","","N","N",0,0,20000717,20000717,20050901,0,0,"",0,0
"Moordrecht","H","01","Eenmanszaak","4333","Afwerking van vloeren en wanden","","","","","N","N",0,0,20000714,20000715,20090326,0,0,"",0,0
"Hellevoetsluis","","74","Stichting","66191","Admin.kantoren voor aandelen/obligaties","","","","","","",20000704,20000704,0,0,0,0,0,"",0,0
"Rotterdam","H","01","Eenmanszaak","85592","Bedrijfsopleiding en -training","","","","","N","N",0,0,20000714,20000714,0,0,0,"",0,0
"Rotterdam","","74","Stichting","6420","Financiële holdings","","","","","","",20000707,20000707,0,0,0,0,0,"",0,0
"Westerbork","H","01","Eenmanszaak","96022","Schoonheidsverzorging/pedi-/manicures","","","","","N","N",0,0,20040624,20000714,20220430,0,0,"",0,0
"Vlaardingen","","71","Vereniging met volledige rechtsbevoegdheid","94997","Overige belangenbehartiging (rest)","","","","","","",20000711,20000711,0,0,0,0,0,"",0,0
"Rotterdam","H","41","Besloten vennootschap met gewone structuur","70221","Organisatie-adviesbureaus","78202","Uitleenbureaus","85592","Bedrijfsopleiding en -training","N","N",20000714,20000714,20000714,20000714,0,0,0,"",2020,20220307
"Hoogvliet Rotterdam","","71","Vereniging met volledige rechtsbevoegdheid","94997","Overige belangenbehartiging (rest)","","","","","","",20000711,20000711,0,0,0,0,0,"",0,0
"Purmerend","H","41","Besloten vennootschap met gewone structuur","6420","Financiële holdings","","","","","N","N",20000712,20000712,20051206,20000712,20080829,0,0,"",2020,20220116
"Gouda","H","41","Besloten vennootschap met gewone structuur","70221","Organisatie-adviesbureaus","","","","","N","N",20000711,20000711,20000714,20000711,20070521,0,0,"",2020,20211028
"Amstelveen","H","41","Besloten vennootschap met gewone structuur","6420","Financiële holdings","","","","","N","N",20000927,20000927,20121030,20000712,20210819,0,20000927,"",2020,20220216
"Lekkerkerk","","74","Stichting","94993","Steunfondsen (niet ohgv welzijnszorg)","","","","","","",20000712,20000712,0,0,0,0,0,"",0,0
"Zevenhuizen","H","01","Eenmanszaak","74201","Fotografie","","","","","N","N",0,0,20000714,20000101,20180723,0,0,"",0,0
"Rotterdam","H","41","Besloten vennootschap met gewone structuur","69101","Advocatenkantoren, bewindv. en curatoren","","","","","N","N",20001222,20001222,20000714,20000101,20000918,0,20001222,"",2020,20220310
"Ooltgensplaat","H","41","Besloten vennootschap met gewone structuur","46218","GH akkerbouwprod./veevoeder (alg. ass.)","","","","","J","J",20000713,20000713,20000714,20000713,20080108,0,0,"",2019,20201106
"Arnhem","H","41","Besloten vennootschap met gewone structuur","69101","Advocatenkantoren, bewindv. en curatoren","","","","","N","N",20040330,20040330,20080101,20000701,20080101,0,20040330,"",2020,20220127
"Rotterdam","H","41","Besloten vennootschap met gewone structuur","68204","Verh. onroerend goed (niet v woonruimte)","","","","","N","N",20001227,20001227,20000714,20000701,20211215,0,20001227,"",2020,20211102
"Culemborg","H","01","Eenmanszaak","9003","Schrijven en overige scheppende kunst","","","","","","",0,0,20210528,20000714,20210515,0,0,"",0,0
"Rilland","H","51","Naamloze vennootschap met gewone structuur","6420","Financiële holdings","","","","","N","N",20000710,20000710,20170926,20000710,20170919,0,0,"",2018,20210922
"Rotterdam","H","41","Besloten vennootschap met gewone structuur","70221","Organisatie-adviesbureaus","78202","Uitleenbureaus","","","N","N",20000713,20000713,20000717,20000713,20161024,0,0,"",2020,20220423
"Rotterdam","H","41","Besloten vennootschap met gewone structuur","6209","Ov. dienstv. act. ohgv informatietechn.","","","","","N","N",20000713,20000713,20000717,20000713,20161024,0,0,"",2020,20211222
"Rhoon","H","41","Besloten vennootschap met gewone structuur","6420","Financiële holdings","","","","","N","N",20000713,20000713,20000717,20000713,20030220,0,0,"",2021,20220207
"Schiedam","H","41","Besloten vennootschap met gewone structuur","86221","Praktijken medisch spec./med. dagbehand.","","","","","N","N",20000815,20000815,20020701,20000701,20151028,0,20000815,"",2020,20220531
"Rotterdam","H","01","Eenmanszaak","8219","Secretariële dienstverlening","","","","","N","N",0,0,20000717,20000717,0,0,0,"",0,0
"Zwijndrecht","H","01","Eenmanszaak","6201","Ontwikkelen/produceren/uitgeven software","90012","Producenten van podiumkunst","","","N","N",0,0,20000717,20000717,20031209,0,0,"",0,0
"Utrecht","H","41","Besloten vennootschap met gewone structuur","6420","Financiële holdings","","","","","N","N",20001003,20001003,20051216,20000711,20180129,0,20001003,"",2019,20200629
"Amsterdam","H","41","Besloten vennootschap met gewone structuur","6420","Financiële holdings","","","","","N","N",20001003,20001003,20010607,20000711,20141028,0,20001003,"",2020,20210811
"Amsterdam","H","41","Besloten vennootschap met gewone structuur","6420","Financiële holdings","","","","","N","N",20001003,20001003,20010607,20000711,20141028,0,20001003,"",2020,20210811
"Zoetermeer","H","01","Eenmanszaak","5621","Eventcatering","","","","","N","N",0,0,20010731,20000717,20010731,0,0,"",0,0
"Nieuwe-Tonge","H","11","Vennootschap onder firma","0161","Dienstverl. akker- en/of tuinbouw","78202","Uitleenbureaus","01134","Teelt aardapp en ov. wortel/knolgewassen","","",20000101,0,20000717,19100215,20140901,0,20000101,"",0,0
"Nieuwerkerk ad IJssel","","74","Stichting","66191","Admin.kantoren voor aandelen/obligaties","","","","","","",20000714,20000714,0,0,0,0,0,"",0,0
"Maasland","H","41","Besloten vennootschap met gewone structuur","6201","Ontwikkelen/produceren/uitgeven software","6202","Advisering ohgv informatietechnologie","","","N","N",20000628,20000628,20090202,20000628,20081222,0,0,"",2019,20200410
"Zonnemaire","H","41","Besloten vennootschap met gewone structuur","4110","Projectontwikkeling","68204","Verh. onroerend goed (niet v woonruimte)","","","N","N",20001010,20001010,20070914,19981203,20131202,0,20001010,"",2016,20181019
"Roosendaal","H","01","Eenmanszaak","69203","Boekhoudkantoren","","","","","","",0,0,20090108,20000201,20090105,0,0,"",0,0
"Oud-Beijerland","H","01","Eenmanszaak","6201","Ontwikkelen/produceren/uitgeven software","2651","Verv. meet-/regel-/navigatie-/contr.app,","","","N","N",0,0,20000717,20000714,0,0,0,"",0,0
"Amsterdam","N","41","Besloten vennootschap met gewone structuur","70221","Organisatie-adviesbureaus","","","","","N","N",19911218,19911218,20000717,20000101,20190304,0,0,"",2020,20210718
"'s-Gravenhage","H","41","Besloten vennootschap met gewone structuur","70222","Advisering ohgv management/bedrijfsv.","","","","","N","N",20000705,20000705,20000713,20000705,20010116,0,0,"",2020,20220523
"'s-Gravenhage","","74","Stichting","94997","Overige belangenbehartiging (rest)","","","","","","",20000608,20000608,0,0,0,0,0,"",0,0
"Voorburg","H","41","Besloten vennootschap met gewone structuur","6420","Financiële holdings","","","","","","",20000710,20000710,20000713,20000710,20160125,0,0,"",2020,20220103
"'s-Gravenhage","H","41","Besloten vennootschap met gewone structuur","6420","Financiële holdings","","","","","N","N",20001013,20001013,20060213,20000701,20210101,0,20001013,"",2020,20220116
"Kamperland","H","41","Besloten vennootschap met gewone structuur","6630","Vermogensbeheer","","","","","N","N",20000728,20000728,20201230,20000706,20201230,0,20000728,"",2020,20211217
"'s-Gravenhage","H","41","Besloten vennootschap met gewone structuur","7430","Vertalers en tolken","6420","Financiële holdings","","","N","N",20000705,20000705,20000714,20000705,20181029,0,0,"",2020,20210511
"'s-Gravenhage","H","41","Besloten vennootschap met gewone structuur","6810","Handel in eigen onroerend goed","","","","","","",20000710,20000710,20000714,20000710,20131014,0,0,"",2020,20211115
"'s-Gravenhage","H","41","Besloten vennootschap met gewone structuur","6420","Financiële holdings","","","","","N","N",20000710,20000710,20000714,20000710,20131014,0,0,"",2020,20211115
"'s-Gravenhage","H","41","Besloten vennootschap met gewone structuur","6420","Financiële holdings","","","","","","",20000710,20000710,20000714,20000710,20131014,0,0,"",2020,20211115
"'s-Gravenhage","","74","Stichting","9002","Dienstverlening voor uitvoerende kunst","","","","","","",20000712,20000712,0,0,0,0,0,"",0,0
"Delft","","74","Stichting","9002","Dienstverlening voor uitvoerende kunst","","","","","","",20000707,20000707,0,0,0,0,0,"",0,0
"Waddinxveen","H","41","Besloten vennootschap met gewone structuur","01192","Teelt snij-bloemen/heesters onder glas  ","","","","","N","N",20000711,20000711,20090129,20000711,20081231,0,0,"",2020,20211027
"Haaksbergen","H","41","Besloten vennootschap met gewone structuur","70221","Organisatie-adviesbureaus","6420","Financiële holdings","","","N","N",20001128,20001128,20070501,20000717,20070501,0,20001128,"",2020,20211108
"Leidschendam","H","01","Eenmanszaak","4619","Niet-gespecialiseerde handelsbemiddeling","4645","Groothandel in parfums en cosmetica","4120","Algemene burgerlijke en utiliteitsbouw","J","J",0,0,20000717,20000718,20090519,0,0,"",0,0
"Bloemendaal","H","41","Besloten vennootschap met gewone structuur","6420","Financiële holdings","","","","","N","N",20000821,20000821,20110224,20000717,20110201,0,20000821,"",2020,20211124
"Bloemendaal","H","41","Besloten vennootschap met gewone structuur","70222","Advisering ohgv management/bedrijfsv.","70221","Organisatie-adviesbureaus","","","N","N",20000821,20000821,20071221,20000717,20141013,0,20000821,"",2020,20210331
"Sexbierum","H","41","Besloten vennootschap met gewone structuur","70102","Holdings (geen financiële)","","","","","N","N",20001025,20001025,20150819,20000601,20150817,0,20001025,"",2020,20210827
"'s-Gravenhage","H","01","Eenmanszaak","56101","Restaurants","","","","","N","N",0,0,20000717,19970201,0,0,20020918,"",0,0
"'s-Gravenhage","H","41","Besloten vennootschap met gewone structuur","6420","Financiële holdings","","","","","N","N",20000816,20000816,20190524,20000717,20201201,0,20000816,"",2019,20210506
"Delft","H","01","Eenmanszaak","7311","Reclamebureaus","85592","Bedrijfsopleiding en -training","","","N","N",0,0,20000717,20000724,20010701,0,0,"",0,0
"Lelystad","N","41","Besloten vennootschap met gewone structuur","47713","Winkels in bovenkleding/mode-artikelen","","","","","N","N",19791228,19791228,20000714,20000322,0,0,0,"",2021,0
"Rotterdam","N","41","Besloten vennootschap met gewone structuur","47713","Winkels in bovenkleding/mode-artikelen","","","","","N","N",19791228,19791228,20000714,20000615,20120827,0,0,"",2021,0
"Wateringen","H","61","Coöperatie","78201","Uitzendbureaus","","","","","N","N",20000624,20000624,20120316,19960501,20210810,0,20000624,"",2020,20210625
"Leiden","H","01","Eenmanszaak","3109","Vervaardiging van overige meubels","6202","Advisering ohgv informatietechnologie","","","N","N",0,0,20000714,20000701,20050727,0,20010501,"",0,0
"Alphen aan den Rijn","H","41","Besloten vennootschap met gewone structuur","70221","Organisatie-adviesbureaus","85592","Bedrijfsopleiding en -training","","","N","N",20000724,20000724,20000726,20000724,20200715,0,20000724,"",2020,20220124
"Houten","H","61","Coöperatie","78202","Uitleenbureaus","78201","Uitzendbureaus","","","","",20000624,20000624,20000713,20000624,20201130,0,0,"",2021,20220502
"Utrecht","","74","Stichting","94997","Overige belangenbehartiging (rest)","","","","","","",20000626,20000626,0,0,0,0,0,"",0,0
"De Bilt","H","01","Eenmanszaak","6201","Ontwikkelen/produceren/uitgeven software","","","","","","",0,0,20000713,20000713,20210202,0,20060101,"",0,0
"Tiel","H","41","Besloten vennootschap met gewone structuur","6420","Financiële holdings","","","","","","",20000817,20000817,20020501,20000701,20170615,0,20000817,"",2020,20211122
"Utrecht","H","41","Besloten vennootschap met gewone structuur","6420","Financiële holdings","","","","","","",20010109,20010109,20000714,20000301,20190101,0,20010109,"",2021,20220524
"IJsselstein","","71","Vereniging met volledige rechtsbevoegdheid","93144","Bowlen, kegelen, biljarten e.d.","","","","","","",19800901,0,0,0,0,0,0,"",0,0
"Nieuwegein","","71","Vereniging met volledige rechtsbevoegdheid","9524","Reparatie en stoffering van meubels","","","","","","",20000706,20000706,0,0,0,0,0,"",0,0
"Utrecht","","71","Vereniging met volledige rechtsbevoegdheid","94997","Overige belangenbehartiging (rest)","","","","","","",20000713,20000713,0,0,0,0,0,"",0,0
"Utrecht","H","41","Besloten vennootschap met gewone structuur","6420","Financiële holdings","","","","","","",20000630,20000630,20000714,20000630,20210701,0,0,"",2021,20220428
"Zeist","H","01","Eenmanszaak","47741","Winkels in drogisterij-artikelen","","","","","","",0,0,20000714,19930405,0,0,20000717,"",0,0
"Utrecht","H","74","Stichting","9003","Schrijven en overige scheppende kunst","","","","","N","N",20000706,20000706,20110128,20071101,20220429,0,0,"",0,0
"Capelle aan den IJssel","H","41","Besloten vennootschap met gewone structuur","6420","Financiële holdings","","","","","","",20000713,20000713,20190606,20000713,20220602,0,0,"",2020,20220429
"Abcoude","","74","Stichting","94997","Overige belangenbehartiging (rest)","","","","","","",20000622,20000622,0,0,0,0,0,"",0,0
"Maarssen","H","41","Besloten vennootschap met gewone structuur","4773","Apotheken","70102","Holdings (geen financiële)","6420","Financiële holdings","N","N",20000615,20000615,20000714,20000615,0,0,0,"",2022,0
"Doorn","H","01","Eenmanszaak","70221","Organisatie-adviesbureaus","","","","","","",0,0,20000714,20000701,20100204,0,0,"",0,0
"Maarn","H","41","Besloten vennootschap met gewone structuur","6420","Financiële holdings","","","","","","",20000630,20000630,20000714,20000630,0,0,0,"",2020,20210813
"Veenendaal","H","01","Eenmanszaak","45112","Handel/rep. personen-/lichte bedr.auto's","","","","","","",0,0,20000714,20000101,0,0,20100101,"",0,0
"Utrecht","","74","Stichting","9002","Dienstverlening voor uitvoerende kunst","","","","","","",20000626,20000626,0,0,0,0,0,"",0,0
"Silvolde","","74","Stichting","87902","Maatschappelijk opvang met overnachting","","","","","","",20000619,20000619,0,0,0,0,0,"",0,0
"Utrecht","","74","Stichting","88992","Maatschappelijk werk","","","","","","",20000616,20000616,0,0,0,0,0,"",0,0
"Bilthoven","H","01","Eenmanszaak","4120","Algemene burgerlijke en utiliteitsbouw","70221","Organisatie-adviesbureaus","6201","Ontwikkelen/produceren/uitgeven software","","",0,0,20000714,20000714,0,0,0,"",0,0
"Werkhoven","H","01","Eenmanszaak","7311","Reclamebureaus","","","","","","",0,0,20000717,20000717,20021111,0,0,"",0,0
"Bilthoven","H","01","Eenmanszaak","70221","Organisatie-adviesbureaus","","","","","","",0,0,20000717,20000724,20201130,0,0,"",0,0
"Middelburg","H","41","Besloten vennootschap met gewone structuur","3514","Handel elektriciteit/gas via leidingen","35111","Prod.elektr.(therm./kern-/warmtekracht)","","","J","J",20000711,20000710,20101231,20000711,20101217,0,0,"",2020,0
"Houten","","74","Stichting","8621","Praktijken van huisartsen","","","","","","",20000710,20000710,0,0,0,0,0,"",0,0
"Nieuwegein","H","01","Eenmanszaak","5912","Facilitaire activ. voor film-/tv-prod.","5920","Maken en uitgeven van geluidsopnamen","9002","Dienstverlening voor uitvoerende kunst","","",0,0,20000717,20000601,0,0,0,"",0,0
"Hilversum","H","01","Eenmanszaak","90011","Beoefening van podiumkunst","","","","","","",0,0,20000714,20000701,20070101,0,0,"",0,0
"Utrecht","H","41","Besloten vennootschap met gewone structuur","6420","Financiële holdings","4110","Projectontwikkeling","","","","",20000710,20000710,20190108,20000710,20181221,0,0,"",2020,20211118
"Gouda","H","41","Besloten vennootschap met gewone structuur","6420","Financiële holdings","","","","","","",20011005,20011005,20191126,20000701,20191101,0,20011005,"",2021,20220315
"Huizen","H","41","Besloten vennootschap met gewone structuur","6420","Financiële holdings","","","","","J","",20000710,20000710,20000714,20000710,20140310,0,0,"",2020,20210721
"Klarenbeek","H","41","Besloten vennootschap met gewone structuur","59111","Prod. films (geen televisiefilms)","59112","Productie van televisieprogramma's","","","N","N",20001127,20001127,20170227,20000714,20200301,0,20001127,"",2020,20211108
"Eemdijk","H","41","Besloten vennootschap met gewone structuur","59111","Prod. films (geen televisiefilms)","6420","Financiële holdings","","","","",20000710,20000710,20000714,20000710,20160622,0,0,"",2020,20211206
"Hilversum","","74","Stichting","9002","Dienstverlening voor uitvoerende kunst","","","","","","",20000714,0,0,0,0,0,0,"",0,0
"Roosendaal","","71","Vereniging met volledige rechtsbevoegdheid","94997","Overige belangenbehartiging (rest)","","","","","","",20000703,20000703,20050811,0,0,0,0,"",0,0
"Eemnes","H","41","Besloten vennootschap met gewone structuur","6420","Financiële holdings","","","","","","",20000818,20000818,20000714,20000701,20180329,0,20000818,"",2015,20170612
"Nijkerk","H","01","Eenmanszaak","96022","Schoonheidsverzorging/pedi-/manicures","","","","","","",0,0,20180911,20000714,20180901,0,0,"",0,0
"Bussum","H","41","Besloten vennootschap met gewone structuur","6831","Bemidd. bij handel/huur/verhuur onr.goed","","","","","","",20070531,20070531,20000714,20000701,0,0,20070531,"",2020,20211213
"Amersfoort","H","01","Eenmanszaak","45203","Reparatie van specifieke auto-onderdelen","","","","","","",0,0,20020425,20000717,20130701,0,0,"",0,0
"Amersfoort","H","41","Besloten vennootschap met gewone structuur","6420","Financiële holdings","","","","","","",20000630,20000630,20000717,20000627,0,0,20000630,"",2021,20220530
"Hilversum","H","11","Vennootschap onder firma","5030","Binnenvaart (passagiersvaart/veerd.)","4120","Algemene burgerlijke en utiliteitsbouw","","","","",20000614,0,20000717,20000614,0,0,0,"",0,0
"Amersfoort","","74","Stichting","88999","Overig maatsch.adv./gemeenschapshuizen","","","","","","",20000714,20000714,0,0,0,0,0,"",0,0
"Amsterdam","H","01","Eenmanszaak","46682","GH machines voedings-/genotmiddelenindu.","","","","","N","N",0,0,20030410,20000717,20030407,0,0,"",0,0
"Hilversum","H","01","Eenmanszaak","47713","Winkels in bovenkleding/mode-artikelen","47593","Winkels art. woninginrichting alg. ass.","","","","",0,0,20000717,20000701,20161015,0,0,"",0,0
"Amsterdam","H","41","Besloten vennootschap met gewone structuur","7490","Overige special. zakelijke dienstverl.","","","","","","",20010109,20010109,20140401,20000717,20220301,0,20010109,"",2020,20220204
"Muiden","H","41","Besloten vennootschap met gewone structuur","6202","Advisering ohgv informatietechnologie","7112","Ingenieurs/overig techn. ontwerp/advies","6201","Ontwikkelen/produceren/uitgeven software","N","N",20000712,20000712,20000717,19950307,0,0,20000712,"",2020,20220320
"Hilversum","","74","Stichting","66191","Admin.kantoren voor aandelen/obligaties","","","","","","",20000629,20000629,0,0,0,0,0,"",0,0
"Utrecht","H","01","Eenmanszaak","7430","Vertalers en tolken","59111","Prod. films (geen televisiefilms)","","","N","N",0,0,20111201,20000101,20111201,0,20071231,"",0,0
"Loosdrecht","H","41","Besloten vennootschap met gewone structuur","6420","Financiële holdings","","","","","N","N",20000620,20000620,20170529,20000620,20181220,0,0,"",2020,20210615
"Amsterdam","","74","Stichting","94993","Steunfondsen (niet ohgv welzijnszorg)","","","","","","",19480317,19480317,0,0,0,0,0,"",2001,20030115
"Amsterdam","H","41","Besloten vennootschap met gewone structuur","6420","Financiële holdings","","","","","N","N",20010321,20010321,20000717,20000703,20070717,0,20010321,"",2020,20220517
"Oostzaan","H","41","Besloten vennootschap met gewone structuur","6420","Financiële holdings","","","","","N","N",20000704,20000704,20160502,20000704,20160501,0,0,"",2020,20211018
"Amsterdam","H","41","Besloten vennootschap met gewone structuur","46901","Niet-gespec. GH in consumentenartikelen","","","","","N","N",20000918,20000918,20000717,20000419,20150101,0,20000918,"",2020,20210729
"Amsterdam","H","41","Besloten vennootschap met gewone structuur","6420","Financiële holdings","","","","","N","N",20000623,20000623,20000614,20000623,20190122,0,0,"",2020,20210827
"Amsterdam","H","41","Besloten vennootschap met gewone structuur","70102","Holdings (geen financiële)","","","","","N","N",20000620,20000620,20000715,20000620,20181218,0,0,"",2020,20210811
"Amsterdam","H","41","Besloten vennootschap met gewone structuur","6420","Financiële holdings","","","","","N","N",20000623,20000623,20000714,20000623,20190122,0,0,"",2020,20210827
"'s-Gravenhage","H","41","Besloten vennootschap met gewone structuur","6420","Financiële holdings","","","","","N","N",20001229,20001229,20060308,20000701,20060227,0,20001229,"",2020,20211105
"Nieuw-Vennep","H","41","Besloten vennootschap met gewone structuur","6420","Financiële holdings","","","","","N","N",20000726,20000726,20000714,20000710,0,0,20000726,"",2020,20220427
"Laren","H","41","Besloten vennootschap met gewone structuur","6420","Financiële holdings","","","","","N","N",20030331,20030331,20160908,20000714,20160908,0,20030331,"",2020,20220426
"Rotterdam","H","41","Besloten vennootschap met gewone structuur","70222","Advisering ohgv management/bedrijfsv.","","","","","N","N",20000904,20000904,20150302,20000601,20180101,0,20000904,"",2020,20211224
"Amsterdam","H","01","Eenmanszaak","74103","Interieur- en ruimtelijk ontwerp","","","","","N","N",0,0,20000714,20000401,20000401,0,0,"",0,0
"Nieuwegein","H","41","Besloten vennootschap met gewone structuur","64303","Beleggingsinst. met beperkte toetreding","","","","","N","N",20001010,20001010,20201011,20000413,20201010,0,20001010,"",2014,20160520
"Amsterdam","H","41","Besloten vennootschap met gewone structuur","7311","Reclamebureaus","","","","","N","N",20001201,20001201,20000717,20000706,20140314,0,20001201,"",2021,20220401
"Hoofddorp","H","41","Besloten vennootschap met gewone structuur","9003","Schrijven en overige scheppende kunst","6420","Financiële holdings","74201","Fotografie","N","N",20001003,20001003,20000714,20000705,20001107,0,20001003,"",2020,20210519
"Amsterdam","","74","Stichting","90012","Producenten van podiumkunst","","","","","","",20000707,20000707,0,0,0,0,0,"",0,0
"Nieuw-Vennep","H","41","Besloten vennootschap met gewone structuur","70221","Organisatie-adviesbureaus","","","","","N","N",20000726,20000726,20000714,20000710,0,0,20000726,"",2019,20201011
"Noordwijk","H","41","Besloten vennootschap met gewone structuur","6420","Financiële holdings","","","","","N","N",20000907,20000907,20220414,20000701,20220414,0,20000907,"",2020,20210825
"Bloemendaal","H","41","Besloten vennootschap met gewone structuur","6201","Ontwikkelen/produceren/uitgeven software","6202","Advisering ohgv informatietechnologie","","","N","N",20000907,20000907,20000714,20000701,20220510,0,20000907,"",2019,20210511
"Amsterdam-Duivendrecht","H","41","Besloten vennootschap met gewone structuur","6391","Persagentschappen","78202","Uitleenbureaus","","","N","N",20000907,20000907,20000714,20000701,20220401,0,20000907,"",2020,20211228
"Amstelveen","H","11","Vennootschap onder firma","4932","Vervoer per taxi","","","","","N","N",20050901,0,20000714,20000201,20020101,0,20050901,"",0,0
"Amsterdam-Duivendrecht","H","01","Eenmanszaak","4932","Vervoer per taxi","8010","Particuliere beveiliging","","","N","N",0,0,20000714,20000201,20140101,0,20000701,"",0,0
"Amsterdam","","74","Stichting","6420","Financiële holdings","","","","","","",20000713,20000713,0,0,0,0,0,"",0,0
"Amsterdam","","74","Stichting","6420","Financiële holdings","","","","","","",20000713,20000713,0,0,0,0,0,"",0,0
"Diemen","","72","Vereniging met beperkte rechtsbevoegdheid","94994","Vriendenkringen ohgv cultuur / fanclubs","","","","","","",20000120,0,0,0,0,0,0,"",0,0
"Heemstede","","71","Vereniging met volledige rechtsbevoegdheid","93145","Denksport","","","","","","",20000714,20000714,0,0,0,0,0,"",0,0
"Amsterdam","H","01","Eenmanszaak","6190","Overige telecommunicatie","","","","","N","N",0,0,20000714,20000714,20070113,0,0,"",0,0
"Amsterdam","","72","Vereniging met beperkte rechtsbevoegdheid","94994","Vriendenkringen ohgv cultuur / fanclubs","","","","","","",19980901,19980901,0,0,0,0,0,"",0,0
"Santpoort-Noord","H","01","Eenmanszaak","7112","Ingenieurs/overig techn. ontwerp/advies","85592","Bedrijfsopleiding en -training","70221","Organisatie-adviesbureaus","N","N",0,0,20000714,20000715,0,0,0,"",0,0
"Almere","","71","Vereniging met volledige rechtsbevoegdheid","7220","Speur-/ontw.werk ogv maats./geesteswet.","","","","","","",20000703,20000703,0,0,0,0,0,"",0,0
"Velserbroek","H","11","Vennootschap onder firma","47999","DH via overige distributievormen","","","","","J","N",20000401,0,20000714,20000401,20100915,0,0,"",0,0
"Uitgeest","H","01","Eenmanszaak","8553","Auto- en motorrijscholen","4932","Vervoer per taxi","","","N","N",0,0,20000714,20000714,0,0,0,"",0,0
"Amsterdam","H","41","Besloten vennootschap met gewone structuur","6831","Bemidd. bij handel/huur/verhuur onr.goed","66193","Hypotheek-/kredietbem./bankagentschappen","","","N","N",20021211,20021211,20000714,20000701,20191205,0,20021211,"",2020,20211105
"Rotterdam","H","74","Stichting","70222","Advisering ohgv management/bedrijfsv.","","","","","N","N",20000705,20000705,20180702,20030101,20180701,0,0,"",2002,20030423
"Zaandam","H","01","Eenmanszaak","42112","Stratenmaken","","","","","N","N",0,0,20000714,20000501,20210731,0,0,"",0,0
"Purmerend","H","41","Besloten vennootschap met gewone structuur","6420","Financiële holdings","","","","","N","N",20000816,20000816,20040129,20000717,20130405,0,20000816,"",2015,20161104
"Schiedam","H","41","Besloten vennootschap met gewone structuur","6420","Financiële holdings","","","","","N","N",20000630,20000630,20051124,20000630,20220201,0,0,"",2021,20220406
"Amsterdam","H","01","Eenmanszaak","7810","Arbeidsbemiddeling","","","","","N","N",0,0,20000714,20000601,20071224,0,0,"",0,0
"Amsterdam","H","41","Besloten vennootschap met gewone structuur","6420","Financiële holdings","","","","","N","N",20000707,20000707,20000715,20000707,20170814,0,0,"",2020,20210422
"Amsterdam","H","41","Besloten vennootschap met gewone structuur","64922","Volkskredietbanken/commerciële financ.","","","","","N","N",20000707,20000707,20000715,20000707,20170814,0,0,"",2020,20220404
"Bergen op Zoom","H","41","Besloten vennootschap met gewone structuur","6420","Financiële holdings","","","","","N","N",20000707,20000707,20140325,20000707,20140312,0,0,"",2019,20211207
"Amsterdam","H","41","Besloten vennootschap met gewone structuur","6420","Financiële holdings","","","","","N","N",20000707,20000707,20000715,20000707,20010201,0,0,"",2020,20210616
"Amsterdam","H","41","Besloten vennootschap met gewone structuur","6420","Financiële holdings","","","","","N","N",20000707,20000707,20000715,20000707,20141010,0,0,"",2020,20210616
"Amsterdam","H","41","Besloten vennootschap met gewone structuur","6420","Financiële holdings","","","","","N","N",20000707,20000707,20000715,20000707,20050926,0,0,"",2020,20210616
"Laren","","74","Stichting","94993","Steunfondsen (niet ohgv welzijnszorg)","94995","Overk. organen (niet ohgv welzijn/sport)","","","","",19991229,19991229,0,0,0,0,0,"",0,0
"Amsterdam","H","41","Besloten vennootschap met gewone structuur","6201","Ontwikkelen/produceren/uitgeven software","78202","Uitleenbureaus","","","N","N",20000710,20000710,20000715,20000710,20160401,0,0,"",2021,20220602
"Watergang","H","41","Besloten vennootschap met gewone structuur","0161","Dienstverl. akker- en/of tuinbouw","0162","Dienstverl. voor fokken en houden dieren","8121","Interieurreiniging van gebouwen","N","N",20000706,20000706,20001206,20000706,20001103,0,0,"",2019,20210114
"Dublin 2","H","41","Besloten vennootschap met gewone structuur","6420","Financiële holdings","","","","","N","N",20000627,20000627,20000715,20000627,20151023,0,0,"",2013,20150130
"Eindhoven","H","41","Besloten vennootschap met gewone structuur","6420","Financiële holdings","","","","","N","N",20000707,20000707,20031002,20000707,20200910,0,0,"",2020,20210720
"Hoofddorp","H","41","Besloten vennootschap met gewone structuur","6420","Financiële holdings","","","","","N","N",20000707,20000707,20000715,20000707,20080801,0,0,"",2020,20220202
"Naarden","H","41","Besloten vennootschap met gewone structuur","86221","Praktijken medisch spec./med. dagbehand.","","","","","N","N",20000919,20000919,20120405,19990701,20120701,0,20020730,"",2021,0
"Heerlen","H","41","Besloten vennootschap met gewone structuur","6420","Financiële holdings","","","","","N","N",20000630,20000630,20190108,20000630,20190101,0,0,"",2020,20211227
"Haarlem","H","41","Besloten vennootschap met gewone structuur","64922","Volkskredietbanken/commerciële financ.","6420","Financiële holdings","","","N","N",20000630,20000630,20000715,20000630,20141209,0,0,"",2021,20220318
"Amsterdam-Duivendrecht","H","51","Naamloze vennootschap met gewone structuur","6612","Commissionairs/makelaars in effecten ed","","","","","N","N",20000622,20000622,20210507,20000622,20210505,0,0,"",2020,20211015
"Amsterdam","","74","Stichting","69209","Overige administratiekantoren","","","","","","",20000622,20000622,0,0,0,0,0,"",0,0
"Utrecht","H","41","Besloten vennootschap met gewone structuur","6420","Financiële holdings","","","","","N","N",20000706,20000706,20091117,20000706,20200901,0,0,"",2020,20211104
"Amsterdam","","74","Stichting","94993","Steunfondsen (niet ohgv welzijnszorg)","","","","","","",20000705,20000705,0,0,0,0,0,"",0,0
"Amsterdam","H","41","Besloten vennootschap met gewone structuur","46751","GH chem.grondst./chemicaliën ind.toep.","","","","","J","J",20000704,20000704,20000715,20000704,0,0,0,"",2020,20211031
"Zwaanshoek","H","41","Besloten vennootschap met gewone structuur","6420","Financiële holdings","","","","","N","N",20001003,20001003,20000717,20000705,20090110,0,20001003,"",2021,20220311
"Amsterdam","H","41","Besloten vennootschap met gewone structuur","6420","Financiële holdings","","","","","N","N",20000531,20000531,20000717,20000531,20010806,0,0,"",2020,20211214
"Driehuis NH","H","41","Besloten vennootschap met gewone structuur","6420","Financiële holdings","","","","","N","N",20000630,20000630,20000717,20000630,20101117,0,0,"",2021,20220218
"Amsterdam","H","01","Eenmanszaak","71202","Keuring/controle mach./app./materialen","45112","Handel/rep. personen-/lichte bedr.auto's","","","J","J",0,0,20000717,19901201,0,0,20031230,"",0,0
"Zaandam","H","41","Besloten vennootschap met gewone structuur","6420","Financiële holdings","","","","","N","N",20000714,20000714,20000717,20000714,20200810,0,0,"",2020,20210916
"Alkmaar","H","11","Vennootschap onder firma","6201","Ontwikkelen/produceren/uitgeven software","","","","","N","N",20090101,0,20040818,20000717,20200701,0,20090101,"",0,0
"Leersum","H","01","Eenmanszaak","69203","Boekhoudkantoren","","","","","N","N",0,0,20160125,20000717,20160107,0,0,"",0,0
"Monnickendam","H","41","Besloten vennootschap met gewone structuur","6420","Financiële holdings","","","","","N","N",20000714,20000714,20180306,20000714,20180305,0,0,"",2020,20211102
"Oudemolen","H","41","Besloten vennootschap met gewone structuur","6420","Financiële holdings","8110","Facility management","","","N","N",20010223,20010223,20110308,20000701,20110201,0,20010223,"",2018,20191210
"Spaarndam","H","41","Besloten vennootschap met gewone structuur","6420","Financiële holdings","70221","Organisatie-adviesbureaus","","","N","N",20000814,20000814,20000716,20000701,20110201,0,20000814,"",2020,20211026
"Haarlem","H","01","Eenmanszaak","4120","Algemene burgerlijke en utiliteitsbouw","","","","","N","N",0,0,20000724,20000717,0,0,0,"",0,0
"Willemstad Dominquito","H","41","Besloten vennootschap met gewone structuur","6420","Financiële holdings","","","","","N","N",20010223,20010223,20000717,20000701,20201009,0,20010223,"",2015,20170429
"Beverwijk","H","41","Besloten vennootschap met gewone structuur","6420","Financiële holdings","","","","","N","N",20000713,20000713,20000717,20000713,20120101,0,0,"",2020,20210908
"Zwanenburg","H","41","Besloten vennootschap met gewone structuur","7112","Ingenieurs/overig techn. ontwerp/advies","","","","","N","N",20050531,20050531,20000717,20000717,20071023,0,20050531,"",2020,20220616
"Oostzaan","","74","Stichting","72193","Speur-/ontw.werk ohgv gezondh./voeding","","","","","","",20000712,20000712,0,0,0,0,0,"",0,0
"Amstelveen","","74","Stichting","88993","Lokaal welzijnswerk","","","","","","",20000713,20000713,0,0,0,0,0,"",2004,0
"Amsterdam","H","01","Eenmanszaak","86929","Samenwerkingsorganen ohgv gez.zorg","78202","Uitleenbureaus","4618","HB gespecialiseerd in overige goederen","N","N",0,0,20000717,20000701,20041007,0,0,"",0,0
"Alkmaar","H","01","Eenmanszaak","9002","Dienstverlening voor uitvoerende kunst","","","","","N","N",0,0,20060425,20000717,20060101,0,0,"",0,0
"'s-Hertogenbosch","H","01","Eenmanszaak","7311","Reclamebureaus","9003","Schrijven en overige scheppende kunst","","","N","N",0,0,20061002,20000701,20061001,0,0,"",0,0
"IJmuiden","H","41","Besloten vennootschap met gewone structuur","70221","Organisatie-adviesbureaus","85592","Bedrijfsopleiding en -training","","","N","N",20000912,20000912,20000717,20000701,20180801,0,20000912,"",2021,20220329
"Amsterdam","H","41","Besloten vennootschap met gewone structuur","6312","Webportals","6810","Handel in eigen onroerend goed","68203","Verhuur van overige woonruimte","N","N",20001012,20001012,20000717,20000701,20210901,0,20001012,"",2020,20220203
"Amsterdam","H","41","Besloten vennootschap met gewone structuur","6201","Ontwikkelen/produceren/uitgeven software","","","","","N","N",20051026,20051026,20000717,20000717,20141015,0,20051026,"",2018,20200120
"Hoofddorp","","74","Stichting","6420","Financiële holdings","","","","","","",20000717,20000717,0,0,0,0,0,"",0,0
"Loosdrecht","H","41","Besloten vennootschap met gewone structuur","5630","Cafés","","","","","","",20000707,20000707,20070123,20000707,20130101,0,0,"",2019,20211223
"Den Helder","","71","Vereniging met volledige rechtsbevoegdheid","94992","Hobbyclubs","","","","","","",20000703,20000703,0,0,0,0,0,"",0,0
"Volendam","H","41","Besloten vennootschap met gewone structuur","70102","Holdings (geen financiële)","","","","","","",20000630,20000630,20000713,20000630,0,0,0,"",2019,20200727
"Volendam","H","41","Besloten vennootschap met gewone structuur","70102","Holdings (geen financiële)","","","","","","",20000630,20000630,20000713,20000630,20210902,0,0,"",2019,20201104
"Benningbroek","H","01","Eenmanszaak","4120","Algemene burgerlijke en utiliteitsbouw","","","","","","",0,0,20000714,20000721,0,0,0,"",0,0
"Egmond aan Zee","H","41","Besloten vennootschap met gewone structuur","6420","Financiële holdings","","","","","","",20000627,20000627,20000714,20000627,0,0,0,"",2021,20220512
"Egmond aan Zee","H","41","Besloten vennootschap met gewone structuur","6420","Financiële holdings","","","","","","",20000627,20000627,20000714,20000627,0,0,0,"",2020,20220505
"Grootebroek","H","01","Eenmanszaak","77399","Verh./lease ov.mach./werkt./ov. goederen","","","","","N","N",0,0,20000714,20000714,20031231,0,20031231,"",0,0
"Obdam","","71","Vereniging met volledige rechtsbevoegdheid","90011","Beoefening van podiumkunst","","","","","","",19991013,0,0,0,0,0,0,"",0,0
"Purmerend","H","41","Besloten vennootschap met gewone structuur","66292","Pensioenadv.bureaus/beheer pensioenverm.","","","","","N","N",20000710,20000710,20000714,20000710,20030101,0,0,"",2020,20210922
"Purmerend","H","41","Besloten vennootschap met gewone structuur","4120","Algemene burgerlijke en utiliteitsbouw","","","","","","",20000710,20000710,20000714,20000710,20200917,0,0,"",2020,20210922
"Hoogwoud","H","41","Besloten vennootschap met gewone structuur","6420","Financiële holdings","","","","","","",20000707,20000707,20000714,20000707,20190815,0,0,"",2020,20211213
"Hoogwoud","","74","Stichting","69209","Overige administratiekantoren","","","","","","",20000707,20000707,0,0,0,0,0,"",0,0
"Hoogwoud","H","41","Besloten vennootschap met gewone structuur","6420","Financiële holdings","","","","","","",20000707,20000707,20000714,20000707,0,0,0,"",2020,20220329
"Hoogwoud","H","41","Besloten vennootschap met gewone structuur","70102","Holdings (geen financiële)","","","","","","",20000707,20000707,20000714,20000707,0,0,0,"",2020,20220111
"Hoogwoud","H","41","Besloten vennootschap met gewone structuur","6420","Financiële holdings","","","","","","",20000707,20000707,20000714,20000707,0,0,0,"",2020,20220124
"Purmerend","H","01","Eenmanszaak","71111","Architecten","","","","","N","N",0,0,20000714,20000714,20070730,0,0,"",0,0
"Hoogwoud","H","41","Besloten vennootschap met gewone structuur","6420","Financiële holdings","","","","","N","N",20000707,20000707,20000714,20000707,20070801,0,0,"",2020,20220214
"Assendelft","H","41","Besloten vennootschap met gewone structuur","6420","Financiële holdings","","","","","","",20000816,20000816,20200923,20000717,20200901,0,20000816,"",2015,20161104
"Schellinkhout","H","01","Eenmanszaak","43221","Loodg.- en fitterswerk; inst. sanitair","","","","","N","N",0,0,20000714,20000715,20180301,0,0,"",0,0
"Ursem","H","01","Eenmanszaak","43993","Metselen en voegen","4333","Afwerking van vloeren en wanden","","","","",0,0,20000714,20000714,20150101,0,0,"",0,0
"Amsterdam","H","01","Eenmanszaak","7311","Reclamebureaus","71112","Interieurarchitecten","","","N","N",0,0,20020422,20000101,20111129,0,0,"",0,0
"Purmerend","H","01","Eenmanszaak","70221","Organisatie-adviesbureaus","","","","","N","N",0,0,20000717,20000701,0,0,0,"",0,0
"Heerle","H","01","Eenmanszaak","9609","Overige dienstverlening (rest)","47992","Straathandel","4331","Stukadoren","","",0,0,20050105,19881122,20160422,0,0,"",0,0
"Sint-Oedenrode","","72","Vereniging met beperkte rechtsbevoegdheid","94994","Vriendenkringen ohgv cultuur / fanclubs","","","","","","",20000501,0,20030610,0,0,0,0,"",0,0
"Ermelo","H","41","Besloten vennootschap met gewone structuur","6420","Financiële holdings","","","","","N","N",20000830,20000830,20120727,20000701,20120727,0,20000830,"",2020,20210416
"Almere","H","41","Besloten vennootschap met gewone structuur","7112","Ingenieurs/overig techn. ontwerp/advies","","","","","J","J",20001218,20001218,20000714,20000401,20101001,0,20001218,"",2020,20210503
"Almere","H","01","Eenmanszaak","70222","Advisering ohgv management/bedrijfsv.","93299","Ov. recreatie (rest)(geen jachthavens)","69102","Rechtskundige adviesbureaus","N","N",0,0,20000714,20000701,20160927,0,20041231,"",0,0
"Paterswolde","","74","Stichting","6420","Financiële holdings","","","","","","",19961230,19961230,0,0,0,0,0,"",1995,19960416
"IJlst","H","41","Besloten vennootschap met gewone structuur","70102","Holdings (geen financiële)","","","","","","",20000630,20000630,20000714,20000630,20050518,0,0,"",2020,20211130
"IJlst","H","41","Besloten vennootschap met gewone structuur","70102","Holdings (geen financiële)","","","","","","",20000630,20000630,20000714,20000630,20030712,0,0,"",2020,20211123
"IJlst","H","41","Besloten vennootschap met gewone structuur","70102","Holdings (geen financiële)","","","","","","",20000630,20000630,20000714,20000630,20031121,0,0,"",2020,20211124
"Bolsward","","74","Stichting","9002","Dienstverlening voor uitvoerende kunst","","","","","","",20000713,20000713,0,0,0,0,0,"",0,0
"Dokkum","H","01","Eenmanszaak","4651","GH computers, randapparatuur en software","4741","Winkels in computers/randapp./software","","","","",0,0,20000718,20000718,20170615,0,0,"",0,0
"Oosterwolde","H","41","Besloten vennootschap met gewone structuur","4611","HB landbouwprod., levende dieren e.d.","","","","","","",20021212,20021212,20000717,20000601,20220501,0,20021212,"",2020,20211020
"Haskerdijken","H","01","Eenmanszaak","8130","Landschapsverzorging","4622","Groothandel in bloemen en planten","","","","",0,0,20000718,20000701,20160513,0,0,"",0,0
"Emmen","H","41","Besloten vennootschap met gewone structuur","6420","Financiële holdings","","","","","","",20030328,20030328,20000718,19820101,0,0,20030328,"",2020,20210910
"Zwolle","","74","Stichting","6201","Ontwikkelen/produceren/uitgeven software","","","","","","",20000529,20000529,0,0,0,0,0,"",0,0
"Papenvoort","H","74","Stichting","88999","Overig maatsch.adv./gemeenschapshuizen","","","","","N","N",20000629,20000629,20110610,20000629,0,0,0,"",0,0
"Eesergroen","H","41","Besloten vennootschap met gewone structuur","43221","Loodg.- en fitterswerk; inst. sanitair","4321","Elektrotechnische bouwinstallatie","","","","",20080222,20080222,20000718,20000718,20200703,0,20080222,"",2015,20170818
"Kamperveen","H","01","Eenmanszaak","4120","Algemene burgerlijke en utiliteitsbouw","45112","Handel/rep. personen-/lichte bedr.auto's","","","","",0,0,20000717,20000110,0,0,0,"",0,0
"Steenwijk","H","11","Vennootschap onder firma","68204","Verh. onroerend goed (niet v woonruimte)","","","","","","",20000101,0,20000717,20000101,20160317,0,0,"",0,0
"Lattrop-Breklenkamp","H","41","Besloten vennootschap met gewone structuur","6420","Financiële holdings","","","","","N","N",20050330,20050330,20000717,20000712,0,0,20050330,"",2017,20190927
"Barneveld","H","41","Besloten vennootschap met gewone structuur","42111","Wegenbouw","","","","","N","N",20000712,20000712,20000714,20000712,20010401,0,0,"",2021,20220511
"Hoek van Holland","H","41","Besloten vennootschap met gewone structuur","6420","Financiële holdings","","","","","N","N",20000713,20000713,20030219,20000713,20081201,0,0,"",2020,20210713
"Hengelo","","74","Stichting","94993","Steunfondsen (niet ohgv welzijnszorg)","","","","","","",20000703,20000703,0,0,0,0,0,"",0,0
"Zutphen","H","41","Besloten vennootschap met gewone structuur","6420","Financiële holdings","","","","","N","N",20000712,20000712,20000717,20000712,20180202,0,0,"",2020,20210708
"Enschede","H","11","Vennootschap onder firma","7311","Reclamebureaus","","","","","N","N",19991001,0,20000718,19991001,20050601,0,0,"",0,0
"Deventer","H","01","Eenmanszaak","85519","Overig sport- en recreatieonderwijs","","","","","N","N",0,0,20000718,20000701,20220112,0,0,"",0,0
"Enter","","74","Stichting","94993","Steunfondsen (niet ohgv welzijnszorg)","","","","","","",20000714,20000714,0,0,0,0,0,"",0,0
"Tubbergen","H","11","Vennootschap onder firma","47541","Winkels in witgoed","47431","Winkels in audio- en videoapparatuur","","","N","N",20000101,0,20000718,20000101,0,0,0,"",0,0
"Bornerbroek","H","01","Eenmanszaak","6202","Advisering ohgv informatietechnologie","4651","GH computers, randapparatuur en software","","","N","N",0,0,20000718,20000718,20210807,0,0,"",0,0
"Hoorn","N","01","Eenmanszaak","5920","Maken en uitgeven van geluidsopnamen","9002","Dienstverlening voor uitvoerende kunst","","","N","N",0,0,20000718,19940101,0,0,20000630,"",0,0
"Lunteren","H","41","Besloten vennootschap met gewone structuur","01471","Opfokken en/of houden van leghennen","","","","","J","J",20000713,20000713,20000717,20000713,20110421,0,0,"",2021,20220203
"Elst","H","41","Besloten vennootschap met gewone structuur","6810","Handel in eigen onroerend goed","","","","","","",20000818,20000818,20000717,20000713,20110204,0,20000818,"",2020,20211105
"Ede","H","41","Besloten vennootschap met gewone structuur","6420","Financiële holdings","","","","","","",20000906,20000906,20000717,20000712,20220118,0,20000906,"",2013,20141209
"Ede","H","41","Besloten vennootschap met gewone structuur","69102","Rechtskundige adviesbureaus","","","","","","",20000906,20000906,20000717,20000712,20160324,0,20000906,"",2019,20200907
"Nijmegen","H","01","Eenmanszaak","4332","Bouwtimmeren","","","","","","",0,0,20000718,20000718,20000718,0,0,"",0,0
"Millingen aan de Rijn","H","01","Eenmanszaak","47763","Winkels dier(benodigdhed)en/hengelsp.art","","","","","","",0,0,20000718,20000718,20191101,0,0,"",0,0
"Berkel en Rodenrijs","H","41","Besloten vennootschap met gewone structuur","6420","Financiële holdings","","","","","","",20000628,20000628,20100318,20000628,20100308,0,0,"",2020,20220208
"Gorinchem","H","01","Eenmanszaak","45203","Reparatie van specifieke auto-onderdelen","","","","","N","N",0,0,20161129,20000718,20161128,0,0,"",0,0
"Culemborg","H","41","Besloten vennootschap met gewone structuur","70221","Organisatie-adviesbureaus","","","","","N","N",20020225,20020225,20000718,20000718,20010301,0,20020225,"",2020,20210207
"Heibloem","","72","Vereniging met beperkte rechtsbevoegdheid","94991","Gezelligheidsverenigingen","","","","","","",19700617,0,0,0,0,0,0,"",0,0
"Maasbree","","74","Stichting","94991","Gezelligheidsverenigingen","","","","","","",20000628,20000628,0,0,0,0,0,"",0,0
"Nederweert","","74","Stichting","94997","Overige belangenbehartiging (rest)","","","","","","",20000626,20000626,0,0,0,0,0,"",0,0
"Weert","H","01","Eenmanszaak","7311","Reclamebureaus","74103","Interieur- en ruimtelijk ontwerp","","","N","N",0,0,20000718,20000701,0,0,0,"",0,0
"Kessel","","74","Stichting","94994","Vriendenkringen ohgv cultuur / fanclubs","","","","","","",20000620,20000620,0,0,0,0,0,"",0,0
"Valkenburg","","74","Stichting","93196","Overkoepelende organen e.d. (sport)","","","","","","",20000417,20000417,0,0,0,0,0,"",0,0
"Kerkrade","H","01","Eenmanszaak","43222","Inst. verwarmings-/luchtbehandelingsapp.","","","","","N","N",0,0,20000718,20000718,0,0,0,"",0,0
"Gemert","H","01","Eenmanszaak","9003","Schrijven en overige scheppende kunst","","","","","N","N",0,0,20000717,20000717,20200701,0,0,"",0,0
"Eindhoven","H","41","Besloten vennootschap met gewone structuur","6311","Gegevensverw./webhosting/aanverw. activ.","","","","","N","N",20080528,20080528,20030617,20000714,20170623,0,20080528,"",2020,20210517
"Geldrop","H","41","Besloten vennootschap met gewone structuur","69203","Boekhoudkantoren","69204","Belastingconsulenten","","","N","N",20000622,20000622,20000717,19850101,20020716,0,20000622,"",2021,20220201
"Deurne","H","41","Besloten vennootschap met gewone structuur","46473","Groothandel in verlichtingsartikelen","","","","","","",20000627,20000627,20000714,19810701,20020916,0,20000627,"",2021,20220405
"Helmond","H","41","Besloten vennootschap met gewone structuur","4652","GH elektronische/telecommunicatieapp.","46473","Groothandel in verlichtingsartikelen","","","N","N",20000713,20000713,20000717,20000713,20190301,0,0,"",2020,0
"Beers NB","","71","Vereniging met volledige rechtsbevoegdheid","94997","Overige belangenbehartiging (rest)","","","","","","",20000712,20000712,0,0,0,0,0,"",0,0
"Valkenswaard","H","01","Eenmanszaak","4120","Algemene burgerlijke en utiliteitsbouw","","","","","N","N",0,0,20000714,20000702,20031023,0,0,"",0,0
"Erp","","71","Vereniging met volledige rechtsbevoegdheid","94992","Hobbyclubs","","","","","","",19491119,20000713,0,0,0,0,0,"",0,0
"Eindhoven","H","74","Stichting","9002","Dienstverlening voor uitvoerende kunst","68204","Verh. onroerend goed (niet v woonruimte)","","","N","N",20000705,20000705,20150127,20000705,0,0,0,"",0,0
"Nuenen","H","41","Besloten vennootschap met gewone structuur","6420","Financiële holdings","","","","","","",20000703,20000703,20000718,20000703,0,0,0,"",2020,20211018
"Eindhoven","H","41","Besloten vennootschap met gewone structuur","6420","Financiële holdings","","","","","","",20000703,20000703,20000717,20000703,20100617,0,0,"",2020,20211103
"Best","H","41","Besloten vennootschap met gewone structuur","6420","Financiële holdings","","","","","","",20050404,20050404,20000717,20000701,0,0,20050404,"",2021,20220309
"Eersel","H","41","Besloten vennootschap met gewone structuur","6420","Financiële holdings","","","","","","",20000629,20000629,20000717,20000629,0,0,0,"",2019,20201103
"Nuenen","H","01","Eenmanszaak","47641","Winkels in fietsen en bromfietsen","9529","Reparatie van overige consumentenart.","","","J","N",0,0,20000718,20000718,20050413,0,0,"",0,0
"Eindhoven","","74","Stichting","9492","Politieke organisaties","","","","","","",20000711,20000711,0,0,0,0,0,"",2006,0
"Boxtel","H","01","Eenmanszaak","4333","Afwerking van vloeren en wanden","","","","","","",0,0,20000718,20000725,20030602,0,0,"",0,0
"Werkendam","H","01","Eenmanszaak","4120","Algemene burgerlijke en utiliteitsbouw","78202","Uitleenbureaus","","","N","N",0,0,20000718,20000724,20210520,0,0,"",0,0
"Oisterwijk","H","41","Besloten vennootschap met gewone structuur","70221","Organisatie-adviesbureaus","","","","","","",20000717,20000717,20000718,20000717,20120401,0,0,"",2020,20210825
"Waalwijk","N","41","Besloten vennootschap met gewone structuur","45205","Overige gespec. reparatie/slepen auto's","","","","","","",20080528,20080528,20000718,19961001,0,0,20080528,"",2020,20210618
"Breda","H","41","Besloten vennootschap met gewone structuur","69209","Overige administratiekantoren","6420","Financiële holdings","6202","Advisering ohgv informatietechnologie","","",20000728,20000728,20000717,20000706,20210601,0,20000728,"",2020,20210601
"Roosendaal","H","01","Eenmanszaak","4333","Afwerking van vloeren en wanden","7810","Arbeidsbemiddeling","","","","",0,0,20000718,20000718,20170922,0,0,"",0,0
"Fijnaart","H","11","Vennootschap onder firma","70221","Organisatie-adviesbureaus","","","","","N","N",20000718,0,20000718,20000718,0,0,0,"",0,0
"Kloosterzande","H","01","Eenmanszaak","2561","Oppervlaktebeh. en bekleding van metaal","","","","","N","N",0,0,20000718,20000718,20210705,0,0,"",0,0
"Huizen","H","41","Besloten vennootschap met gewone structuur","70221","Organisatie-adviesbureaus","69203","Boekhoudkantoren","6420","Financiële holdings","N","N",20001006,20001006,20200723,20000717,20200701,0,20001006,"",2021,20220224
"'s-Gravenpolder","H","41","Besloten vennootschap met gewone structuur","6420","Financiële holdings","64303","Beleggingsinst. met beperkte toetreding","","","N","N",20000717,20000717,20000718,20000717,20051019,0,0,"",2020,20211108
"Cuijk","H","41","Besloten vennootschap met gewone structuur","4110","Projectontwikkeling","6420","Financiële holdings","","","N","N",20000817,20000817,20060112,20000601,20131231,0,20000817,"",2020,20211227
"Dordrecht","H","41","Besloten vennootschap met gewone structuur","6420","Financiële holdings","","","","","","",20000714,20000714,20000718,20000714,20040701,0,0,"",2021,20220525
"Etten-Leur","H","41","Besloten vennootschap met gewone structuur","69201","Registeraccountants","69204","Belastingconsulenten","","","N","N",20000629,20000629,20210617,20000629,20210616,0,0,"",2020,20210801
"Baambrugge","H","41","Besloten vennootschap met gewone structuur","69201","Registeraccountants","","","","","N","N",20000629,20000629,20191007,20000629,20190901,0,0,"",2020,20211011
"Oostvoorne","H","41","Besloten vennootschap met gewone structuur","6420","Financiële holdings","64923","Participatiemaatschappijen","","","N","N",20000629,20000629,20000718,20000629,20160728,0,0,"",2020,20210921
"Rotterdam","H","41","Besloten vennootschap met gewone structuur","69201","Registeraccountants","","","","","N","N",20000629,20000629,20000718,20000629,20050822,0,0,"",2021,20220404
"Zevenhuizen","H","01","Eenmanszaak","01193","Teelt van voedergewassen","0161","Dienstverl. akker- en/of tuinbouw","","","","",0,0,20000718,20000601,20050628,0,0,"",0,0
"Rotterdam","H","41","Besloten vennootschap met gewone structuur","64303","Beleggingsinst. met beperkte toetreding","","","","","N","N",20001208,20001208,20000718,20000714,20171118,0,20001208,"",2020,20211018
"Rotterdam","H","01","Eenmanszaak","6311","Gegevensverw./webhosting/aanverw. activ.","","","","","N","N",0,0,20000718,20000718,20010401,0,0,"",0,0
"Capelle aan den IJssel","H","41","Besloten vennootschap met gewone structuur","4651","GH computers, randapparatuur en software","2620","Verv. computers en randapparatuur","","","N","N",20001106,20001106,20000718,20000718,20030509,0,20001106,"",2021,20220215
"Rotterdam","H","01","Eenmanszaak","1413","Vervaardiging van overige bovenkleding","46421","Groothandel in bovenkleding","46422","Groothandel in werkkleding","N","N",0,0,20000718,20000701,20041201,0,0,"",0,0
"'s-Gravenzande","H","41","Besloten vennootschap met gewone structuur","6420","Financiële holdings","","","","","N","N",20000628,20000628,20040803,20000628,20040101,0,0,"",2021,20220322
"Strijen","H","01","Eenmanszaak","47526","Winkels in parket-/laminaat-/kurkvloeren","47918","Internethandel overige non-food","","","N","N",0,0,20000718,20000718,20161215,0,0,"",0,0
"Maassluis","H","41","Besloten vennootschap met gewone structuur","6420","Financiële holdings","","","","","N","N",20000628,20000628,20000718,20000628,20040801,0,0,"",2020,20220309
"Capelle aan den IJssel","","74","Stichting","66191","Admin.kantoren voor aandelen/obligaties","","","","","","",20000714,20000714,0,0,0,0,0,"",0,0
"Numansdorp","H","41","Besloten vennootschap met gewone structuur","46699","GH ov.mach./app./toeb. ind./handel","71202","Keuring/controle mach./app./materialen","","","","",20000713,20000713,20000718,20000713,20150323,0,0,"",2020,20211230
"'s-Gravenhage","","71","Vereniging met volledige rechtsbevoegdheid","93149","Overige binnensport en omnisport","","","","","","",19140301,19140301,0,0,0,0,0,"",0,0
"Zoetermeer","","71","Vereniging met volledige rechtsbevoegdheid","94994","Vriendenkringen ohgv cultuur / fanclubs","","","","","","",20000705,20000705,0,0,0,0,0,"",0,0
"Delft","H","41","Besloten vennootschap met gewone structuur","6311","Gegevensverw./webhosting/aanverw. activ.","","","","","N","N",20001025,20001025,20180309,20000601,20180201,0,20001025,"",2021,20220422
"'s-Gravenhage","H","01","Eenmanszaak","4321","Elektrotechnische bouwinstallatie","47999","DH via overige distributievormen","7112","Ingenieurs/overig techn. ontwerp/advies","N","N",0,0,20000718,20000718,0,0,0,"",0,0
"'s-Gravenhage","","72","Vereniging met beperkte rechtsbevoegdheid","93149","Overige binnensport en omnisport","","","","","","",20000717,20000717,0,0,0,0,0,"",0,0
"'s-Gravenhage","H","41","Besloten vennootschap met gewone structuur","6201","Ontwikkelen/produceren/uitgeven software","","","","","N","N",20061117,20061117,20000718,20000718,20010711,0,20061117,"",2013,20150615
"Alphen aan den Rijn","H","01","Eenmanszaak","96022","Schoonheidsverzorging/pedi-/manicures","","","","","N","N",0,0,20000717,20000101,20030901,0,0,"",0,0
"Boskoop","H","01","Eenmanszaak","8130","Landschapsverzorging","","","","","N","N",0,0,20120111,20000714,20111223,0,0,"",0,0
"Katwijk","H","01","Eenmanszaak","4331","Stukadoren","","","","","N","N",0,0,20000718,20000718,0,0,0,"",0,0
"Woerden","H","41","Besloten vennootschap met gewone structuur","6202","Advisering ohgv informatietechnologie","","","","","N","N",20050207,20050207,20000717,20000717,20210129,0,20050207,"",2020,20211203
"Doesburg","H","01","Eenmanszaak","70221","Organisatie-adviesbureaus","","","","","","",0,0,20211012,20000501,20211001,0,0,"",0,0
"Enschede","H","41","Besloten vennootschap met gewone structuur","7112","Ingenieurs/overig techn. ontwerp/advies","70221","Organisatie-adviesbureaus","78202","Uitleenbureaus","","",20001114,20001114,20061012,20000701,20061003,0,20001114,"",2020,20220329
"Amersfoort","H","41","Besloten vennootschap met gewone structuur","70221","Organisatie-adviesbureaus","","","","","","",20000717,20000717,20010726,20000717,20150701,0,0,"",2020,20210511
"Amersfoort","H","41","Besloten vennootschap met gewone structuur","70221","Organisatie-adviesbureaus","","","","","","",20000717,20000717,20010829,20000717,20150701,0,0,"",2020,20210511
"Amersfoort","H","41","Besloten vennootschap met gewone structuur","70222","Advisering ohgv management/bedrijfsv.","78202","Uitleenbureaus","","","","",20000717,20000717,20010829,20000717,20150701,0,0,"",2020,20210511
"Haarlem","H","01","Eenmanszaak","69209","Overige administratiekantoren","70221","Organisatie-adviesbureaus","85592","Bedrijfsopleiding en -training","N","N",0,0,20150304,20000701,20180221,0,0,"",0,0
"Hilversum","H","01","Eenmanszaak","5630","Cafés","56101","Restaurants","","","","",0,0,20060714,20000718,20161213,0,0,"",0,0
"Bennekom","H","41","Besloten vennootschap met gewone structuur","6420","Financiële holdings","78202","Uitleenbureaus","","","","",20000906,20000906,20040416,20000712,20040201,0,20000906,"",2020,20211213
"Hoogland","H","01","Eenmanszaak","69101","Advocatenkantoren, bewindv. en curatoren","69204","Belastingconsulenten","5811","Uitgeverijen van boeken","","",0,0,20000717,20000527,20141130,0,0,"",0,0
"Soest","H","41","Besloten vennootschap met gewone structuur","6420","Financiële holdings","","","","","","",20000915,20000915,20000717,20000701,20091207,0,20000915,"",2017,20190520
"Huizen","H","01","Eenmanszaak","4332","Bouwtimmeren","4120","Algemene burgerlijke en utiliteitsbouw","","","N","N",0,0,20000717,20000724,0,0,0,"",0,0
"Loosdrecht","H","41","Besloten vennootschap met gewone structuur","6420","Financiële holdings","","","","","","",20000706,20000706,20000717,20000706,20020204,0,0,"",2021,20220329
"Wittelte","H","41","Besloten vennootschap met gewone structuur","64303","Beleggingsinst. met beperkte toetreding","","","","","","",20000714,20000714,20140603,20000714,20140513,0,0,"",2020,20210525
"Laren","","74","Stichting","66191","Admin.kantoren voor aandelen/obligaties","","","","","","",20000303,20000303,0,0,0,0,0,"",0,0
"Soest","H","41","Besloten vennootschap met gewone structuur","6420","Financiële holdings","","","","","","",20000714,20000714,20000718,20000714,20010601,0,0,"",2020,20210217
"Ouddorp","H","41","Besloten vennootschap met gewone structuur","6202","Advisering ohgv informatietechnologie","","","","","","",20040123,20040123,20210310,20000401,20210309,0,20040123,"",2018,20190718
"Muiden","H","01","Eenmanszaak","70221","Organisatie-adviesbureaus","6202","Advisering ohgv informatietechnologie","6209","Ov. dienstv. act. ohgv informatietechn.","N","N",0,0,20000718,20000718,20211001,0,0,"",0,0
"Weesp","","74","Stichting","46498","GH boeken/tijdschriften/overig drukwerk","","","","","","",20000717,20000717,0,0,0,0,0,"",0,0
"Amsterdam","H","01","Eenmanszaak","47641","Winkels in fietsen en bromfietsen","5221","Dienstverlening voor vervoer over land","9529","Reparatie van overige consumentenart.","N","N",0,0,20000718,19950223,0,0,0,"",0,0
"Amsterdam","H","41","Besloten vennootschap met gewone structuur","66193","Hypotheek-/kredietbem./bankagentschappen","","","","","N","N",20000530,20000530,20000718,20000530,20130915,0,0,"",2020,20210705
"Amsterdam","H","41","Besloten vennootschap met gewone structuur","6420","Financiële holdings","","","","","N","N",20000530,20000530,20000718,20000530,20131001,0,0,"",2020,20210705
"Amsterdam","H","41","Besloten vennootschap met gewone structuur","6201","Ontwikkelen/produceren/uitgeven software","","","","","N","N",20080311,20080311,20000718,20000701,20201219,0,20080311,"",2020,20210305
"Doetinchem","H","41","Besloten vennootschap met gewone structuur","7112","Ingenieurs/overig techn. ontwerp/advies","","","","","N","N",20001024,20001024,20060804,20000711,20180328,0,20001024,"",2007,20090917
"Amsterdam","H","41","Besloten vennootschap met gewone structuur","6420","Financiële holdings","","","","","N","N",20000622,20000622,20000718,20000622,20000622,0,0,"",2021,20220429
"Amsterdam","H","01","Eenmanszaak","8553","Auto- en motorrijscholen","","","","","N","N",0,0,20000718,20000717,20110527,0,20050131,"",0,0
"Aalsmeer","H","01","Eenmanszaak","74103","Interieur- en ruimtelijk ontwerp","","","","","N","N",0,0,20000718,20000718,20090825,0,0,"",0,0
"Haarlem","H","01","Eenmanszaak","7490","Overige special. zakelijke dienstverl.","","","","","N","N",0,0,20000718,20000701,20170627,0,0,"",0,0
"Oosterhout","H","41","Besloten vennootschap met gewone structuur","6420","Financiële holdings","","","","","N","N",20000629,20000629,20080807,20000629,20080601,0,0,"",2020,20210525
"Amsterdam","H","01","Eenmanszaak","4932","Vervoer per taxi","","","","","N","N",0,0,20000718,19991110,20160101,0,20000718,"",0,0
"Koog aan de Zaan","H","01","Eenmanszaak","4334","Schilderen en glaszetten","","","","","N","N",0,0,20000718,19971001,0,0,20000701,"",0,0
"Beverwijk","H","41","Besloten vennootschap met gewone structuur","45204","Carrosserieherstel","45192","Handel/rep. zwaardere bedrijfsauto's","","","N","N",20000718,20000718,20000718,20000301,20030319,0,0,"",2021,20220329
"Krommenie","H","01","Eenmanszaak","70221","Organisatie-adviesbureaus","70222","Advisering ohgv management/bedrijfsv.","85592","Bedrijfsopleiding en -training","N","N",0,0,20000718,20000101,0,0,0,"",0,0
"Haarlem","","74","Stichting","94996","Overige ideële organisaties (rest)","","","","","","",20000113,20000113,0,0,0,0,0,"",0,0
"Bloemendaal","H","41","Besloten vennootschap met gewone structuur","6420","Financiële holdings","","","","","N","N",20000713,20000713,20000718,20000713,0,0,0,"",2020,20210509
"Harderwijk","H","01","Eenmanszaak","4932","Vervoer per taxi","5630","Cafés","","","N","N",0,0,20200901,20000718,20200820,0,20001218,"",0,0
"Vogelenzang","H","41","Besloten vennootschap met gewone structuur","46762","Groothandel in papier en karton","","","","","N","N",20001017,20001017,20000718,20000509,20090202,0,20001017,"",2011,20130131
"Oude Wetering","H","41","Besloten vennootschap met gewone structuur","6420","Financiële holdings","","","","","N","N",20000921,20000921,20000925,20000626,20060901,0,20000921,"",2021,20220107
"Schagen","H","41","Besloten vennootschap met gewone structuur","4110","Projectontwikkeling","","","","","N","N",20000714,20000714,20130717,20000714,20210701,0,0,"",2020,20210331
"Alkmaar","","71","Vereniging met volledige rechtsbevoegdheid","94995","Overk. organen (niet ohgv welzijn/sport)","","","","","","",20000713,20000713,0,0,0,0,0,"",0,0
"Veenendaal","H","41","Besloten vennootschap met gewone structuur","46696","Groothandel in emballage","66191","Admin.kantoren voor aandelen/obligaties","","","N","N",20010412,20010412,20011116,20000710,20141204,0,20010412,"",2020,20210611
"Haarlem","H","41","Besloten vennootschap met gewone structuur","7112","Ingenieurs/overig techn. ontwerp/advies","70221","Organisatie-adviesbureaus","","","N","N",20010316,20010316,20010116,20000710,20190301,0,20010316,"",2020,20220427
"Alkmaar","H","01","Eenmanszaak","4634","Groothandel in dranken (geen zuivel)","","","","","J","N",0,0,20000718,20000718,20040601,0,0,"",0,0
"Grootebroek","H","01","Eenmanszaak","2562","Algemene metaalbewerking","","","","","N","N",0,0,20000718,20000725,0,0,20070202,"",0,0
"Purmerend","H","01","Eenmanszaak","85521","Dansscholen","","","","","","",0,0,20000718,20000718,0,0,0,"",0,0
"Egmond-Binnen","H","01","Eenmanszaak","53202","Koeriers","","","","","N","N",0,0,20000718,20000718,20070723,0,0,"",0,0
"Dronten","H","11","Vennootschap onder firma","0150","Akker-/tuinbouw icm fokken/houden dieren","","","","","N","N",19990101,0,20000717,19990101,0,0,0,"",0,0
"Lelystad","","71","Vereniging met volledige rechtsbevoegdheid","94997","Overige belangenbehartiging (rest)","","","","","","",19991229,19991229,0,0,0,0,0,"",0,0
"St.-Annaparochie","H","01","Eenmanszaak","01411","Houden van melkvee","7721","Verhuur van sport- en recreatieartikelen","","","","",0,0,20000714,20000714,20000714,0,0,"",0,0
"Lippenhuizen","","71","Vereniging met volledige rechtsbevoegdheid","90011","Beoefening van podiumkunst","","","","","","",20000712,20000712,0,0,0,0,0,"",0,0
"Sneek","","71","Vereniging met volledige rechtsbevoegdheid","93141","Individuele zaalsport","","","","","","",20000714,20000714,0,0,0,0,0,"",0,0
"Langedijke","H","41","Besloten vennootschap met gewone structuur","6420","Financiële holdings","","","","","","",20000906,20000906,20000913,20000712,0,0,20000906,"",2018,20200507
"Sneek","H","01","Eenmanszaak","5222","Dienstverlening voor vervoer over water","7721","Verhuur van sport- en recreatieartikelen","46492","Groothandel in watersportartikelen","N","N",0,0,20000718,20000101,20060601,0,20100101,"",0,0
"Kollum","H","41","Besloten vennootschap met gewone structuur","6420","Financiële holdings","","","","","","",20000714,20000714,20000718,20000714,20210806,0,0,"",2020,20210614
"Groningen","","71","Vereniging met volledige rechtsbevoegdheid","94997","Overige belangenbehartiging (rest)","","","","","","",20000704,20000704,0,0,0,0,0,"",0,0
"Scheemda","","71","Vereniging met volledige rechtsbevoegdheid","94993","Steunfondsen (niet ohgv welzijnszorg)","","","","","","",19860602,20000717,0,0,0,0,0,"",0,0
"Emmen","N","74","Stichting","87302","Verzorgingshuizen","","","","","N","N",20000717,20000717,20131028,20000717,20151103,0,0,"",2015,20160803
"Meppen","H","41","Besloten vennootschap met gewone structuur","53202","Koeriers","","","","","","",20000824,20000824,20000719,20000717,20030401,0,20000824,"",2017,20181023
"Hoogeveen","H","11","Vennootschap onder firma","8553","Auto- en motorrijscholen","","","","","","",20000714,0,20000719,20000714,20060801,0,0,"",0,0
"Kampen","","72","Vereniging met beperkte rechtsbevoegdheid","94991","Gezelligheidsverenigingen","","","","","","",19900101,0,0,0,0,0,0,"",0,0
"Wjelsryp","H","41","Besloten vennootschap met gewone structuur","70221","Organisatie-adviesbureaus","6420","Financiële holdings","","","","",20000815,20000815,20170110,20000101,20210212,0,20000815,"",2021,20220525
"Genemuiden","H","41","Besloten vennootschap met gewone structuur","1393","Vervaardiging van vloerkleden en tapijt","","","","","N","J",20000711,20000711,20000718,20000711,20100105,0,0,"",2020,20211231
"Zwolle","H","01","Eenmanszaak","4618","HB gespecialiseerd in overige goederen","","","","","","",0,0,20000719,20000719,20000719,0,0,"",0,0
"Harderwijk","H","41","Besloten vennootschap met gewone structuur","4613","HB hout/vlakglas/sanitair/bouwmaterialen","46739","GH bouwmaterialen algemeen assortiment","","","J","J",20000524,20000524,20000605,20000524,0,0,0,"",2020,20211005
"Hengelo","H","41","Besloten vennootschap met gewone structuur","6622","Assurantietussenpersonen","","","","","N","N",20001113,20001113,20000718,20000701,20210601,0,20001113,"",2020,20211119
"Voorthuizen","H","41","Besloten vennootschap met gewone structuur","6420","Financiële holdings","","","","","N","N",20000711,20000711,20000718,20000711,20040130,0,0,"",2020,20211020
"Wezep","H","41","Besloten vennootschap met gewone structuur","6831","Bemidd. bij handel/huur/verhuur onr.goed","70222","Advisering ohgv management/bedrijfsv.","","","N","N",20000707,20000707,20130830,20000707,20170201,0,0,"",2020,20210616
"Wezep","H","11","Vennootschap onder firma","2550","Smeden/persen/stampen/profielwalsen e.d.","","","","","N","N",20000719,0,20000719,20000719,0,0,0,"",0,0
"Almelo","H","01","Eenmanszaak","70222","Advisering ohgv management/bedrijfsv.","","","","","N","N",0,0,20000719,20000719,20210901,0,0,"",0,0
"Vaassen","H","41","Besloten vennootschap met gewone structuur","4941","Goederenvervoer over weg (geen verhuiz.)","52109","Opslag in distr.centra en overige opslag","","","N","N",20040928,20040928,20220329,20000719,20220328,0,20040928,"",2021,0
"Markelo","H","01","Eenmanszaak","85522","Kunstzinnige vorming voor amateurs","4622","Groothandel in bloemen en planten","47761","Winkels bloemen/planten/zaden/tuinbenod.","N","N",0,0,20000719,20000719,20110214,0,0,"",0,0
"Apeldoorn","H","01","Eenmanszaak","96021","Haarverzorging","","","","","N","N",0,0,20000719,20000719,20160225,0,0,"",0,0
"Apeldoorn","H","11","Vennootschap onder firma","47789","Winkels gespec. in overige art. (rest)","18129","Overige drukkerijen (rest)","6201","Ontwikkelen/produceren/uitgeven software","N","N",20000719,0,20000719,20000719,20060101,0,0,"",0,0
"Bennekom","H","41","Besloten vennootschap met gewone structuur","6420","Financiële holdings","","","","","","",20000714,20000714,20000718,20000714,20170601,0,0,"",2021,20220329
"Doornenburg","H","41","Besloten vennootschap met gewone structuur","6420","Financiële holdings","6201","Ontwikkelen/produceren/uitgeven software","68203","Verhuur van overige woonruimte","","",20010228,20010228,20000718,20000610,20181129,0,20010228,"",2020,20210526
"Nijmegen","H","41","Besloten vennootschap met gewone structuur","6202","Advisering ohgv informatietechnologie","","","","","J","J",20010228,20010228,20010302,20000610,20190201,0,20010228,"",2020,20211224
"Heelweg","H","01","Eenmanszaak","4120","Algemene burgerlijke en utiliteitsbouw","","","","","","",0,0,20080117,20000717,0,0,0,"",0,0
"Huissen","","72","Vereniging met beperkte rechtsbevoegdheid","94991","Gezelligheidsverenigingen","","","","","","",20000707,20000707,0,0,0,0,0,"",0,0
"Zevenaar","H","01","Eenmanszaak","52291","Expediteurs/cargadoors/bevrachters e.d.","","","","","","",0,0,20000719,20000201,20061201,0,0,"",0,0
"'s-Gravenhage","H","41","Besloten vennootschap met gewone structuur","70102","Holdings (geen financiële)","","","","","","",20001102,20001102,20090428,20000401,20090201,0,20001102,"",2020,20220608
"'s-Gravenhage","H","41","Besloten vennootschap met gewone structuur","6420","Financiële holdings","70221","Organisatie-adviesbureaus","7320","Markt- en opinieonderzoekbureaus","","",20001102,20001102,20090428,20000401,20090201,0,20001102,"",2020,20220608
"Oss","H","41","Besloten vennootschap met gewone structuur","8020","Beveiliging via beveiligingssystemen","","","","","N","N",20001227,20001227,20010103,20000701,20070801,0,20001227,"",2021,20220224
"Elst Ut","H","01","Eenmanszaak","4312","Grondverzet","8121","Interieurreiniging van gebouwen","","","","",0,0,20000719,20000710,20200601,0,0,"",0,0
"Velden","H","01","Eenmanszaak","4617","HB in voedings- en genotmiddelen","","","","","N","N",0,0,20000718,19990401,20010921,0,0,"",0,0
"Beegden","H","41","Besloten vennootschap met gewone structuur","88999","Overig maatsch.adv./gemeenschapshuizen","","","","","N","N",20000628,20000628,20000718,20000628,0,0,0,"",2019,20201121
"Sittard","H","41","Besloten vennootschap met gewone structuur","6420","Financiële holdings","","","","","N","N",20040528,20040528,20000718,20000601,20020301,0,20040528,"",2020,20220112
"Schinnen","H","01","Eenmanszaak","70221","Organisatie-adviesbureaus","","","","","N","N",0,0,20000718,20000718,0,0,0,"",0,0
"Vaals","H","41","Besloten vennootschap met gewone structuur","47292","Winkels in natuurvoeding/reformartikelen","","","","","N","N",20000622,20000622,20000719,20000622,20020301,0,0,"",2020,20210816
"Retie 2470","","41","Besloten vennootschap met gewone structuur","6420","Financiële holdings","","","","","","",19791115,19791115,0,0,0,0,0,"",2003,20040820
"Westerhoven","H","01","Eenmanszaak","8130","Landschapsverzorging","01305","Teelt boomkwekerijgewassen volle grond","","","","",0,0,20000718,20000715,0,0,0,"",0,0
"Dongen","H","41","Besloten vennootschap met gewone structuur","33123","Rep./onderh. machines specif.bedrijfstak","8130","Landschapsverzorging","","","","",20071212,20071212,20080102,20000701,0,0,20071212,"",2019,20211124
"Waalwijk","H","01","Eenmanszaak","9609","Overige dienstverlening (rest)","9003","Schrijven en overige scheppende kunst","","","","",0,0,20000719,20000720,0,0,0,"",0,0
"Oosterhout","H","41","Besloten vennootschap met gewone structuur","47782","Winkels in optische artikelen","","","","","","",20000713,20000713,20000718,20000713,20190117,0,0,"",2021,20211025
"Oostburg","H","01","Eenmanszaak","47292","Winkels in natuurvoeding/reformartikelen","4120","Algemene burgerlijke en utiliteitsbouw","47793","Winkels tweedeh. goederen (geen kleding)","N","N",0,0,20000719,20000701,20220312,0,20020301,"",0,0
"Axel","","74","Stichting","94997","Overige belangenbehartiging (rest)","","","","","","",20000605,20000605,0,0,0,0,0,"",0,0
"Barendrecht","H","01","Eenmanszaak","4120","Algemene burgerlijke en utiliteitsbouw","4332","Bouwtimmeren","","","N","N",0,0,20000719,20000719,20070401,0,0,"",0,0
"Zuidland","","74","Stichting","9002","Dienstverlening voor uitvoerende kunst","","","","","","",20000711,20000711,0,0,0,0,0,"",0,0
"Rotterdam","","74","Stichting","69209","Overige administratiekantoren","","","","","","",19991231,19991231,0,0,0,0,0,"",0,0
"Pernis Rotterdam","H","41","Besloten vennootschap met gewone structuur","6420","Financiële holdings","","","","","N","N",20011119,20011119,20000719,20000715,20050220,0,20011119,"",2020,20220411
"Heerhugowaard","H","41","Besloten vennootschap met gewone structuur","6420","Financiële holdings","","","","","N","N",20000714,20000714,20040323,20000714,20060830,0,0,"",2017,20190605
"Dordrecht","H","41","Besloten vennootschap met gewone structuur","8010","Particuliere beveiliging","70221","Organisatie-adviesbureaus","","","N","N",20010518,20010518,20000719,20000609,20071201,0,20010518,"F",2009,20110131
"Brielle","H","01","Eenmanszaak","96022","Schoonheidsverzorging/pedi-/manicures","","","","","N","N",0,0,20000719,20000719,20070501,0,0,"",0,0
"Barendrecht","H","11","Vennootschap onder firma","85521","Dansscholen","","","","","N","N",19990516,0,20000719,19990516,0,0,0,"",0,0
"Rotterdam","H","41","Besloten vennootschap met gewone structuur","6420","Financiële holdings","","","","","N","N",20000329,20000329,20000719,20000329,0,0,0,"",2021,20220421
"Capelle aan den IJssel","H","11","Vennootschap onder firma","6312","Webportals","","","","","N","N",20000719,0,20000719,20000719,20020610,0,0,"",0,0
"Hellevoetsluis","H","01","Eenmanszaak","96021","Haarverzorging","","","","","N","N",0,0,20000719,20000724,0,0,0,"",0,0
"Zierikzee","H","01","Eenmanszaak","47919","Internethandel alg.assortiment non-food","96021","Haarverzorging","47999","DH via overige distributievormen","N","N",0,0,20180823,20000719,20180711,0,0,"",0,0
"Alblasserdam","H","01","Eenmanszaak","70222","Advisering ohgv management/bedrijfsv.","","","","","N","N",0,0,20000719,20000719,20210430,0,0,"",0,0
"'s-Gravenhage","","74","Stichting","9003","Schrijven en overige scheppende kunst","","","","","","",19470818,19470818,0,0,0,0,0,"",0,0
"'s-Gravenhage","H","41","Besloten vennootschap met gewone structuur","4321","Elektrotechnische bouwinstallatie","","","","","N","N",20000531,20000531,20000717,20000531,0,0,0,"",2020,20210624
"Berkel en Rodenrijs","H","11","Vennootschap onder firma","47819","Markthandel overige voedings- en genotm.","47899","Markthandel in overige goederen","","","N","N",20090101,0,20000719,20000719,0,0,20090101,"",0,0
"Naaldwijk","","74","Stichting","93127","Auto- en motorsport","","","","","","",20000717,20000717,0,0,0,0,0,"",0,0
"Nieuwkoop","H","41","Besloten vennootschap met gewone structuur","70102","Holdings (geen financiële)","","","","","N","N",20001003,20001003,20000718,20000705,20020401,0,20001003,"",2020,20210106
"Alphen aan den Rijn","H","01","Eenmanszaak","69203","Boekhoudkantoren","","","","","N","N",0,0,20000719,20000719,20060403,0,0,"",0,0
"Hilversum","H","41","Besloten vennootschap met gewone structuur","66191","Admin.kantoren voor aandelen/obligaties","","","","","","",20000712,20000712,20200127,20000712,20200120,0,0,"",2020,20220525
"Woerden","H","41","Besloten vennootschap met gewone structuur","70102","Holdings (geen financiële)","","","","","","",20000713,20000713,20000719,20000713,20151201,0,0,"",2020,20220429
"Bunnik","H","41","Besloten vennootschap met gewone structuur","6420","Financiële holdings","","","","","","",20000630,20000630,20000719,20000630,20100530,0,0,"",2021,20220506
"Rotterdam","H","41","Besloten vennootschap met gewone structuur","7810","Arbeidsbemiddeling","78202","Uitleenbureaus","","","","",20000713,20000713,20210201,20000713,20210201,0,0,"",2020,20220429
"Herpen","H","01","Eenmanszaak","86919","Overige paramedische praktijken","47919","Internethandel alg.assortiment non-food","","","","",0,0,20220302,20000707,20220214,0,0,"",0,0
"Spijkenisse","H","41","Besloten vennootschap met gewone structuur","6201","Ontwikkelen/produceren/uitgeven software","4651","GH computers, randapparatuur en software","","","N","N",20001004,20001004,20190729,20000717,20190719,0,20001004,"",2020,20211108
"Den Dolder","H","41","Besloten vennootschap met gewone structuur","66191","Admin.kantoren voor aandelen/obligaties","","","","","","",20001019,20001019,20000719,20000718,20050105,0,20001019,"",2021,20220530
"Utrecht","H","01","Eenmanszaak","88999","Overig maatsch.adv./gemeenschapshuizen","","","","","","",0,0,20000719,20000701,20020718,0,0,"",0,0
"Geldermalsen","","74","Stichting","68201","Woningbouwverenigingen en -stichtingen","","","","","","",20000713,20000713,0,0,0,0,0,"",0,0
"Amersfoort","H","01","Eenmanszaak","9529","Reparatie van overige consumentenart.","","","","","","",0,0,20000719,20000719,20030108,0,0,"",0,0
"Amersfoort","H","41","Besloten vennootschap met gewone structuur","70221","Organisatie-adviesbureaus","","","","","N","N",20000718,20000718,20000719,20000718,20160401,0,0,"",2020,20211021
"Amersfoort","H","41","Besloten vennootschap met gewone structuur","6420","Financiële holdings","","","","","N","N",20000710,20000710,20000719,20000710,20011207,0,0,"",2020,20220217
"Soest","H","41","Besloten vennootschap met gewone structuur","6420","Financiële holdings","","","","","","",20000713,20000713,20000719,20000713,20090325,0,0,"",2020,20211216
"Amsterdam","H","41","Besloten vennootschap met gewone structuur","4765","Winkels in speelgoed","47789","Winkels gespec. in overige art. (rest)","6420","Financiële holdings","J","J",20000606,20000606,20000719,20000606,20060201,0,0,"",2020,20211015
"IJmuiden","H","01","Eenmanszaak","43993","Metselen en voegen","","","","","N","N",0,0,20080711,20000717,20200103,0,0,"",0,0
"Amsterdam","H","41","Besloten vennootschap met gewone structuur","70222","Advisering ohgv management/bedrijfsv.","","","","","N","N",20000713,20000713,20000719,20000713,20100101,0,0,"",2016,20180508
"Schiphol","H","51","Naamloze vennootschap met gewone structuur","6420","Financiële holdings","","","","","N","N",20000706,20000706,20180501,20000706,20180501,0,0,"",2020,20210922
"Kortenhoef","H","41","Besloten vennootschap met gewone structuur","6420","Financiële holdings","","","","","N","N",20020222,20020222,20170505,20000601,20170301,0,20020222,"",2020,20210622
"Amsterdam","H","41","Besloten vennootschap met gewone structuur","6420","Financiële holdings","","","","","N","N",20000717,20000717,20000719,20000717,20120202,0,0,"",2020,20210604
"Amsterdam","H","01","Eenmanszaak","46421","Groothandel in bovenkleding","46425","Groothandel in mode-artikelen","4782","Markthandel in textiel/kleding/schoeisel","N","N",0,0,20000719,20000719,0,0,0,"",0,0
"Druten","H","41","Besloten vennootschap met gewone structuur","6810","Handel in eigen onroerend goed","4311","Slopen van bouwwerken","","","N","N",20001106,20001106,20120116,20000601,20190101,0,20001106,"",2021,20220524
"Haarlem","H","41","Besloten vennootschap met gewone structuur","70102","Holdings (geen financiële)","","","","","N","N",20000711,20000711,20000719,20000711,20161101,0,0,"",2020,20211119
"Assendelft","H","01","Eenmanszaak","43993","Metselen en voegen","","","","","N","N",0,0,20200304,20000717,20200204,0,0,"",0,0
"Nieuw-Vennep","H","41","Besloten vennootschap met gewone structuur","93119","Overige sportaccommodaties","","","","","N","N",20020711,20020711,20000719,19990407,20161129,0,20020711,"",2020,20210614
"Groningen","H","01","Eenmanszaak","7810","Arbeidsbemiddeling","","","","","N","N",0,0,20050531,20000701,20050401,0,0,"",0,0
"Edam","","74","Stichting","6420","Financiële holdings","","","","","","",20000711,20000711,0,0,0,0,0,"",0,0
"Hoorn","","74","Stichting","9002","Dienstverlening voor uitvoerende kunst","","","","","","",20000714,20000714,0,0,0,0,0,"",0,0
"Dieren","H","41","Besloten vennootschap met gewone structuur","6420","Financiële holdings","","","","","","",20060117,20060117,20190906,20000719,20190906,0,20060117,"",2019,20210504
"Heiloo","H","01","Eenmanszaak","47913","Internethandel boek,tijdschrift,cd,dvd","4763","Winkels in audio- en video-opnamen","9003","Schrijven en overige scheppende kunst","N","N",0,0,20000719,20000715,0,0,0,"",0,0
"Schagerbrug","H","01","Eenmanszaak","8891","Kinderopvang","","","","","","",0,0,20000719,20000719,20130901,0,0,"",0,0
"Heiloo","H","01","Eenmanszaak","96021","Haarverzorging","","","","","N","N",0,0,20000719,20000719,0,0,0,"",0,0
"Dronten","H","01","Eenmanszaak","43222","Inst. verwarmings-/luchtbehandelingsapp.","","","","","N","N",0,0,20000718,20000724,20060426,0,0,"",0,0
"Almere","H","01","Eenmanszaak","6201","Ontwikkelen/produceren/uitgeven software","9002","Dienstverlening voor uitvoerende kunst","90012","Producenten van podiumkunst","N","N",0,0,20000718,20000601,20080420,0,0,"",0,0
"Almere","H","41","Besloten vennootschap met gewone structuur","7911","Reisbemiddeling","","","","","N","N",20001214,20001214,20000719,20000718,20220401,0,20001214,"",2020,20210624
"Spannum","H","41","Besloten vennootschap met gewone structuur","01411","Houden van melkvee","70221","Organisatie-adviesbureaus","","","","",20000713,20000713,20000719,20000713,0,0,0,"",2020,20210729
"Heerenveen","","74","Stichting","88999","Overig maatsch.adv./gemeenschapshuizen","","","","","","",20000706,20000706,0,0,0,0,0,"",0,0
"Heerenveen","H","01","Eenmanszaak","52291","Expediteurs/cargadoors/bevrachters e.d.","","","","","N","N",0,0,20000720,20000724,0,0,20040101,"",0,0
"Harlingen","H","41","Besloten vennootschap met gewone structuur","1084","Verv. specerijen/sauzen/kruiderij/zoutr.","","","","","J","J",20000719,20000719,20000720,19841231,0,0,20000801,"",2020,20210701
"Kollum","H","01","Eenmanszaak","32501","Tandtechnische bedrijven","","","","","","",0,0,20000720,20000720,0,0,0,"",0,0
"Leek","H","41","Besloten vennootschap met gewone structuur","47713","Winkels in bovenkleding/mode-artikelen","","","","","N","N",20000719,20000719,20000720,20000719,20120701,0,0,"",2020,20210601
"Groningen","H","01","Eenmanszaak","7311","Reclamebureaus","","","","","N","N",0,0,20000720,20000601,0,0,0,"",0,0
"Groningen","H","01","Eenmanszaak","70221","Organisatie-adviesbureaus","85592","Bedrijfsopleiding en -training","","","N","N",0,0,20000720,20000101,0,0,0,"",0,0
"Tynaarlo","H","11","Vennootschap onder firma","01411","Houden van melkvee","4941","Goederenvervoer over weg (geen verhuiz.)","0111","Teelt granen/peulvruchten/olieh. zaden","","",20000101,0,20000720,19740000,0,0,20000101,"",0,0
"Klazienaveen","H","01","Eenmanszaak","96022","Schoonheidsverzorging/pedi-/manicures","","","","","","",0,0,20000720,20000201,0,0,0,"",0,0
"Nieuwleusen","H","01","Eenmanszaak","74201","Fotografie","6201","Ontwikkelen/produceren/uitgeven software","0161","Dienstverl. akker- en/of tuinbouw","","",0,0,20000720,20000701,0,0,0,"",0,0
"Soest","N","41","Besloten vennootschap met gewone structuur","4711","Supermarkten e.d. winkels alg.ass.v.gm.","","","","","N","N",19730426,19730426,20000719,19990623,0,0,0,"",2020,0
"Emmen","N","41","Besloten vennootschap met gewone structuur","4711","Supermarkten e.d. winkels alg.ass.v.gm.","","","","","N","N",19730426,19730426,20000719,19981001,0,0,0,"",2020,0
"IJsselmuiden","N","41","Besloten vennootschap met gewone structuur","4711","Supermarkten e.d. winkels alg.ass.v.gm.","","","","","","",19730426,19730426,20000719,19990208,20040416,0,0,"",2020,0
"Ermelo","H","41","Besloten vennootschap met gewone structuur","6420","Financiële holdings","","","","","N","N",20000825,20000825,20000719,20000102,0,0,20000825,"",2020,20211006
"Apeldoorn","H","41","Besloten vennootschap met gewone structuur","6420","Financiële holdings","","","","","N","N",20000719,20000719,20000720,20000719,20171201,0,0,"",2021,20220323
"Enschede","","74","Stichting","66191","Admin.kantoren voor aandelen/obligaties","","","","","","",20000718,20000718,0,0,0,0,0,"",0,0
"Barneveld","H","41","Besloten vennootschap met gewone structuur","6420","Financiële holdings","","","","","N","N",20000613,20000613,20000720,20000613,20190220,0,0,"",2020,20220215
"Deventer","H","11","Vennootschap onder firma","9609","Overige dienstverlening (rest)","","","","","J","N",20010901,0,20000720,20000720,20040701,0,20010901,"",0,0
"Haaksbergen","H","01","Eenmanszaak","70222","Advisering ohgv management/bedrijfsv.","7490","Overige special. zakelijke dienstverl.","93125","Paardensport en maneges","N","N",0,0,20000720,20000701,20160622,0,0,"",0,0
"Beverwijk","H","11","Vennootschap onder firma","47593","Winkels art. woninginrichting alg. ass.","","","","","J","",20000601,0,20200103,19940101,0,0,20000601,"",0,0
"Breskens","H","41","Besloten vennootschap met gewone structuur","70221","Organisatie-adviesbureaus","78202","Uitleenbureaus","","","","",20000531,20000531,20210106,20000531,20210101,0,0,"",2020,20210827
"Anjum","","74","Stichting","69209","Overige administratiekantoren","","","","","","",20000630,20000630,20071222,0,0,0,0,"",0,0
"Duiven","H","01","Eenmanszaak","01451","Fokken en houden van schapen","46493","GH kampeerartikelen (geen caravans)","5221","Dienstverlening voor vervoer over land","","",0,0,20000720,20000720,20040910,0,0,"",0,0
"Hoorn","H","41","Besloten vennootschap met gewone structuur","64303","Beleggingsinst. met beperkte toetreding","70221","Organisatie-adviesbureaus","90012","Producenten van podiumkunst","","",20000719,20000719,20150825,20000719,20150819,0,0,"",2016,20180501
"Tiel","H","01","Eenmanszaak","2599","Verv. overige producten van metaal","","","","","","",0,0,20000720,20000712,20201225,0,0,"",0,0
"Culemborg","H","01","Eenmanszaak","32501","Tandtechnische bedrijven","86919","Overige paramedische praktijken","","","","",0,0,20000720,19981012,0,0,0,"",0,0
"Geldermalsen","H","01","Eenmanszaak","4334","Schilderen en glaszetten","","","","","","",0,0,20170626,20000724,20170626,0,0,"",0,0
"Venray","","71","Vereniging met volledige rechtsbevoegdheid","94997","Overige belangenbehartiging (rest)","","","","","","",19920101,20000705,0,0,0,0,0,"",0,0
"Meijel","H","11","Vennootschap onder firma","4332","Bouwtimmeren","82999","Overige zakelijke dienstverlening (rest)","","","N","N",20010101,0,20000720,20000720,20200811,0,20010101,"",0,0
"Geldrop","H","41","Besloten vennootschap met gewone structuur","70221","Organisatie-adviesbureaus","","","","","N","N",20000714,20000714,20000719,20000714,0,0,0,"",2020,20210629
"Boxtel","H","01","Eenmanszaak","56101","Restaurants","","","","","N","N",0,0,20000720,20000720,0,0,20050401,"",0,0
"Uden","H","41","Besloten vennootschap met gewone structuur","6201","Ontwikkelen/produceren/uitgeven software","","","","","","",20000714,20000714,20000719,19941221,20201218,0,20000714,"",2020,20211108
"Herpen","","71","Vereniging met volledige rechtsbevoegdheid","93194","Supportersverenigingen (sport)","","","","","","",19820831,20000710,0,0,0,0,0,"",0,0
"Eindhoven","H","41","Besloten vennootschap met gewone structuur","6420","Financiële holdings","","","","","","",20070619,20070619,20000720,20000720,20030102,0,20070619,"",2019,20201230
"Den Hout","H","01","Eenmanszaak","4941","Goederenvervoer over weg (geen verhuiz.)","","","","","N","N",0,0,20010821,20000720,20051206,0,20040215,"",0,0
"Waalwijk","H","41","Besloten vennootschap met gewone structuur","4632","GH vlees(waren)/wild en gev. (niet lev.)","","","","","J","J",20000726,20000726,20000720,20000101,0,0,20000726,"",2021,20220509
"Waalwijk","H","01","Eenmanszaak","96022","Schoonheidsverzorging/pedi-/manicures","","","","","N","N",0,0,20000720,20000720,0,0,0,"",0,0
"Bosschenhoofd","H","01","Eenmanszaak","47593","Winkels art. woninginrichting alg. ass.","46901","Niet-gespec. GH in consumentenartikelen","","","J","J",0,0,20100112,20000701,20100101,0,20100101,"",0,0
"Goirle","H","41","Besloten vennootschap met gewone structuur","4941","Goederenvervoer over weg (geen verhuiz.)","5221","Dienstverlening voor vervoer over land","","","N","N",20060524,20060524,20000720,20000720,20071101,0,20060524,"",2021,20220509
"Amsterdam","H","01","Eenmanszaak","85592","Bedrijfsopleiding en -training","5814","Uitgeverijen van tijdschriften","","","N","N",0,0,20140204,20000201,20140124,0,0,"",0,0
"Ulvenhout","H","41","Besloten vennootschap met gewone structuur","6420","Financiële holdings","70221","Organisatie-adviesbureaus","","","N","N",20061017,20061017,20040614,20000720,20150201,0,20061017,"",2019,20210628
"Goes","H","11","Vennootschap onder firma","4311","Slopen van bouwwerken","46772","GH ijzer-/staalschroot/oude non.ferrom.","78202","Uitleenbureaus","N","N",20000701,0,20000720,20000701,20190523,0,0,"",0,0
"Sint-Maartensdijk","H","01","Eenmanszaak","45112","Handel/rep. personen-/lichte bedr.auto's","31011","Interieurbouw","","","N","N",0,0,20000720,19950901,0,0,20000601,"",0,0
"Zoeterwoude","H","41","Besloten vennootschap met gewone structuur","6201","Ontwikkelen/produceren/uitgeven software","6202","Advisering ohgv informatietechnologie","","","N","N",20000714,20000714,20211008,20000714,20211004,0,0,"",2020,20210520
"Rhoon","H","41","Besloten vennootschap met gewone structuur","6201","Ontwikkelen/produceren/uitgeven software","64303","Beleggingsinst. met beperkte toetreding","6420","Financiële holdings","N","N",20000717,20000717,20000720,20000717,0,0,0,"",2020,20211029
"Dordrecht","H","01","Eenmanszaak","43999","Overige gespec. werkz. in de bouw (rest)","","","","","N","N",0,0,20000720,20000720,20170315,0,0,"",0,0
"Rotterdam","H","41","Besloten vennootschap met gewone structuur","6420","Financiële holdings","","","","","N","N",20000713,20000713,20000720,20000713,20150414,0,0,"",2019,20201022
"De Lier","H","41","Besloten vennootschap met gewone structuur","6810","Handel in eigen onroerend goed","77399","Verh./lease ov.mach./werkt./ov. goederen","01132","Teelt van groenten onder glas","N","N",20000717,20000717,20120117,20000717,20110301,0,0,"",2020,20210512
"Doorwerth","H","41","Besloten vennootschap met gewone structuur","6420","Financiële holdings","","","","","","",20000718,20000718,20050125,20000718,20091101,0,0,"",2020,20210511
"Schiedam","H","01","Eenmanszaak","4726","Winkels in tabaksproducten","92001","Loterijen/kansspelen(geen amusem.autom.)","","","N","N",0,0,20000720,20000720,20000815,0,0,"",0,0
"Reeuwijk","H","41","Besloten vennootschap met gewone structuur","6832","Beheer van onroerend goed","70102","Holdings (geen financiële)","","","","",20000718,20000718,20000720,20000718,20190318,0,0,"",2021,20220607
"Capelle aan den IJssel","H","41","Besloten vennootschap met gewone structuur","7112","Ingenieurs/overig techn. ontwerp/advies","","","","","","",20000628,20000628,20000720,20000101,20211206,0,20000628,"",2020,20210525
"Etten-Leur","H","21","Commanditaire vennootschap","4652","GH elektronische/telecommunicatieapp.","","","","","J","J",20000712,0,20110401,20000712,20110401,0,0,"",0,0
"Dordrecht","H","41","Besloten vennootschap met gewone structuur","4652","GH elektronische/telecommunicatieapp.","","","","","J","J",20001228,20001228,20000720,20000720,0,0,20001228,"",2016,20171228
"Benthuizen","H","01","Eenmanszaak","45201","Auto-onderdelenservicebedrijven","45112","Handel/rep. personen-/lichte bedr.auto's","","","N","N",0,0,20081031,20000720,20160301,0,20081031,"",0,0
"Alblasserdam","H","41","Besloten vennootschap met gewone structuur","6201","Ontwikkelen/produceren/uitgeven software","","","","","N","N",20020528,20020528,20000720,20000701,20041201,0,20020528,"",2019,20200812
"Kampen","H","41","Besloten vennootschap met gewone structuur","9103","Monumentenzorg","","","","","","",20000718,20000718,20080623,20000718,20080618,0,0,"",2020,20210722
"'s-Gravenhage","H","01","Eenmanszaak","7810","Arbeidsbemiddeling","","","","","N","N",0,0,20000720,20000720,20211021,0,0,"",0,0
"Koudekerk aan den Rijn","H","01","Eenmanszaak","45112","Handel/rep. personen-/lichte bedr.auto's","","","","","N","N",0,0,20010228,20000720,20160901,0,0,"",0,0
"Wassenaar","H","11","Vennootschap onder firma","85592","Bedrijfsopleiding en -training","70221","Organisatie-adviesbureaus","6202","Advisering ohgv informatietechnologie","N","N",20000701,0,20000720,20000701,20010918,0,0,"",0,0
"Oegstgeest","H","01","Eenmanszaak","46499","GH ov. consumentenart. (non-food) (rest)","4666","GH kantoormachines (geen computers)","4665","Groothandel in bedrijfsmeubels","N","N",0,0,20000720,20000720,20220204,0,20060101,"",0,0
"Epe","","72","Vereniging met beperkte rechtsbevoegdheid","94919","Over. levensbeschouwelijke organisaties","","","","","","",20000715,20000715,0,0,0,0,0,"",0,0
"Naaldwijk","H","41","Besloten vennootschap met gewone structuur","4120","Algemene burgerlijke en utiliteitsbouw","","","","","","",20041231,20041231,20000720,20000720,20050301,0,20041231,"",2020,20211012
"'s-Gravenhage","H","01","Eenmanszaak","7112","Ingenieurs/overig techn. ontwerp/advies","70221","Organisatie-adviesbureaus","","","N","N",0,0,20000720,20000720,20140714,0,0,"",0,0
"Amsterdam","H","41","Besloten vennootschap met gewone structuur","70222","Advisering ohgv management/bedrijfsv.","69204","Belastingconsulenten","","","N","N",20000713,20000713,20211103,20000713,20211103,0,0,"",2021,20220518
"Broek op Langedijk","H","41","Besloten vennootschap met gewone structuur","70102","Holdings (geen financiële)","","","","","N","N",20000711,20000711,20030102,20000711,20210325,0,0,"",2020,20210827
"Papendrecht","","71","Vereniging met volledige rechtsbevoegdheid","94997","Overige belangenbehartiging (rest)","","","","","","",20000712,20000712,20151111,0,0,0,0,"",0,0
"Roelofarendsveen","H","41","Besloten vennootschap met gewone structuur","70102","Holdings (geen financiële)","","","","","N","N",20000714,20000714,20000720,20000714,20011114,0,0,"",2020,20211215
"Woubrugge","H","41","Besloten vennootschap met gewone structuur","70102","Holdings (geen financiële)","","","","","N","N",20000711,20000711,20000720,20000711,20220109,0,0,"",2021,20220520
"Hoogmade","","74","Stichting","88993","Lokaal welzijnswerk","","","","","","",20000629,20000629,0,0,0,0,0,"",0,0
"Voorhout","H","01","Eenmanszaak","5920","Maken en uitgeven van geluidsopnamen","47918","Internethandel overige non-food","9003","Schrijven en overige scheppende kunst","","",0,0,20000720,20000720,20190320,0,0,"",0,0
"Amsterdam","N","41","Besloten vennootschap met gewone structuur","47292","Winkels in natuurvoeding/reformartikelen","","","","","","",19920416,19920416,20000720,20000701,0,0,0,"",2020,20210527
"Houten","H","41","Besloten vennootschap met gewone structuur","66292","Pensioenadv.bureaus/beheer pensioenverm.","","","","","","",20000630,20000630,20000720,20000630,20100525,0,0,"",2020,20220105
"Utrecht","N","41","Besloten vennootschap met gewone structuur","46699","GH ov.mach./app./toeb. ind./handel","","","","","J","J",20000710,20000710,20000720,20000710,20080101,0,0,"",2022,0
"Haren Gn","H","41","Besloten vennootschap met gewone structuur","47716","Winkels in onderkleding, foundations ed.","","","","","","",20000816,20000816,20141201,20000701,20141201,0,20000816,"",2020,20220503
"Bilthoven","H","41","Besloten vennootschap met gewone structuur","68204","Verh. onroerend goed (niet v woonruimte)","43999","Overige gespec. werkz. in de bouw (rest)","","","","",20000714,20000714,20070227,20000714,20070223,0,0,"",2020,20210727
"Veenendaal","H","41","Besloten vennootschap met gewone structuur","45112","Handel/rep. personen-/lichte bedr.auto's","","","","","","",20000718,20000718,20000720,20000718,20170109,0,0,"",2020,20211103
"Vuren","H","01","Eenmanszaak","7430","Vertalers en tolken","","","","","","",0,0,20000720,20000720,20210515,0,0,"",0,0
"2490 Balen","H","41","Besloten vennootschap met gewone structuur","6420","Financiële holdings","","","","","","",20000913,20000913,20220415,20000101,20220401,0,20000913,"",2020,20220517
"Lopik","H","41","Besloten vennootschap met gewone structuur","6420","Financiële holdings","","","","","","",20000913,20000913,20000720,20000101,20160206,0,20000913,"",2012,20140701
"Bosch en Duin","H","51","Naamloze vennootschap met gewone structuur","6420","Financiële holdings","","","","","N","N",20000719,20000719,20181119,20000719,20181119,0,0,"",2019,20201003
"Almere","H","01","Eenmanszaak","6201","Ontwikkelen/produceren/uitgeven software","","","","","N","N",0,0,20101118,20000701,20100901,0,0,"",0,0
"Utrecht","H","21","Commanditaire vennootschap","64302","Beleggingsinstellingen in vaste activa","","","","","N","N",20000717,0,20051006,20000717,20051001,0,0,"",0,0
"Hoofddorp","H","41","Besloten vennootschap met gewone structuur","6312","Webportals","6201","Ontwikkelen/produceren/uitgeven software","","","N","N",20011228,20011228,20000720,20000701,20190813,0,20011228,"",2016,20180706
"Amsterdam","","74","Stichting","94996","Overige ideële organisaties (rest)","","","","","","",20000704,20000704,0,0,0,0,0,"",0,0
"Assendelft","H","41","Besloten vennootschap met gewone structuur","64302","Beleggingsinstellingen in vaste activa","","","","","N","N",20000714,20000714,20000720,20000714,20220101,0,0,"",2020,20220222
"Aalsmeer","","74","Stichting","6420","Financiële holdings","","","","","","",20000630,20000630,0,0,0,0,0,"",0,0
"Amsterdam","H","41","Besloten vennootschap met gewone structuur","6209","Ov. dienstv. act. ohgv informatietechn.","","","","","N","N",20010108,20010108,20000720,20000601,0,0,20010108,"",2020,20210806
"Zoetermeer","H","41","Besloten vennootschap met gewone structuur","6420","Financiële holdings","","","","","N","N",20000714,20000714,20220531,20000714,20220531,0,0,"",2020,20211125
"Rotterdam","H","41","Besloten vennootschap met gewone structuur","6202","Advisering ohgv informatietechnologie","","","","","N","N",20000705,20000705,20070730,20000705,20070720,0,0,"",2021,20220526
"Heemstede","H","41","Besloten vennootschap met gewone structuur","70102","Holdings (geen financiële)","64303","Beleggingsinst. met beperkte toetreding","","","N","N",20000531,20000531,20000720,20000531,20160315,0,0,"",2019,20201230
"IJmuiden","H","11","Vennootschap onder firma","9525","Reparatie van uurwerken en juweliersart.","93291","Jachthavens","","","N","N",20040101,0,20000720,20000720,0,0,20040101,"",0,0
"Weesp","H","01","Eenmanszaak","85522","Kunstzinnige vorming voor amateurs","90012","Producenten van podiumkunst","","","N","N",0,0,20020703,20000720,20020401,0,20001004,"",0,0
"Egmond-Binnen","","74","Stichting","94993","Steunfondsen (niet ohgv welzijnszorg)","","","","","","",20000705,20000705,0,0,0,0,0,"",0,0
"Egmond aan den Hoef","H","41","Besloten vennootschap met gewone structuur","70102","Holdings (geen financiële)","","","","","","",20000710,20000710,20000720,20000710,20070709,0,0,"",2020,20211208
"Volendam","H","11","Vennootschap onder firma","46499","GH ov. consumentenart. (non-food) (rest)","","","","","N","N",20000701,0,20000720,20000701,20000724,0,0,"",0,0
"Hippolytushoef","H","01","Eenmanszaak","9313","Fitnesscentra","43999","Overige gespec. werkz. in de bouw (rest)","","","N","N",0,0,20000720,20000701,20061110,0,20070101,"",0,0
"Almere","H","41","Besloten vennootschap met gewone structuur","6420","Financiële holdings","","","","","N","N",20000713,20000713,20000719,20000713,0,0,0,"",2021,20220409
"Almere","H","01","Eenmanszaak","74201","Fotografie","7311","Reclamebureaus","","","N","J",0,0,20000719,20000701,20210829,0,0,"",0,0
"Almere","","74","Stichting","88992","Maatschappelijk werk","","","","","","",20000718,20000718,0,0,0,0,0,"",0,0
"Bolsward","H","41","Besloten vennootschap met gewone structuur","45112","Handel/rep. personen-/lichte bedr.auto's","","","","","","",20000718,20000718,20000720,19850101,20020322,0,20000718,"",2020,20210603
"Haulerwijk","H","41","Besloten vennootschap met gewone structuur","70102","Holdings (geen financiële)","","","","","","",20000609,20000609,20000720,20000609,20210819,0,0,"",2020,20210913
"Burdaard","H","41","Besloten vennootschap met gewone structuur","6420","Financiële holdings","","","","","","",20000712,20000712,20000720,20000712,20040206,0,0,"",2020,20220411
"Akkrum","H","11","Vennootschap onder firma","50401","Binnenvaart (vrachtvaart)","","","","","","",20070101,0,20000721,20000728,20071026,0,20070101,"",0,0
"Sint Nicolaasga","H","01","Eenmanszaak","5629","Kantines en contractcatering","","","","","N","N",0,0,20000724,20000724,0,0,20031001,"",0,0
"Sneek","H","01","Eenmanszaak","8121","Interieurreiniging van gebouwen","","","","","","",0,0,20000721,20000630,20131107,0,0,"",0,0
"Groningen","H","41","Besloten vennootschap met gewone structuur","4110","Projectontwikkeling","","","","","N","N",20000718,20000718,20080428,20000718,20090703,0,0,"",2015,20170504
"Winschoten","H","41","Besloten vennootschap met gewone structuur","4321","Elektrotechnische bouwinstallatie","43221","Loodg.- en fitterswerk; inst. sanitair","4391","Dakdekken en bouwen van dakconstructies","","",20000720,20000720,20000721,19560701,20211028,0,20000720,"",2020,20210921
"Groningen","H","11","Vennootschap onder firma","96022","Schoonheidsverzorging/pedi-/manicures","","","","","N","N",20000720,0,20000724,20000720,0,0,0,"",0,0
"Beerta","H","01","Eenmanszaak","70221","Organisatie-adviesbureaus","","","","","","",0,0,20000724,20000724,20040101,0,0,"",0,0
"Groningen","H","01","Eenmanszaak","4120","Algemene burgerlijke en utiliteitsbouw","","","","","","",0,0,20000724,20000724,20010901,0,0,"",0,0
"Assen","H","41","Besloten vennootschap met gewone structuur","6420","Financiële holdings","","","","","N","N",20000609,20000609,20000721,20000609,20100401,0,0,"",2021,20220407
"Meppel","H","01","Eenmanszaak","9511","Reparatie van computers/randapparatuur","6202","Advisering ohgv informatietechnologie","","","","",0,0,20010704,20000724,20101101,0,20020729,"",0,0
"Een","H","61","Coöperatie","94997","Overige belangenbehartiging (rest)","","","","","","",19991101,19991101,20000724,19991101,0,0,0,"",2020,20211110
"Luttenberg","H","41","Besloten vennootschap met gewone structuur","70102","Holdings (geen financiële)","","","","","","",20000815,20000815,20000720,20000701,20030625,0,20000815,"",2020,20220425
"Nieuwleusen","H","41","Besloten vennootschap met gewone structuur","6420","Financiële holdings","","","","","N","N",20000811,20000811,20000720,20000701,20080801,0,20000811,"",2020,20211021
"Witharen","H","01","Eenmanszaak","0161","Dienstverl. akker- en/of tuinbouw","","","","","","",0,0,20000721,20000720,0,0,0,"",0,0
"Giethoorn","H","01","Eenmanszaak","70221","Organisatie-adviesbureaus","","","","","","",0,0,20000721,20000701,0,0,0,"",0,0
"Vollenhove","","71","Vereniging met volledige rechtsbevoegdheid","9492","Politieke organisaties","","","","","","",20000721,20000721,0,0,0,0,0,"",0,0
"Staphorst","H","41","Besloten vennootschap met gewone structuur","4311","Slopen van bouwwerken","","","","","","",20010514,20010514,20000720,20000701,0,0,20010514,"",2020,20210519
"Zuidveen","","71","Vereniging met volledige rechtsbevoegdheid","9002","Dienstverlening voor uitvoerende kunst","","","","","","",19541000,0,0,0,0,0,0,"",0,0
"Zwolle","H","41","Besloten vennootschap met gewone structuur","6420","Financiële holdings","","","","","","",20000717,20000717,20000721,20000717,20040805,0,0,"",2021,20220524
"Agelo","H","01","Eenmanszaak","90011","Beoefening van podiumkunst","","","","","N","N",0,0,20000720,20000720,0,0,0,"",0,0
"Oldenzaal","","74","Stichting","94996","Overige ideële organisaties (rest)","","","","","","",20000718,20000718,0,0,0,0,0,"",0,0
"Urk","H","41","Besloten vennootschap met gewone structuur","6420","Financiële holdings","","","","","N","N",20000717,20000717,20170330,20000717,20190924,0,0,"",2020,20210528
"Apeldoorn","H","41","Besloten vennootschap met gewone structuur","7712","Verh./lease vrachtw./autob./car./aanh.","","","","","N","N",20000718,20000718,20000720,20000718,20000718,0,0,"",2021,20220405
"Eerbeek","H","01","Eenmanszaak","96022","Schoonheidsverzorging/pedi-/manicures","74201","Fotografie","","","N","N",0,0,20000720,20000601,0,0,0,"",0,0
"Hengelo","H","01","Eenmanszaak","45311","GH/HB auto-ond./-access. (geen banden)","","","","","J","J",0,0,20000720,20000720,20180424,0,0,"",0,0
"Groessen","","74","Stichting","90011","Beoefening van podiumkunst","","","","","","",20000719,20000719,0,0,0,0,0,"",0,0
"Rijssen","H","41","Besloten vennootschap met gewone structuur","6420","Financiële holdings","","","","","N","N",20000630,20000630,20000721,20000630,0,0,0,"",2021,20220228
"Haaksbergen","H","41","Besloten vennootschap met gewone structuur","6420","Financiële holdings","","","","","N","N",20000720,20000720,20000721,20000720,20201230,0,0,"",2020,20211228
"Brummen","H","74","Stichting","8891","Kinderopvang","","","","","N","N",20000720,20000720,20110112,20081229,0,0,0,"",0,0
"Brummen","H","41","Besloten vennootschap met gewone structuur","4651","GH computers, randapparatuur en software","46721","Groothandel in metaalertsen","","","J","J",20000821,20000821,20000721,20000101,0,0,20000821,"",2020,20210604
"Enschede","","71","Vereniging met volledige rechtsbevoegdheid","6832","Beheer van onroerend goed","","","","","","",20000628,20000628,0,0,0,0,0,"",0,0
"Brummen","H","41","Besloten vennootschap met gewone structuur","55102","Hotels (geen hotel-rest.)/pens./conf.o.","","","","","N","N",20000925,20000925,20140412,20000719,20150115,0,20000925,"",2020,20211223
"Barneveld","H","41","Besloten vennootschap met gewone structuur","6420","Financiële holdings","","","","","N","N",20041126,20041126,20000721,20000721,20190902,0,20041126,"",2021,20220425
"Hengelo","H","41","Besloten vennootschap met gewone structuur","6420","Financiële holdings","","","","","N","N",20000720,20000720,20000724,20000720,20051122,0,0,"",2020,20211125
"Hengelo","H","41","Besloten vennootschap met gewone structuur","0150","Akker-/tuinbouw icm fokken/houden dieren","6832","Beheer van onroerend goed","4110","Projectontwikkeling","","",20000720,20000720,20000724,20000720,20051122,0,0,"",2020,20210806
"Enschede","H","41","Besloten vennootschap met gewone structuur","56101","Restaurants","","","","","N","N",20080529,20080529,20000724,20000724,0,0,20080529,"",2021,20220208
"Winterswijk","H","01","Eenmanszaak","46772","GH ijzer-/staalschroot/oude non.ferrom.","4120","Algemene burgerlijke en utiliteitsbouw","93146","Sportscholen","","",0,0,20000720,20000101,20210825,0,0,"",0,0
"Orvelte","","71","Vereniging met volledige rechtsbevoegdheid","94993","Steunfondsen (niet ohgv welzijnszorg)","","","","","","",20000719,20000719,0,0,0,0,0,"",0,0
"Gaanderen","H","41","Besloten vennootschap met gewone structuur","43222","Inst. verwarmings-/luchtbehandelingsapp.","43221","Loodg.- en fitterswerk; inst. sanitair","4391","Dakdekken en bouwen van dakconstructies","","",20000720,20000720,20000720,20000721,20120702,0,0,"",2021,20220616
"Zevenaar","H","01","Eenmanszaak","5920","Maken en uitgeven van geluidsopnamen","","","","","","",0,0,20000721,20000721,20000721,0,0,"",0,0
"Wijchen","","74","Stichting","90011","Beoefening van podiumkunst","","","","","","",20000718,20000718,0,0,0,0,0,"",0,0
"Toldijk","H","01","Eenmanszaak","2620","Verv. computers en randapparatuur","","","","","","",0,0,20000721,20000601,20090801,0,0,"",0,0
"Ewijk","H","01","Eenmanszaak","96021","Haarverzorging","","","","","","",0,0,20000724,20000801,20211001,0,0,"",0,0
"Arnhem","H","41","Besloten vennootschap met gewone structuur","6201","Ontwikkelen/produceren/uitgeven software","","","","","","",20000914,20000914,20000724,20000801,20090617,0,20000914,"",2020,20211223
"Voorburg","H","01","Eenmanszaak","70221","Organisatie-adviesbureaus","","","","","","",0,0,20060502,20000801,20060501,0,0,"",0,0
"Ede","H","41","Besloten vennootschap met gewone structuur","43221","Loodg.- en fitterswerk; inst. sanitair","43222","Inst. verwarmings-/luchtbehandelingsapp.","","","","",20060529,20060529,20000724,20000801,20060529,0,20060529,"",2020,20210803
"Wageningen","H","01","Eenmanszaak","4120","Algemene burgerlijke en utiliteitsbouw","","","","","","",0,0,20000724,20000801,0,0,0,"",0,0
"Nijmegen","H","01","Eenmanszaak","8121","Interieurreiniging van gebouwen","","","","","","",0,0,20000724,20000801,20190913,0,0,"",0,0
"Haarlem","H","41","Besloten vennootschap met gewone structuur","4110","Projectontwikkeling","","","","","","",20000721,20000721,20150729,20000721,20151130,0,0,"",2020,20211022
"Wageningen","H","41","Besloten vennootschap met gewone structuur","6420","Financiële holdings","","","","","","",20000719,20000719,20000724,20000719,0,0,0,"",2020,20211208
"Arnhem","H","01","Eenmanszaak","96021","Haarverzorging","","","","","N","N",0,0,20000724,20000801,20040114,0,0,"",0,0
"Elst","H","01","Eenmanszaak","4329","Overige bouwinstallatie","","","","","","",0,0,20000724,20000801,20040830,0,0,"",0,0
"Breedenbroek","H","11","Vennootschap onder firma","69203","Boekhoudkantoren","69204","Belastingconsulenten","","","","",19980101,0,20000724,19980101,0,0,0,"",0,0
"Wekerom","H","01","Eenmanszaak","4120","Algemene burgerlijke en utiliteitsbouw","","","","","","",0,0,20000724,20000801,20040805,0,0,"",0,0
"Wijchen","H","11","Vennootschap onder firma","1723","Verv. kantoorbenodigdheden van papier","","","","","","",20000725,0,20000724,19901107,20040622,0,20000725,"",0,0
"Wageningen","H","01","Eenmanszaak","94995","Overk. organen (niet ohgv welzijn/sport)","","","","","","",0,0,20000724,20000801,20171212,0,0,"",0,0
"Hengelo (Gld)","H","01","Eenmanszaak","93299","Ov. recreatie (rest)(geen jachthavens)","","","","","","",0,0,20080117,20000801,0,0,0,"",0,0
"Driel","H","11","Vennootschap onder firma","45204","Carrosserieherstel","","","","","","",20050101,0,20000724,20000801,0,0,20050101,"",0,0
"Lathum","H","01","Eenmanszaak","96022","Schoonheidsverzorging/pedi-/manicures","","","","","","",0,0,20000724,20000801,20190407,0,0,"",0,0
"Bennekom","H","01","Eenmanszaak","4120","Algemene burgerlijke en utiliteitsbouw","","","","","","",0,0,20000724,20000801,0,0,0,"",0,0
"Rossum","H","41","Besloten vennootschap met gewone structuur","78201","Uitzendbureaus","7021","Adviesbureaus publ. relations en comm.","","","","",20000829,20000829,20000721,20000601,20190812,0,20000829,"",2020,20210705
"Eck en Wiel","H","01","Eenmanszaak","01241","Teelt van appels en peren","0161","Dienstverl. akker- en/of tuinbouw","47789","Winkels gespec. in overige art. (rest)","","",0,0,20140412,20000701,20040717,0,0,"",0,0
"Gorinchem","","74","Stichting","9002","Dienstverlening voor uitvoerende kunst","","","","","","",20000720,20000720,0,0,0,0,0,"",0,0
"Dreumel","H","41","Besloten vennootschap met gewone structuur","64301","Beleggingsinstell. in financiële activa","7490","Overige special. zakelijke dienstverl.","","","","",20001027,20001027,20160418,20000501,20160402,0,20001027,"",2016,20171229
"Heerewaarden","H","01","Eenmanszaak","4332","Bouwtimmeren","78202","Uitleenbureaus","","","","",0,0,20000724,20000731,0,0,0,"",0,0
"Tiel","H","01","Eenmanszaak","96021","Haarverzorging","","","","","","",0,0,20000724,20000801,0,0,0,"",0,0
"Harderwijk","H","01","Eenmanszaak","6202","Advisering ohgv informatietechnologie","","","","","","",0,0,20181101,20000801,20181101,0,0,"",0,0
"Druten","H","01","Eenmanszaak","4332","Bouwtimmeren","","","","","","",0,0,20211014,20000801,20211001,0,0,"",0,0
"Dreumel","H","01","Eenmanszaak","4332","Bouwtimmeren","","","","","","",0,0,20000724,20000801,20200814,0,0,"",0,0
"Gorinchem","H","01","Eenmanszaak","4334","Schilderen en glaszetten","","","","","","",0,0,20000724,20000801,20200228,0,0,"",0,0
"Gaanderen","H","41","Besloten vennootschap met gewone structuur","70221","Organisatie-adviesbureaus","85592","Bedrijfsopleiding en -training","","","N","N",20000821,20000821,20201109,20000801,20201101,0,20000821,"",2020,20210422
"Naarden","H","41","Besloten vennootschap met gewone structuur","86231","Praktijken van tandartsen","","","","","N","N",20000817,20000817,20190820,20000801,20190711,0,20000817,"",2020,20220125
"Beusichem","H","41","Besloten vennootschap met gewone structuur","78202","Uitleenbureaus","70221","Organisatie-adviesbureaus","","","","",20000915,20000915,20000724,20000801,20150427,0,20000915,"",2020,20220329
"Tegelen","H","41","Besloten vennootschap met gewone structuur","56102","Fastfoodrest, cafet, ijssal, eetkr e.d.","47911","Internethandel voeding en drogisterij","","","N","N",20000807,20000807,20000721,20000701,0,0,20000807,"",2019,20210308
"Belfeld","H","41","Besloten vennootschap met gewone structuur","6420","Financiële holdings","","","","","N","N",20000706,20000706,20000721,20000706,20070101,0,0,"",2020,20210930
"Belfeld","H","41","Besloten vennootschap met gewone structuur","6420","Financiële holdings","","","","","N","N",20000706,20000706,20000721,20000706,20161212,0,0,"",2020,20220601
"Reuver","H","41","Besloten vennootschap met gewone structuur","6420","Financiële holdings","","","","","N","N",20000706,20000706,20000721,20000706,0,0,0,"",2020,20210824
"Venlo","H","41","Besloten vennootschap met gewone structuur","6420","Financiële holdings","","","","","N","N",20000707,20000707,20000721,20000707,20001101,0,0,"",2020,20211030
"Montfort","H","01","Eenmanszaak","33123","Rep./onderh. machines specif.bedrijfstak","","","","","N","N",0,0,20000721,20000701,20150201,0,0,"",0,0
"Herten","H","41","Besloten vennootschap met gewone structuur","4321","Elektrotechnische bouwinstallatie","","","","","N","N",20000630,20000630,20000721,20000630,20210218,0,0,"",2020,20210127
"Heythuysen","H","01","Eenmanszaak","90011","Beoefening van podiumkunst","","","","","N","N",0,0,20000724,20000724,0,0,0,"",0,0
"Maastricht","H","01","Eenmanszaak","4334","Schilderen en glaszetten","","","","","N","N",0,0,20000721,20000101,20010201,0,0,"",0,0
"Stein","H","41","Besloten vennootschap met gewone structuur","47525","Winkels in keukens","47527","Winkels gespec. in ov. doe-het-zelf-art.","","","J","J",20000719,20000719,20000721,20000719,20170821,0,0,"",2020,20210705
"Maastricht","","74","Stichting","9002","Dienstverlening voor uitvoerende kunst","","","","","","",20000719,20000719,0,0,0,0,0,"",0,0
"Vaals","H","01","Eenmanszaak","71111","Architecten","","","","","N","N",0,0,20000721,19991001,20101221,0,0,"",0,0
"Stein","H","41","Besloten vennootschap met gewone structuur","6420","Financiële holdings","","","","","N","N",20000719,20000719,20000724,20000719,20170801,0,0,"",2020,20220308
"Nijmegen","H","41","Besloten vennootschap met gewone structuur","7112","Ingenieurs/overig techn. ontwerp/advies","78202","Uitleenbureaus","","","N","N",20020124,20020124,20130703,20000501,20130703,0,20020124,"",2020,20220310
"Borne","N","41","Besloten vennootschap met gewone structuur","47221","Winkels in vlees en vleeswaren","","","","","","",19771229,19771229,20000720,20000619,0,0,0,"",2020,0
"Drunen","H","41","Besloten vennootschap met gewone structuur","2651","Verv. meet-/regel-/navigatie-/contr.app,","","","","","","",20000711,20000711,20030416,20000711,20210622,0,0,"",2020,20211110
"Veldhoven","","71","Vereniging met volledige rechtsbevoegdheid","88999","Overig maatsch.adv./gemeenschapshuizen","","","","","","",20000712,20000712,0,0,0,0,0,"",0,0
"Horst","H","41","Besloten vennootschap met gewone structuur","70221","Organisatie-adviesbureaus","","","","","","",20000829,20000829,20160111,20000718,20220202,0,20000829,"",2020,20211008
"Sint-Oedenrode","H","41","Besloten vennootschap met gewone structuur","45112","Handel/rep. personen-/lichte bedr.auto's","","","","","","",20000718,20000718,20000719,20000718,20050215,0,0,"",2020,20211224
"Eindhoven","H","41","Besloten vennootschap met gewone structuur","6420","Financiële holdings","93129","Overige buitensport","","","N","N",20000718,20000718,20000720,20000718,20010814,0,0,"",2020,20210517
"Cuijk","","74","Stichting","94911","Religieuze organisaties","","","","","","",20000706,20000706,0,0,0,0,0,"",0,0
"Eindhoven","H","41","Besloten vennootschap met gewone structuur","6420","Financiële holdings","93129","Overige buitensport","","","","",20000718,20000718,20000720,20000718,20010814,0,0,"",2020,20210517
"'s-Gravenhage","H","01","Eenmanszaak","85519","Overig sport- en recreatieonderwijs","","","","","J","J",0,0,20060123,20000101,20120717,0,20020630,"",0,0
"Heeze","H","41","Besloten vennootschap met gewone structuur","6810","Handel in eigen onroerend goed","","","","","","",20000718,20000718,20000721,20000718,20201201,0,0,"",2020,20210810
"'s-Hertogenbosch","H","01","Eenmanszaak","9003","Schrijven en overige scheppende kunst","7311","Reclamebureaus","","","","",0,0,20000721,20000701,0,0,0,"",0,0
"Waalre","H","41","Besloten vennootschap met gewone structuur","70221","Organisatie-adviesbureaus","6420","Financiële holdings","","","","",20000719,20000719,20000721,20000719,0,0,0,"",2020,20220127
"Veghel","H","41","Besloten vennootschap met gewone structuur","6420","Financiële holdings","0111","Teelt granen/peulvruchten/olieh. zaden","6832","Beheer van onroerend goed","N","N",20000719,20000719,20000721,20000719,0,0,0,"",2020,20211029
"Den Dungen","H","41","Besloten vennootschap met gewone structuur","6420","Financiële holdings","","","","","","",20000714,20000714,20000720,20000714,0,0,0,"",2020,20210621
"Sint-Michielsgestel","H","01","Eenmanszaak","4120","Algemene burgerlijke en utiliteitsbouw","6831","Bemidd. bij handel/huur/verhuur onr.goed","4312","Grondverzet","N","N",0,0,20000724,20000801,20081031,0,0,"",0,0
"Waalwijk","H","41","Besloten vennootschap met gewone structuur","69209","Overige administratiekantoren","","","","","N","N",20000918,20000918,20000724,20000713,20210218,0,20000918,"",2020,20211025
"Eindhoven","H","41","Besloten vennootschap met gewone structuur","7740","Lease niet-financiële immateriële activa","","","","","","",20001128,20001128,20040708,20000701,20040701,0,20001128,"",2021,20220316
"Lage Zwaluwe","H","41","Besloten vennootschap met gewone structuur","5030","Binnenvaart (passagiersvaart/veerd.)","","","","","","",20000720,20000720,20080104,20000720,20070101,0,0,"",2020,20211021
"Tilburg","H","41","Besloten vennootschap met gewone structuur","6420","Financiële holdings","","","","","","",20000719,20000719,20000721,20000719,20120402,0,0,"",2020,20210727
"Bavel","H","41","Besloten vennootschap met gewone structuur","68204","Verh. onroerend goed (niet v woonruimte)","6420","Financiële holdings","","","N","N",20080523,20080523,20071222,20000721,20101222,0,20080523,"",2020,20220117
"Tilburg","H","41","Besloten vennootschap met gewone structuur","4932","Vervoer per taxi","49391","Ongeregeld personenvervoer over de weg","","","","",20000915,20000915,20000724,20000724,20110215,0,20000915,"",2021,0
"Waalwijk","H","01","Eenmanszaak","96022","Schoonheidsverzorging/pedi-/manicures","","","","","N","N",0,0,20000724,20000724,20100416,0,0,"",0,0
"Dussen","","71","Vereniging met volledige rechtsbevoegdheid","90011","Beoefening van podiumkunst","","","","","","",20000721,20000721,0,0,0,0,0,"",0,0
"Sprang-Capelle","H","01","Eenmanszaak","70222","Advisering ohgv management/bedrijfsv.","","","","","","",0,0,20000724,20000724,0,0,0,"",0,0
"Teteringen","H","01","Eenmanszaak","6312","Webportals","","","","","N","N",0,0,20000721,20000721,20180804,0,0,"",0,0
"Rucphen","H","41","Besloten vennootschap met gewone structuur","70102","Holdings (geen financiële)","","","","","N","N",20001108,20001108,20000724,20000701,0,0,20001120,"",2020,20210618
"St. Willebrord","H","41","Besloten vennootschap met gewone structuur","70102","Holdings (geen financiële)","","","","","","",20001108,20001108,20000724,20000701,0,0,20001108,"",2020,20210615
"Breda","H","01","Eenmanszaak","9523","Reparatie van schoenen en lederwaren","47721","Winkels in schoenen","","","","",0,0,20000724,20000724,20041011,0,0,"",0,0
"Sprundel","H","41","Besloten vennootschap met gewone structuur","4941","Goederenvervoer over weg (geen verhuiz.)","","","","","","",20001108,20001108,20000724,20000701,0,0,20001108,"",2021,20220520
"Bruinisse","H","41","Besloten vennootschap met gewone structuur","46382","GH vis, schaal- en weekdieren","47819","Markthandel overige voedings- en genotm.","","","","",20000717,20000717,20000724,20000717,20200630,0,0,"",2020,20220614
"Roosendaal","H","01","Eenmanszaak","8553","Auto- en motorrijscholen","7721","Verhuur van sport- en recreatieartikelen","4634","Groothandel in dranken (geen zuivel)","J","J",0,0,20000724,20000101,20050706,0,0,"",0,0
"Roosendaal","H","01","Eenmanszaak","4331","Stukadoren","","","","","","",0,0,20000724,20000605,20171121,0,0,"",0,0
"Roosendaal","H","11","Vennootschap onder firma","56101","Restaurants","","","","","","",20000701,0,20000724,20000701,20070101,0,0,"",0,0
"Langeweg","","74","Stichting","93299","Ov. recreatie (rest)(geen jachthavens)","","","","","","",20000718,20000718,0,0,0,0,0,"",0,0
"Borssele","H","41","Besloten vennootschap met gewone structuur","45192","Handel/rep. zwaardere bedrijfsauto's","45204","Carrosserieherstel","45112","Handel/rep. personen-/lichte bedr.auto's","N","J",20000719,20000719,20000722,20000719,0,0,0,"",2020,20220124
"Kortgene","H","01","Eenmanszaak","70221","Organisatie-adviesbureaus","69102","Rechtskundige adviesbureaus","","","N","N",0,0,20000721,20000701,0,0,0,"",0,0
"Colijnsplaat","H","01","Eenmanszaak","47916","Internethandel in vrijetijdsartikelen","86921","Gezondheidscentra","6202","Advisering ohgv informatietechnologie","N","N",0,0,20000721,20000721,0,0,0,"",0,0
"'s-Heer Arendskerke","H","01","Eenmanszaak","43999","Overige gespec. werkz. in de bouw (rest)","","","","","N","N",0,0,20000724,20000801,20080101,0,0,"",0,0
"Oosterland","H","01","Eenmanszaak","96022","Schoonheidsverzorging/pedi-/manicures","","","","","N","N",0,0,20000724,20000801,20011101,0,0,"",0,0
"Goes","H","11","Vennootschap onder firma","45203","Reparatie van specifieke auto-onderdelen","4532","DH in auto-onderdelen en -accessoires","45311","GH/HB auto-ond./-access. (geen banden)","J","N",20070701,0,20000724,20000724,20150710,0,20070701,"",0,0
"Middelburg","H","41","Besloten vennootschap met gewone structuur","4110","Projectontwikkeling","","","","","N","N",20000911,0,20000724,20000720,20070124,0,20000911,"",2020,20211224
"Schiedam","H","41","Besloten vennootschap met gewone structuur","45112","Handel/rep. personen-/lichte bedr.auto's","","","","","N","N",19900531,19900531,20000721,20000503,0,0,0,"",2020,20211102
"Ridderkerk","H","41","Besloten vennootschap met gewone structuur","6420","Financiële holdings","","","","","N","N",20000807,20000807,20000721,20000719,20210801,0,20000807,"",2018,20200206
"Zwijndrecht","H","41","Besloten vennootschap met gewone structuur","6420","Financiële holdings","","","","","N","N",20001031,20001031,20000721,20000101,20180910,0,20001031,"",2020,20210930
"Rotterdam","H","41","Besloten vennootschap met gewone structuur","6420","Financiële holdings","","","","","N","N",20000718,20000718,20000721,20000718,20000718,0,0,"",2020,20211125
"Bleiswijk","H","41","Besloten vennootschap met gewone structuur","47914","Internethandel kleding, mode-artikelen","9525","Reparatie van uurwerken en juweliersart.","47919","Internethandel alg.assortiment non-food","N","N",20001031,20001031,20220104,20000101,20220103,0,20001031,"",2019,20210204
"Son en Breugel","H","41","Besloten vennootschap met gewone structuur","6420","Financiële holdings","","","","","N","N",20000707,20000707,20060223,20000707,20131129,0,0,"",2020,20210624
"Ammerstol","","74","Stichting","93127","Auto- en motorsport","","","","","","",20000623,20000623,0,0,0,0,0,"",0,0
"Giethoorn","H","41","Besloten vennootschap met gewone structuur","70222","Advisering ohgv management/bedrijfsv.","91012","Kunstuitleencentra","47783","Winkels in schilderijen/kunstvoorwerpen","","",20030715,20030715,20180621,20000715,20180531,0,20030715,"",2020,20220603
"Rotterdam","H","41","Besloten vennootschap met gewone structuur","6420","Financiële holdings","70221","Organisatie-adviesbureaus","","","","",20000809,20000809,20000721,20000501,20180101,0,20000809,"",2020,20210824
"Rotterdam","H","01","Eenmanszaak","4932","Vervoer per taxi","4941","Goederenvervoer over weg (geen verhuiz.)","","","N","N",0,0,20000721,20000721,20201021,0,0,"",0,0
"Lekkerkerk","H","01","Eenmanszaak","6201","Ontwikkelen/produceren/uitgeven software","6202","Advisering ohgv informatietechnologie","","","N","N",0,0,20000721,20000714,20081223,0,0,"",0,0
"Middelharnis","H","41","Besloten vennootschap met gewone structuur","43999","Overige gespec. werkz. in de bouw (rest)","46901","Niet-gespec. GH in consumentenartikelen","","","J","J",20041129,20041129,20000721,20000701,20220301,0,20041130,"",2020,20210531
"Streefkerk","H","41","Besloten vennootschap met gewone structuur","6420","Financiële holdings","","","","","N","N",20000823,20000823,20000721,20000719,20010215,0,20000823,"",2021,20220516
"Alblasserdam","H","41","Besloten vennootschap met gewone structuur","68204","Verh. onroerend goed (niet v woonruimte)","","","","","","",20000720,20000720,20000721,20000720,20140101,0,0,"",2020,20220214
"Schiedam","H","41","Besloten vennootschap met gewone structuur","7112","Ingenieurs/overig techn. ontwerp/advies","78202","Uitleenbureaus","","","N","N",20020528,20020528,20000721,20000721,20021125,0,20020528,"",2020,20211103
"Maasdam","","72","Vereniging met beperkte rechtsbevoegdheid","94991","Gezelligheidsverenigingen","","","","","","",19481015,0,0,0,0,0,0,"",0,0
"Herkingen","H","01","Eenmanszaak","4120","Algemene burgerlijke en utiliteitsbouw","","","","","","",0,0,20000721,20000721,20040701,0,0,"",0,0
"Huizen","H","41","Besloten vennootschap met gewone structuur","70221","Organisatie-adviesbureaus","","","","","N","N",20000908,20000908,20200724,20000724,20200720,0,20000908,"",2019,20201213
"Rotterdam","","74","Stichting","94993","Steunfondsen (niet ohgv welzijnszorg)","","","","","","",20000714,20000714,0,0,0,0,0,"",0,0
"Rotterdam","H","01","Eenmanszaak","96021","Haarverzorging","47999","DH via overige distributievormen","96022","Schoonheidsverzorging/pedi-/manicures","N","N",0,0,20000724,20000724,0,0,20010805,"",0,0
"Krimpen aan de Lek","H","41","Besloten vennootschap met gewone structuur","6420","Financiële holdings","","","","","N","N",20000616,20000616,20000724,20000616,20190601,0,0,"",2021,20220309
"Papendrecht","H","01","Eenmanszaak","4120","Algemene burgerlijke en utiliteitsbouw","","","","","N","N",0,0,20000724,20000801,20181128,0,20030101,"",0,0
"Lekkerkerk","H","41","Besloten vennootschap met gewone structuur","7911","Reisbemiddeling","6420","Financiële holdings","","","","",20000718,20000718,20000724,20000718,20190823,0,0,"",2020,20210916
"Voorschoten","","72","Vereniging met beperkte rechtsbevoegdheid","94991","Gezelligheidsverenigingen","","","","","","",19940401,0,0,0,0,0,0,"",0,0
"Voorburg","H","41","Besloten vennootschap met gewone structuur","64923","Participatiemaatschappijen","","","","","N","N",20000714,20000714,20000718,20000714,20030401,0,0,"",2020,20220614
"'s-Gravenhage","H","41","Besloten vennootschap met gewone structuur","6420","Financiële holdings","","","","","N","N",20000830,20000830,20000718,20000701,0,0,20000830,"",2018,20200724
"Ter Apel","","74","Stichting","78203","Banenpools (werkgelegenheidsprojecten)","","","","","","",20000712,20000712,0,0,0,0,0,"",0,0
"Rijswijk","H","41","Besloten vennootschap met gewone structuur","6202","Advisering ohgv informatietechnologie","","","","","","",20001103,20001103,20000719,20000701,20190202,0,20001103,"",2020,20211124
"Rijswijk","H","41","Besloten vennootschap met gewone structuur","6420","Financiële holdings","","","","","","",20000705,20000705,20000719,20000705,20200101,0,0,"",2020,20220118
"Blije","","71","Vereniging met volledige rechtsbevoegdheid","01471","Opfokken en/of houden van leghennen","","","","","","",19760111,19760111,0,0,0,0,0,"",0,0
"'s-Gravenhage","H","01","Eenmanszaak","9002","Dienstverlening voor uitvoerende kunst","7430","Vertalers en tolken","","","N","N",0,0,20000720,20000701,20220501,0,0,"",0,0
"'s-Gravenhage","H","01","Eenmanszaak","74201","Fotografie","","","","","N","N",0,0,20000720,20000718,0,0,0,"",0,0
"Nijmegen","","74","Stichting","94997","Overige belangenbehartiging (rest)","","","","","","",20000708,20000708,0,0,0,0,0,"",0,0
"Haarlem","","74","Stichting","94993","Steunfondsen (niet ohgv welzijnszorg)","","","","","","",20000713,20000713,0,0,0,0,0,"",0,0
"Poeldijk","H","01","Eenmanszaak","74103","Interieur- en ruimtelijk ontwerp","","","","","N","N",0,0,20000721,20000721,20160521,0,0,"",0,0
"'s-Gravenhage","H","01","Eenmanszaak","4741","Winkels in computers/randapp./software","71112","Interieurarchitecten","","","N","N",0,0,20000721,20000501,20040727,0,0,"",0,0
"Nieuwleusen","H","41","Besloten vennootschap met gewone structuur","7112","Ingenieurs/overig techn. ontwerp/advies","","","","","N","N",20000719,20000719,20050527,20000719,20050527,0,0,"",2020,20210705
"'s-Gravenhage","H","01","Eenmanszaak","85599","Studiebegeleiding/vorming/onderwijs","47793","Winkels tweedeh. goederen (geen kleding)","86913","Praktijken van psychotherapeuten/-logen","N","J",0,0,20000724,20000801,0,0,0,"",0,0
"Lage Zwaluwe","H","01","Eenmanszaak","8010","Particuliere beveiliging","9313","Fitnesscentra","","","N","N",0,0,20200127,20000724,20200110,0,0,"",0,0
"Leiden","H","01","Eenmanszaak","56101","Restaurants","","","","","N","N",0,0,20000928,19990401,0,0,20000922,"",0,0
"Leiden","H","41","Besloten vennootschap met gewone structuur","3030","Verv. vliegtuigen en onderdelen daarvoor","6201","Ontwikkelen/produceren/uitgeven software","6420","Financiële holdings","J","J",20000728,20000728,20000919,19080207,20090101,0,20000829,"",2020,20210802
"Noordwijkerhout","H","01","Eenmanszaak","47891","Markthandel bloemen/planten/zaden/tuinb.","","","","","N","N",0,0,20000724,20000724,20060420,0,0,"",0,0
"Heerhugowaard","H","01","Eenmanszaak","43999","Overige gespec. werkz. in de bouw (rest)","","","","","N","N",0,0,20011127,20000724,20130101,0,0,"",0,0
"Zeist","H","11","Vennootschap onder firma","70221","Organisatie-adviesbureaus","","","","","","",20000701,0,20000721,20000701,0,0,0,"",0,0
"Lage Zwaluwe","H","01","Eenmanszaak","43999","Overige gespec. werkz. in de bouw (rest)","","","","","","",0,0,20210222,20000721,20220204,0,0,"",0,0
"Utrecht","H","41","Besloten vennootschap met gewone structuur","66191","Admin.kantoren voor aandelen/obligaties","","","","","","",20000717,20000717,20000721,20000717,20010401,0,0,"",2020,20220128
"Veenendaal","","71","Vereniging met volledige rechtsbevoegdheid","94911","Religieuze organisaties","","","","","","",20000619,20000619,0,0,0,0,0,"",0,0
"Zeewolde","H","41","Besloten vennootschap met gewone structuur","1042","Verv. margarine en overige spijsvetten","6420","Financiële holdings","1084","Verv. specerijen/sauzen/kruiderij/zoutr.","","",20000918,20000918,20050901,20000712,20050101,0,20000918,"",2021,0
"Rotterdam","H","41","Besloten vennootschap met gewone structuur","64923","Participatiemaatschappijen","","","","","N","N",20001229,20001229,20130801,20000701,20190101,0,20001229,"",2021,20211125
"Vianen","H","01","Eenmanszaak","2593","Verv. art. van draad/kettingen/veren","","","","","","",0,0,20000721,20000724,0,0,0,"",0,0
"Wijk bij Duurstede","H","01","Eenmanszaak","70222","Advisering ohgv management/bedrijfsv.","","","","","","",0,0,20000724,20000801,20081001,0,0,"",0,0
"Heeten","H","41","Besloten vennootschap met gewone structuur","70221","Organisatie-adviesbureaus","","","","","","",20000831,20000831,20111103,20000601,20200801,0,20000831,"",2020,20220301
"Bilthoven","H","01","Eenmanszaak","69202","Accountants-administratieconsulenten","","","","","N","N",0,0,20080418,20000721,20180101,0,0,"",0,0
"Weesp","H","01","Eenmanszaak","4120","Algemene burgerlijke en utiliteitsbouw","","","","","","",0,0,20000721,20000721,0,0,0,"",0,0
"Amsterdam","H","41","Besloten vennootschap met gewone structuur","6420","Financiële holdings","","","","","","",20000720,20000720,20180102,20000720,20180101,0,0,"",2020,20210810
"Lelystad","H","41","Besloten vennootschap met gewone structuur","6622","Assurantietussenpersonen","","","","","","",20000922,20000922,20000721,20000721,20220601,0,20000922,"",2020,20211108
"Lelystad","H","41","Besloten vennootschap met gewone structuur","6420","Financiële holdings","4120","Algemene burgerlijke en utiliteitsbouw","","","","",20000922,20000922,20000721,20000721,20210715,0,20000922,"",2020,20211108
"Blaricum","H","41","Besloten vennootschap met gewone structuur","70102","Holdings (geen financiële)","7912","Reisorganisatie","","","","",20000713,20000713,20000721,20000713,20211117,0,0,"",2020,20220118
"Soest","H","01","Eenmanszaak","4120","Algemene burgerlijke en utiliteitsbouw","","","","","","",0,0,20000724,20000724,0,0,0,"",0,0
"Hilversum","H","01","Eenmanszaak","7810","Arbeidsbemiddeling","59112","Productie van televisieprogramma's","","","","",0,0,20000724,20000724,20180301,0,20010820,"",0,0
"Woudenberg","H","41","Besloten vennootschap met gewone structuur","6420","Financiële holdings","","","","","","",20000920,20000920,20000724,20000801,0,0,20000920,"",2020,20211018
"Renswoude","H","11","Vennootschap onder firma","01471","Opfokken en/of houden van leghennen","43222","Inst. verwarmings-/luchtbehandelingsapp.","78202","Uitleenbureaus","","",20000101,0,20000724,20000101,0,0,0,"",0,0
"Culemborg","H","41","Besloten vennootschap met gewone structuur","6420","Financiële holdings","70102","Holdings (geen financiële)","","","","",20001107,20001107,20070703,20000724,20111101,0,20001107,"",2020,20211223
"Bosch en Duin","H","41","Besloten vennootschap met gewone structuur","70222","Advisering ohgv management/bedrijfsv.","66292","Pensioenadv.bureaus/beheer pensioenverm.","","","","",20000720,20000720,20100928,20000720,20100927,0,0,"",2020,20211221
"Amsterdam","H","41","Besloten vennootschap met gewone structuur","6420","Financiële holdings","","","","","N","N",20000816,20000816,20000721,20000623,20161207,0,20000816,"",2020,20211208
"Amsterdam","H","01","Eenmanszaak","47793","Winkels tweedeh. goederen (geen kleding)","46471","Groothandel in huismeubilair","77292","Verh. kleding/huishoudelijke artikelen","N","N",0,0,20000724,20000701,0,0,0,"",0,0
"Brielle","H","74","Stichting","69105","Octrooibureaus","","","","","N","N",20000712,20000712,20210706,20210601,0,0,0,"",0,0
"Amsterdam","","71","Vereniging met volledige rechtsbevoegdheid","87901","Jeugdzorg (met overnacht. en dagverbl.)","","","","","","",20000707,20000707,0,0,0,0,0,"",0,0
"Amsterdam","H","41","Besloten vennootschap met gewone structuur","70102","Holdings (geen financiële)","","","","","N","N",20000630,20000630,20000724,20000630,20040903,0,0,"",2020,20220328
"Amsterdam","","74","Stichting","6420","Financiële holdings","","","","","","",20000711,20000711,0,0,0,0,0,"",0,0
"Amsterdam","H","41","Besloten vennootschap met gewone structuur","46218","GH akkerbouwprod./veevoeder (alg. ass.)","46741","Groothandel in ijzer- en metaalwaren","7112","Ingenieurs/overig techn. ontwerp/advies","N","N",20000620,20000620,20000724,20000620,20181218,0,0,"",2020,20210811
"Amsterdam","","74","Stichting","8219","Secretariële dienstverlening","","","","","","",20000629,20000629,0,0,0,0,0,"",0,0
"Baarn","H","41","Besloten vennootschap met gewone structuur","6420","Financiële holdings","","","","","N","N",20000706,20000706,20200903,20000706,20200901,0,0,"",2020,20210902
"Amsterdam","H","41","Besloten vennootschap met gewone structuur","70102","Holdings (geen financiële)","64303","Beleggingsinst. met beperkte toetreding","","","N","N",20001222,20001222,20000724,20000601,20160101,0,20001222,"",2020,20211020
"Amsterdam","H","41","Besloten vennootschap met gewone structuur","6201","Ontwikkelen/produceren/uitgeven software","70221","Organisatie-adviesbureaus","","","N","N",20001222,20001222,20000724,20000601,20101001,0,20001222,"",2020,20211020
"Amsterdam","H","11","Vennootschap onder firma","74201","Fotografie","","","","","N","N",20050701,0,20000724,20000101,20080415,0,20050701,"",0,0
"Lijnden","H","41","Besloten vennootschap met gewone structuur","46901","Niet-gespec. GH in consumentenartikelen","46421","Groothandel in bovenkleding","6420","Financiële holdings","J","J",20000713,20000713,20000724,20000713,20091123,0,0,"",2020,20210705
"Haarlem","H","41","Besloten vennootschap met gewone structuur","6420","Financiële holdings","","","","","N","N",20000719,20000719,20000720,20000719,0,0,0,"",2021,20220412
"Amsterdam","H","41","Besloten vennootschap met gewone structuur","6420","Financiële holdings","","","","","N","N",20001220,20001220,20000724,20000501,20200817,0,20001220,"",2021,20210922
"Amsterdam","H","41","Besloten vennootschap met gewone structuur","6420","Financiële holdings","70221","Organisatie-adviesbureaus","","","N","N",20001220,20001220,20000724,20000501,20090601,0,20001220,"",2020,20210528
"Nieuw-Vennep","H","41","Besloten vennootschap met gewone structuur","43999","Overige gespec. werkz. in de bouw (rest)","4311","Slopen van bouwwerken","","","N","N",20040903,20040903,20000721,20000727,20040407,0,20040903,"",2020,20211014
"Leiden","","74","Stichting","7490","Overige special. zakelijke dienstverl.","","","","","","",20000714,20000714,0,0,0,0,0,"",0,0
"Amsterdam","H","01","Eenmanszaak","69101","Advocatenkantoren, bewindv. en curatoren","69102","Rechtskundige adviesbureaus","","","N","N",0,0,20000721,20000721,20201101,0,0,"",0,0
"Amsterdam","H","41","Besloten vennootschap met gewone structuur","70221","Organisatie-adviesbureaus","6420","Financiële holdings","","","N","N",20000925,20000925,20000724,20000701,20080401,0,20000925,"",2019,20200817
"Kudelstaart","H","41","Besloten vennootschap met gewone structuur","7311","Reclamebureaus","7490","Overige special. zakelijke dienstverl.","6202","Advisering ohgv informatietechnologie","N","N",20000814,20000814,20000721,20000720,20220520,0,20000814,"",2018,20200310
"Amsterdam","H","41","Besloten vennootschap met gewone structuur","6420","Financiële holdings","","","","","N","N",20000828,20000828,20000724,20000701,20151214,0,20000828,"",2018,20210304
"Zaandam","H","41","Besloten vennootschap met gewone structuur","45204","Carrosserieherstel","45112","Handel/rep. personen-/lichte bedr.auto's","45203","Reparatie van specifieke auto-onderdelen","N","N",20000720,20000720,20000721,19720400,0,0,20000720,"",2020,20211015
"Amsterdam","","71","Vereniging met volledige rechtsbevoegdheid","9411","Bedrijfs- en werkgeversorganisaties","","","","","","",20000718,20000718,0,0,0,0,0,"",0,0
"Leiden","H","41","Besloten vennootschap met gewone structuur","72112","Biotechnol. speur-/ontwikkelingswerk","","","","","N","N",20000720,20000720,20140404,20000720,20140402,0,0,"",2020,20211203
"Amsterdam","H","01","Eenmanszaak","4120","Algemene burgerlijke en utiliteitsbouw","","","","","N","N",0,0,20000721,20000728,20000728,0,0,"",0,0
"Amsterdam","H","01","Eenmanszaak","4932","Vervoer per taxi","","","","","N","N",0,0,20000721,20000721,20160201,0,0,"",0,0
"Amsterdam","H","41","Besloten vennootschap met gewone structuur","6201","Ontwikkelen/produceren/uitgeven software","","","","","N","J",20000905,20000905,20000721,20000721,20120606,0,20000905,"",2020,20210625
"Vught","H","41","Besloten vennootschap met gewone structuur","4110","Projectontwikkeling","","","","","N","N",20000719,20000719,20080129,20000719,20201229,0,0,"",2020,20211228
"Amsterdam","H","01","Eenmanszaak","9002","Dienstverlening voor uitvoerende kunst","93195","Organiseren van sportevenementen","93299","Ov. recreatie (rest)(geen jachthavens)","N","N",0,0,20000721,20000723,20130530,0,0,"",0,0
"Uithoorn","H","01","Eenmanszaak","4334","Schilderen en glaszetten","","","","","N","N",0,0,20000724,19610323,20201111,0,20051001,"",0,0
"Haarlem","H","01","Eenmanszaak","4120","Algemene burgerlijke en utiliteitsbouw","","","","","N","N",0,0,20000724,20000801,0,0,0,"",0,0
"Halfweg","H","01","Eenmanszaak","4120","Algemene burgerlijke en utiliteitsbouw","","","","","N","N",0,0,20000724,20000801,0,0,0,"",0,0
"Amsterdam","H","01","Eenmanszaak","7311","Reclamebureaus","","","","","N","N",0,0,20000724,20000724,20200302,0,0,"",0,0
"Weesp","H","41","Besloten vennootschap met gewone structuur","70221","Organisatie-adviesbureaus","7220","Speur-/ontw.werk ogv maats./geesteswet.","","","N","N",20000713,20000713,20070523,20000713,20070501,0,0,"",2020,20210720
"Hoofddorp","H","41","Besloten vennootschap met gewone structuur","47918","Internethandel overige non-food","","","","","N","N",20010409,20010409,20000724,20000724,0,0,20010409,"",2020,20220311
"Weesp","H","41","Besloten vennootschap met gewone structuur","7220","Speur-/ontw.werk ogv maats./geesteswet.","78201","Uitzendbureaus","","","N","N",20000713,20000713,20070523,19890101,20070501,0,20000713,"",2020,20210720
"Hoofddorp","H","41","Besloten vennootschap met gewone structuur","6420","Financiële holdings","","","","","N","N",20001129,20001129,20000724,20000720,20021017,0,20001129,"",2020,20210409
"Amsterdam","H","41","Besloten vennootschap met gewone structuur","6420","Financiële holdings","","","","","N","N",20000719,20000719,20000724,20000719,20131028,0,0,"",2020,20210729
"Hoofddorp","H","41","Besloten vennootschap met gewone structuur","70221","Organisatie-adviesbureaus","78202","Uitleenbureaus","","","N","N",20000713,20000713,20000724,20000713,20030724,0,0,"",2020,20220414
"Amsterdam","H","01","Eenmanszaak","70221","Organisatie-adviesbureaus","7021","Adviesbureaus publ. relations en comm.","","","N","N",0,0,20000724,20000701,20030630,0,20030630,"",0,0
"Heiloo","H","01","Eenmanszaak","81221","Glazenwassen","","","","","N","N",0,0,20150831,20000801,20170302,0,0,"",0,0
"Utrecht","H","01","Eenmanszaak","4932","Vervoer per taxi","","","","","N","N",0,0,20020924,20000724,20020924,0,0,"",0,0
"Amsterdam","","74","Stichting","5222","Dienstverlening voor vervoer over water","","","","","","",20000720,20000720,0,0,0,0,0,"",0,0
"Haarlem","H","41","Besloten vennootschap met gewone structuur","6420","Financiële holdings","","","","","N","N",20000720,20000720,20000724,20000720,0,0,0,"",2020,20211129
"Santpoort-Noord","H","41","Besloten vennootschap met gewone structuur","6420","Financiële holdings","","","","","N","N",20000720,20000720,20000724,20000720,0,0,0,"",2020,20211118
"Amsterdam","","71","Vereniging met volledige rechtsbevoegdheid","70222","Advisering ohgv management/bedrijfsv.","","","","","","",20000720,20000720,0,0,0,0,0,"",0,0
"Amsterdam","H","01","Eenmanszaak","74201","Fotografie","","","","","N","N",0,0,20000724,20000724,0,0,0,"",0,0
"Amsterdam","H","41","Besloten vennootschap met gewone structuur","6420","Financiële holdings","","","","","N","N",20000818,20000818,20000724,20000601,20160101,0,20000818,"",2020,20210712
"Almere","H","41","Besloten vennootschap met gewone structuur","70102","Holdings (geen financiële)","","","","","N","N",20001115,20001115,20090318,20000601,20171001,0,20001115,"",2020,20211213
"Uithoorn","H","41","Besloten vennootschap met gewone structuur","6810","Handel in eigen onroerend goed","64302","Beleggingsinstellingen in vaste activa","64922","Volkskredietbanken/commerciële financ.","N","N",20000720,20000720,20000724,20000720,0,0,0,"",2020,20210820
"Almere","H","41","Besloten vennootschap met gewone structuur","85592","Bedrijfsopleiding en -training","","","","","N","N",20001208,20001208,20020524,20000601,20171001,0,20001208,"",2020,20211214
"IJmuiden","H","01","Eenmanszaak","4662","Groothandel in gereedschapswerktuigen","","","","","N","N",0,0,20000724,20000801,20030922,0,20030922,"",0,0
"Amsterdam","H","01","Eenmanszaak","9002","Dienstverlening voor uitvoerende kunst","9003","Schrijven en overige scheppende kunst","","","N","N",0,0,20000724,20000510,20100415,0,0,"",0,0
"Westwoud","H","41","Besloten vennootschap met gewone structuur","64303","Beleggingsinst. met beperkte toetreding","","","","","J","J",20000901,20000901,20000719,20000717,0,0,20000901,"",2020,20210921
"De Koog","","71","Vereniging met volledige rechtsbevoegdheid","94992","Hobbyclubs","","","","","","",20000706,20000706,0,0,0,0,0,"",0,0
"Opperdoes","H","11","Vennootschap onder firma","0111","Teelt granen/peulvruchten/olieh. zaden","0161","Dienstverl. akker- en/of tuinbouw","","","N","N",19910101,0,20000720,19910101,0,0,0,"",0,0
"Alkmaar","","71","Vereniging met volledige rechtsbevoegdheid","94993","Steunfondsen (niet ohgv welzijnszorg)","","","","","","",20000616,20000616,0,0,0,0,0,"",0,0
"Wognum","H","41","Besloten vennootschap met gewone structuur","6420","Financiële holdings","","","","","","",20000714,20000714,20000721,20000714,0,0,0,"",2020,20210512
"Wassenaar","H","01","Eenmanszaak","6202","Advisering ohgv informatietechnologie","","","","","","",0,0,20030821,20000721,20100716,0,0,"",0,0
"Amsterdam","H","01","Eenmanszaak","74101","Communicatie- en grafisch ontwerp","","","","","N","N",0,0,20020826,20000721,20080401,0,0,"",0,0
"Hoorn","H","01","Eenmanszaak","85599","Studiebegeleiding/vorming/onderwijs","7911","Reisbemiddeling","","","N","N",0,0,20000721,20000721,0,0,0,"",0,0
"Wijk bij Duurstede","H","01","Eenmanszaak","7430","Vertalers en tolken","","","","","","",0,0,20020930,20000101,20020930,0,0,"",0,0
"Heerhugowaard","H","01","Eenmanszaak","7311","Reclamebureaus","","","","","N","N",0,0,20000721,20000727,20070625,0,0,"",0,0
"Heemskerk","H","41","Besloten vennootschap met gewone structuur","4652","GH elektronische/telecommunicatieapp.","3314","Reparatie van elektrische apparatuur","3324","Installatie van elektrische apparatuur","J","J",20050408,20050408,20100528,20000724,20100501,0,20050408,"",2021,20220421
"Hoorn","H","11","Vennootschap onder firma","6622","Assurantietussenpersonen","69209","Overige administratiekantoren","70222","Advisering ohgv management/bedrijfsv.","","",20000101,0,20000721,20000101,20170215,0,0,"",0,0
"Bovenkarspel","H","11","Vennootschap onder firma","4331","Stukadoren","4334","Schilderen en glaszetten","","","N","N",20000721,0,20000721,20000721,20030401,0,0,"",0,0
"Broek in Waterland","","74","Stichting","8542","Universitair hoger onderwijs","","","","","","",20000614,20000614,0,0,0,0,0,"",0,0
"Medemblik","","74","Stichting","66191","Admin.kantoren voor aandelen/obligaties","","","","","","",20000719,20000719,0,0,0,0,0,"",0,0
"Zuid-Scharwoude","","74","Stichting","94993","Steunfondsen (niet ohgv welzijnszorg)","","","","","","",20000720,20000720,0,0,0,0,0,"",0,0
"Dronten","H","74","Stichting","5629","Kantines en contractcatering","","","","","N","N",20000719,20000719,20100608,20000719,0,0,0,"",0,0
"Twijzel","","71","Vereniging met volledige rechtsbevoegdheid","9412","Beroepsorganisaties","","","","","","",19960101,20000719,0,0,0,0,0,"",0,0
"Eastermar","H","01","Eenmanszaak","46219","GH overige akkerbouwproducten","2562","Algemene metaalbewerking","","","J","N",0,0,20000725,20000801,20000801,0,0,"",0,0
"Nijeholtpade","H","01","Eenmanszaak","0162","Dienstverl. voor fokken en houden dieren","8129","Overige reiniging","","","","",0,0,20000725,20000101,20140502,0,0,"",0,0
"Paterswolde","","74","Stichting","69209","Overige administratiekantoren","","","","","","",20000719,20000719,0,0,0,0,0,"",0,0
"Haren Gn","H","41","Besloten vennootschap met gewone structuur","7112","Ingenieurs/overig techn. ontwerp/advies","","","","","","",20060203,20060203,20000725,20000801,20060203,0,20060203,"",2020,20211108
"Amsterdam","H","41","Besloten vennootschap met gewone structuur","86231","Praktijken van tandartsen","","","","","N","N",20000825,20000825,20030102,20000801,20040401,0,20000825,"",2018,20210609
"Winsum","","71","Vereniging met volledige rechtsbevoegdheid","94992","Hobbyclubs","","","","","","",19570204,0,0,0,0,0,0,"",0,0
"Groningen","H","01","Eenmanszaak","86913","Praktijken van psychotherapeuten/-logen","86919","Overige paramedische praktijken","85592","Bedrijfsopleiding en -training","N","N",0,0,20000725,20000725,0,0,0,"",0,0
"Ten Boer","H","41","Besloten vennootschap met gewone structuur","4329","Overige bouwinstallatie","","","","","","",20080529,20080529,20000725,20000725,20080421,0,20080529,"",2020,20220418
"Hoogeveen","H","41","Besloten vennootschap met gewone structuur","6420","Financiële holdings","","","","","","",20070330,20070330,20000725,20000801,20081222,0,20070330,"",2020,20210914
"Wijhe","","74","Stichting","8010","Particuliere beveiliging","","","","","","",20000721,20000721,0,0,0,0,0,"",0,0
"Zwolle","","74","Stichting","90011","Beoefening van podiumkunst","","","","","","",20000707,20000707,0,0,0,0,0,"",0,0
"Amsterdam","H","01","Eenmanszaak","86913","Praktijken van psychotherapeuten/-logen","","","","","N","N",0,0,20061107,19970101,20150115,0,0,"",0,0
"Amstelveen","H","41","Besloten vennootschap met gewone structuur","70222","Advisering ohgv management/bedrijfsv.","7490","Overige special. zakelijke dienstverl.","56101","Restaurants","J","J",20001113,20001113,20001211,20000701,20041201,0,20001113,"",2020,20211108
"Beekbergen","H","41","Besloten vennootschap met gewone structuur","70102","Holdings (geen financiële)","","","","","N","N",20000719,20000719,20000724,20000719,20030801,0,0,"",2021,20220224
"Dronten","H","41","Besloten vennootschap met gewone structuur","46696","Groothandel in emballage","4618","HB gespecialiseerd in overige goederen","2222","Verv. verpakkingsmiddelen van kunststof","J","J",20000720,20000720,20050203,20000720,20161111,0,0,"",2020,20220520
"Twello","H","41","Besloten vennootschap met gewone structuur","4110","Projectontwikkeling","","","","","N","N",20000721,20000721,20000724,20000721,20100401,0,0,"",2021,20220401
"Deventer","H","41","Besloten vennootschap met gewone structuur","4110","Projectontwikkeling","","","","","N","N",20000721,20000721,20000724,20000721,20170818,0,0,"",2020,20220201
"Meppel","H","01","Eenmanszaak","4120","Algemene burgerlijke en utiliteitsbouw","","","","","N","N",0,0,20100318,20000801,20130820,0,0,"",0,0
"Putten","H","41","Besloten vennootschap met gewone structuur","6420","Financiële holdings","","","","","N","N",20000720,20000720,20000725,20000720,20140520,0,0,"",2020,20210603
"Apeldoorn","H","41","Besloten vennootschap met gewone structuur","6420","Financiële holdings","","","","","N","N",20000728,20000728,20000725,20000701,0,0,20000728,"",2021,20220413
"Kootwijk","","74","Stichting","9002","Dienstverlening voor uitvoerende kunst","","","","","","",20000724,20000724,0,0,0,0,0,"",0,0
"Ermelo","H","01","Eenmanszaak","47714","Winkels in baby- en kinderkleding","","","","","N","N",0,0,20000725,20000725,20200101,0,0,"",0,0
"Nunspeet","H","11","Vennootschap onder firma","70222","Advisering ohgv management/bedrijfsv.","","","","","N","N",20000801,0,20000725,20000801,20020530,0,0,"",0,0
"Gorssel","H","01","Eenmanszaak","4321","Elektrotechnische bouwinstallatie","43221","Loodg.- en fitterswerk; inst. sanitair","4120","Algemene burgerlijke en utiliteitsbouw","N","N",0,0,20000725,20000725,20070801,0,0,"",0,0
"Apeldoorn","H","11","Vennootschap onder firma","8130","Landschapsverzorging","","","","","N","N",20000801,0,20000725,20000801,0,0,0,"",0,0
"Hengelo","H","41","Besloten vennootschap met gewone structuur","4662","Groothandel in gereedschapswerktuigen","46699","GH ov.mach./app./toeb. ind./handel","","","J","N",20000721,20000721,20000725,20000721,20140512,0,0,"",2019,20200907
"Amsterdam","H","41","Besloten vennootschap met gewone structuur","70221","Organisatie-adviesbureaus","6420","Financiële holdings","","","N","N",20001106,20001106,20220502,20000701,20220425,0,20001106,"",2020,20220201
"Amstelveen","H","41","Besloten vennootschap met gewone structuur","6202","Advisering ohgv informatietechnologie","","","","","N","N",20010730,20010730,20220425,20000701,20220401,0,20010730,"",2020,20210305
"Didam","H","01","Eenmanszaak","47641","Winkels in fietsen en bromfietsen","9529","Reparatie van overige consumentenart.","45112","Handel/rep. personen-/lichte bedr.auto's","J","J",0,0,20000725,20000725,20030422,0,20090101,"",0,0
"Zwolle","H","61","Coöperatie","5221","Dienstverlening voor vervoer over land","","","","","","",20000717,20000717,20070105,20000717,20061122,0,0,"",2018,20190619
"Huissen","H","41","Besloten vennootschap met gewone structuur","6420","Financiële holdings","","","","","","",20000828,20000828,20000725,20000701,0,0,20000828,"",2020,20220408
"Huissen","H","41","Besloten vennootschap met gewone structuur","6420","Financiële holdings","","","","","","",20001016,20001016,20000725,20000101,20211214,0,20001016,"",2020,20211115
"Doetinchem","H","41","Besloten vennootschap met gewone structuur","2529","Verv. metalen tanks en reservoirs","","","","","","",20000724,20000724,20000725,20000724,20060101,0,0,"",2020,20210805
"Lent","H","01","Eenmanszaak","70221","Organisatie-adviesbureaus","","","","","","",0,0,20000725,20000101,20060725,0,0,"",0,0
"Doetinchem","H","41","Besloten vennootschap met gewone structuur","4661","GH landbouwmachines/werktuigen/tractoren","","","","","","",20000724,20000724,20000725,20000724,0,0,0,"",2020,20210805
"Elst","H","01","Eenmanszaak","96022","Schoonheidsverzorging/pedi-/manicures","","","","","","",0,0,20000725,20000725,20200715,0,0,"",0,0
"Arnhem","H","01","Eenmanszaak","74102","Industrieel en productontwerp","","","","","N","N",0,0,20000725,20000725,20000725,0,0,"",0,0
"Hummelo","H","41","Besloten vennootschap met gewone structuur","6420","Financiële holdings","","","","","","",20000721,20000721,20000725,20000721,20100701,0,0,"",2019,20220408
"Opheusden","H","01","Eenmanszaak","4941","Goederenvervoer over weg (geen verhuiz.)","","","","","","",0,0,20000725,20000801,0,0,0,"",0,0
"Beusichem","H","01","Eenmanszaak","7112","Ingenieurs/overig techn. ontwerp/advies","","","","","N","N",0,0,20140412,20000725,20060216,0,20040101,"",0,0
"Hoornaar","H","01","Eenmanszaak","2562","Algemene metaalbewerking","0161","Dienstverl. akker- en/of tuinbouw","","","","",0,0,20000725,20000801,0,0,0,"",0,0
"Nieuwland","","72","Vereniging met beperkte rechtsbevoegdheid","64303","Beleggingsinst. met beperkte toetreding","","","","","","",20000717,0,0,0,0,0,0,"",0,0
"Weert","","71","Vereniging met volledige rechtsbevoegdheid","93142","Zaalsport in teamverband","","","","","","",19950100,20000712,0,0,0,0,0,"",0,0
"Maasbree","H","41","Besloten vennootschap met gewone structuur","6201","Ontwikkelen/produceren/uitgeven software","6202","Advisering ohgv informatietechnologie","","","N","N",20090203,20090203,20080307,20000601,20171017,0,20090203,"",2018,20210512
"Milsbeek","H","01","Eenmanszaak","6202","Advisering ohgv informatietechnologie","","","","","N","N",0,0,20000725,20000801,0,0,0,"",0,0
"Baarlo","H","01","Eenmanszaak","6831","Bemidd. bij handel/huur/verhuur onr.goed","7490","Overige special. zakelijke dienstverl.","","","N","N",0,0,20000725,20000801,0,0,0,"",0,0
"Bergen L","H","01","Eenmanszaak","2562","Algemene metaalbewerking","","","","","J","J",0,0,20000725,20000801,20070901,0,0,"",0,0
"Velden","H","01","Eenmanszaak","4334","Schilderen en glaszetten","","","","","N","N",0,0,20000725,20000801,20050215,0,20010301,"",0,0
"Hulsberg","H","01","Eenmanszaak","4333","Afwerking van vloeren en wanden","","","","","N","N",0,0,20000725,20000801,20131209,0,0,"",0,0
"Hulsberg","H","01","Eenmanszaak","86919","Overige paramedische praktijken","","","","","N","N",0,0,20000725,20000801,20130130,0,0,"",0,0
"Nieuwstadt","H","01","Eenmanszaak","43993","Metselen en voegen","","","","","N","N",0,0,20000725,20000726,0,0,0,"",0,0
"Breda","H","41","Besloten vennootschap met gewone structuur","6420","Financiële holdings","","","","","","",20000711,20000711,20040401,20000711,20040401,0,0,"",2020,20220325
"Hoogeloon","H","01","Eenmanszaak","33121","Rep./onderh. mach. voor algemeen gebruik","68204","Verh. onroerend goed (niet v woonruimte)","4120","Algemene burgerlijke en utiliteitsbouw","","",0,0,20000721,20000701,0,0,0,"",0,0
"Sneek","H","41","Besloten vennootschap met gewone structuur","5920","Maken en uitgeven van geluidsopnamen","","","","","","",20000721,20000721,20171204,20000721,20171201,0,0,"",2020,20220121
"Veldhoven","","71","Vereniging met volledige rechtsbevoegdheid","93122","Veldsport in teamverband (geen voetbal)","","","","","","",20000327,20000713,0,0,0,0,0,"",0,0
"Nieuwkuijk","H","41","Besloten vennootschap met gewone structuur","52291","Expediteurs/cargadoors/bevrachters e.d.","","","","","N","N",20000722,20000722,20000725,20000722,20050225,0,0,"",2020,20210831
"Nieuwkuijk","H","41","Besloten vennootschap met gewone structuur","4941","Goederenvervoer over weg (geen verhuiz.)","","","","","","",20000722,20000722,20000725,20000722,20050225,0,0,"",2020,20210831
"Berlicum","H","41","Besloten vennootschap met gewone structuur","4120","Algemene burgerlijke en utiliteitsbouw","46739","GH bouwmaterialen algemeen assortiment","","","N","N",20060102,20060102,20000725,20000801,20210721,0,20060102,"",2021,20220530
"Heeze","H","01","Eenmanszaak","96022","Schoonheidsverzorging/pedi-/manicures","","","","","N","N",0,0,20000725,20000725,20060101,0,0,"",0,0
"Deurne","H","41","Besloten vennootschap met gewone structuur","4652","GH elektronische/telecommunicatieapp.","","","","","N","N",20090330,20090330,20000725,20000801,20160711,0,20090330,"",2020,20210921
"Eindhoven","H","41","Besloten vennootschap met gewone structuur","86912","Praktijken van fysiotherapeuten","86923","Preventieve gezondh.zorg (geen arbobeg.)","","","","",20000921,20000921,20000725,20000801,20170101,0,20000921,"",2016,20171219
"Deurne","H","01","Eenmanszaak","70221","Organisatie-adviesbureaus","","","","","N","N",0,0,20000724,20000801,20030417,0,0,"",0,0
"Geldrop","H","41","Besloten vennootschap met gewone structuur","8121","Interieurreiniging van gebouwen","","","","","N","N",20070305,20070305,20000725,20000801,20171106,0,20070305,"",2020,20211207
"Nuenen","","71","Vereniging met volledige rechtsbevoegdheid","94994","Vriendenkringen ohgv cultuur / fanclubs","","","","","","",20000714,20000714,0,0,0,0,0,"",0,0
"Liempde","H","41","Besloten vennootschap met gewone structuur","70222","Advisering ohgv management/bedrijfsv.","","","","","","",20001004,20001004,20061009,20000725,20190131,0,20001004,"",2019,20201030
"Rosmalen","H","41","Besloten vennootschap met gewone structuur","6420","Financiële holdings","","","","","","",20000720,20000720,20000724,20000720,0,0,0,"",2020,20211118
"Liempde","H","41","Besloten vennootschap met gewone structuur","7311","Reclamebureaus","","","","","","",20001017,20001017,20061009,20000728,20190131,0,20001017,"",2019,20201105
"Asten","H","01","Eenmanszaak","2562","Algemene metaalbewerking","43999","Overige gespec. werkz. in de bouw (rest)","","","","",0,0,20000725,20000801,0,0,0,"",0,0
"Helmond","H","74","Stichting","8710","Verpleeghuizen","","","","","N","N",20000701,20000630,20110517,20000701,0,0,0,"",0,0
"Spijkenisse","H","01","Eenmanszaak","8010","Particuliere beveiliging","","","","","N","N",0,0,20201205,20000725,20201204,0,20050617,"",0,0
"Lopikerkapel","H","01","Eenmanszaak","77399","Verh./lease ov.mach./werkt./ov. goederen","","","","","N","N",0,0,20041001,20000725,20191105,0,0,"",0,0
"Breda","H","01","Eenmanszaak","7112","Ingenieurs/overig techn. ontwerp/advies","","","","","","",0,0,20060419,20000801,20060401,0,0,"",0,0
"Raamsdonksveer","H","01","Eenmanszaak","69102","Rechtskundige adviesbureaus","93196","Overkoepelende organen e.d. (sport)","","","N","N",0,0,20071222,20000801,20160615,0,0,"",0,0
"Tilburg","H","41","Besloten vennootschap met gewone structuur","47782","Winkels in optische artikelen","","","","","","",20000721,20000721,20000725,20000721,20170323,0,0,"",2021,20210914
"Waspik","H","01","Eenmanszaak","85522","Kunstzinnige vorming voor amateurs","","","","","N","N",0,0,20000725,20000801,20050901,0,0,"",0,0
"Fijnaart","H","74","Stichting","9103","Monumentenzorg","","","","","N","N",20000717,20000717,20110125,20051025,0,0,0,"",0,0
"Rotterdam","H","41","Besloten vennootschap met gewone structuur","52291","Expediteurs/cargadoors/bevrachters e.d.","","","","","","",20000815,20000815,20190606,20000801,20200801,0,20000815,"",2020,20211102
"Breda","H","41","Besloten vennootschap met gewone structuur","7810","Arbeidsbemiddeling","","","","","","",20000825,20000825,20000725,20000725,20200701,0,20000825,"",2021,20220510
"Dorst","H","01","Eenmanszaak","4120","Algemene burgerlijke en utiliteitsbouw","","","","","","",0,0,20000725,20000725,20040831,0,0,"",0,0
"Hoogerheide","H","11","Vennootschap onder firma","45401","GH en HB in motorfiets(onderdel)en","46491","Groothandel in fietsen en bromfietsen","","","J","N",20080101,0,20000725,20000801,20021230,0,20080101,"",0,0
"Oud Gastel","H","01","Eenmanszaak","7311","Reclamebureaus","","","","","","",0,0,20110808,20000801,20110804,0,0,"",0,0
"Klooster Lidlum","N","11","Vennootschap onder firma","1031","Vervaardiging van aardappelproducten","46312","Groothandel in consumptie-aardappelen","","","N","N",19940615,0,20000725,19110501,0,0,20000717,"",0,0
"Brouwershaven","H","11","Vennootschap onder firma","3315","Reparatie en onderhoud van schepen","","","","","N","N",20000701,0,20000725,20000701,0,0,0,"",0,0
"Diemen","H","41","Besloten vennootschap met gewone structuur","70222","Advisering ohgv management/bedrijfsv.","","","","","N","N",19800401,19800401,20000725,20000701,20000701,0,0,"",2021,20220524
"Sliedrecht","H","41","Besloten vennootschap met gewone structuur","6420","Financiële holdings","","","","","N","N",20000721,20000721,20000724,20000721,20190209,0,0,"",2020,20211209
"Hardinxveld-Giessendam","H","41","Besloten vennootschap met gewone structuur","6420","Financiële holdings","","","","","N","N",20000721,20000721,20000724,20000721,20060601,0,0,"",2020,20211215
"Krimpen aan de Lek","H","41","Besloten vennootschap met gewone structuur","2562","Algemene metaalbewerking","4662","Groothandel in gereedschapswerktuigen","","","N","N",20070215,20070215,20000725,20000725,20220101,0,20070215,"",2020,20210902
"Sliedrecht","H","01","Eenmanszaak","3329","Installatie van overige toebehoren","33223","Inst. machines voor spec. bedrijfstak","","","N","N",0,0,20161005,20000725,20161001,0,0,"",0,0
"Rotterdam","H","01","Eenmanszaak","4332","Bouwtimmeren","","","","","N","N",0,0,20000725,20000801,20060901,0,0,"",0,0
"Ouderkerk aan den IJssel","H","11","Vennootschap onder firma","4941","Goederenvervoer over weg (geen verhuiz.)","","","","","","",20000717,0,20000725,20000717,0,0,0,"",0,0
"Rotterdam","H","01","Eenmanszaak","9002","Dienstverlening voor uitvoerende kunst","","","","","N","N",0,0,20000725,20000101,20111101,0,0,"",0,0
"Zuidland","H","41","Besloten vennootschap met gewone structuur","7112","Ingenieurs/overig techn. ontwerp/advies","5530","Kampeerterreinen","","","N","N",20020107,20020107,20000725,20000801,20100607,0,20020107,"",2020,20220429
"Ottoland","H","01","Eenmanszaak","7732","Verh./lease machines/instal.voor de bouw","","","","","","",0,0,20000725,20000802,0,0,0,"",0,0
"Sliedrecht","H","41","Besloten vennootschap met gewone structuur","70221","Organisatie-adviesbureaus","70222","Advisering ohgv management/bedrijfsv.","","","","",20010418,20010418,20000725,20000701,0,0,20010418,"",2021,20220426
"Alblasserdam","H","41","Besloten vennootschap met gewone structuur","6420","Financiële holdings","","","","","","",20001228,20001228,20000725,20000101,20030701,0,20001228,"",2020,20220117
"Breda","","74","Stichting","68204","Verh. onroerend goed (niet v woonruimte)","","","","","","",20000721,20000721,0,0,0,0,0,"",0,0
"Rotterdam","H","41","Besloten vennootschap met gewone structuur","6420","Financiële holdings","","","","","N","N",20001103,20001103,20000725,20000101,20190101,0,20001103,"",2019,20210128
"Noordwijkerhout","H","41","Besloten vennootschap met gewone structuur","6420","Financiële holdings","","","","","","",20000724,20000724,20150105,20000724,20201127,0,0,"",2020,20220419
"Etten-Leur","H","41","Besloten vennootschap met gewone structuur","6209","Ov. dienstv. act. ohgv informatietechn.","70222","Advisering ohgv management/bedrijfsv.","78202","Uitleenbureaus","N","N",20000914,20000914,20090512,20000710,20091214,0,20000914,"",2021,20220409
"Oud-Beijerland","H","41","Besloten vennootschap met gewone structuur","6420","Financiële holdings","","","","","N","N",20000914,20000914,20000725,20000710,0,0,20000914,"",2020,20210608
"Haarlem","H","01","Eenmanszaak","9002","Dienstverlening voor uitvoerende kunst","4120","Algemene burgerlijke en utiliteitsbouw","","","N","N",0,0,20061108,20000701,20060701,0,0,"",0,0
"Oosterhout","H","41","Besloten vennootschap met gewone structuur","6420","Financiële holdings","","","","","N","N",20001004,20001004,20001030,20000721,20001004,0,20001004,"",2020,20210512
"Nootdorp","H","01","Eenmanszaak","81221","Glazenwassen","","","","","N","N",0,0,20000724,20000801,20070301,0,0,"",0,0
"'s-Gravenhage","H","41","Besloten vennootschap met gewone structuur","69105","Octrooibureaus","","","","","N","N",20000630,20000630,20000724,20000630,20220401,0,0,"",2020,20210916
"Roelofarendsveen","H","41","Besloten vennootschap met gewone structuur","6420","Financiële holdings","","","","","","",20000714,20000714,20001003,20000714,20031201,0,0,"",2020,20211011
"Naaldwijk","H","01","Eenmanszaak","4332","Bouwtimmeren","4120","Algemene burgerlijke en utiliteitsbouw","","","N","N",0,0,20000725,20000801,20090706,0,0,"",0,0
"Zoetermeer","H","41","Besloten vennootschap met gewone structuur","78202","Uitleenbureaus","4321","Elektrotechnische bouwinstallatie","","","N","N",20020417,20020417,20000725,20000701,20000804,0,20020417,"",2015,20161017
"'s-Gravenzande","H","01","Eenmanszaak","4120","Algemene burgerlijke en utiliteitsbouw","","","","","N","N",0,0,20000725,20000801,20070801,0,0,"",0,0
"Amsterdam","","71","Vereniging met volledige rechtsbevoegdheid","94992","Hobbyclubs","","","","","","",19700211,19700211,0,0,0,0,0,"",1998,19990412
"Oegstgeest","H","01","Eenmanszaak","69203","Boekhoudkantoren","","","","","N","N",0,0,20000725,20000801,20030129,0,0,"",0,0
"Swifterbant","H","11","Vennootschap onder firma","7112","Ingenieurs/overig techn. ontwerp/advies","46693","GH verbrandingsmotoren/pompen/compress.","47916","Internethandel in vrijetijdsartikelen","N","N",20070101,0,20150701,20000801,20150701,0,20070101,"",0,0
"Hoofddorp","H","41","Besloten vennootschap met gewone structuur","85592","Bedrijfsopleiding en -training","","","","","N","N",20000725,20000725,20121114,20000725,20121126,0,0,"",2020,0
"Zeist","","74","Stichting","6612","Commissionairs/makelaars in effecten ed","","","","","","",20000717,20000717,0,0,0,0,0,"",0,0
"AMERSFOORT","H","41","Besloten vennootschap met gewone structuur","6311","Gegevensverw./webhosting/aanverw. activ.","","","","","","",19690711,19690711,20110523,20000721,20110523,0,0,"",2020,20210401
"Woudenberg","H","41","Besloten vennootschap met gewone structuur","43999","Overige gespec. werkz. in de bouw (rest)","","","","","","",20011009,20011009,20020418,20000801,20210422,0,20011009,"",2021,20220326
"Driebergen-Rijsenburg","N","11","Vennootschap onder firma","4711","Supermarkten e.d. winkels alg.ass.v.gm.","","","","","","",20000725,0,20000725,20000725,0,0,0,"",0,0
"Amsterdam","","71","Vereniging met volledige rechtsbevoegdheid","93121","Veldvoetbal","","","","","","",20000713,20000713,0,0,0,0,0,"",0,0
"Linschoten","H","01","Eenmanszaak","6209","Ov. dienstv. act. ohgv informatietechn.","","","","","","",0,0,20000725,20000725,20060101,0,0,"",0,0
"Utrecht","H","01","Eenmanszaak","6312","Webportals","","","","","","",0,0,20000725,20000801,20031101,0,0,"",0,0
"Montfoort","H","01","Eenmanszaak","43999","Overige gespec. werkz. in de bouw (rest)","","","","","","",0,0,20000725,20000725,20170515,0,0,"",0,0
"Woudenberg","H","01","Eenmanszaak","4120","Algemene burgerlijke en utiliteitsbouw","","","","","","",0,0,20200720,20000725,20200717,0,0,"",0,0
"Utrecht","","71","Vereniging met volledige rechtsbevoegdheid","9411","Bedrijfs- en werkgeversorganisaties","","","","","","",20000626,20000626,0,0,0,0,0,"",0,0
"Utrecht","H","41","Besloten vennootschap met gewone structuur","7112","Ingenieurs/overig techn. ontwerp/advies","","","","","","",20090320,20090320,20000725,20000725,20090320,0,20090320,"",2020,20220131
"Hilversum","","74","Stichting","86929","Samenwerkingsorganen ohgv gez.zorg","","","","","","",20000526,20000526,0,0,0,0,0,"",0,0
"Almere","H","41","Besloten vennootschap met gewone structuur","47642","Winkels in watersportartikelen","3315","Reparatie en onderhoud van schepen","","","","",20000718,20000718,20040630,19841101,20040625,0,20000718,"",2020,20211013
"Ede","H","41","Besloten vennootschap met gewone structuur","52291","Expediteurs/cargadoors/bevrachters e.d.","","","","","N","N",20000811,20000811,20080620,20000801,20150801,0,0,"",2019,20210406
"Blaricum","H","01","Eenmanszaak","4331","Stukadoren","","","","","","",0,0,20000725,19651001,0,0,20000526,"",0,0
"Vijfhuizen","H","01","Eenmanszaak","32501","Tandtechnische bedrijven","","","","","N","N",0,0,20001220,20000801,20060601,0,0,"",0,0
"Huis ter Heide","H","41","Besloten vennootschap met gewone structuur","7320","Markt- en opinieonderzoekbureaus","70221","Organisatie-adviesbureaus","","","","",20000825,20000825,20050628,20000601,20050624,0,20000825,"",2019,20201106
"Oude Meer","H","41","Besloten vennootschap met gewone structuur","6420","Financiële holdings","","","","","N","N",20000707,20000707,20000720,20000707,20130101,0,0,"",2020,20211230
"'s-Gravenhage","H","41","Besloten vennootschap met gewone structuur","93119","Overige sportaccommodaties","","","","","N","N",20000608,20000608,20010420,20000608,20000608,0,0,"",2018,20191222
"Amersfoort","H","41","Besloten vennootschap met gewone structuur","6420","Financiële holdings","","","","","N","N",20000810,20000810,20020205,20000601,20080401,0,20000810,"",2019,20201224
"Zaandam","H","01","Eenmanszaak","69203","Boekhoudkantoren","4651","GH computers, randapparatuur en software","6202","Advisering ohgv informatietechnologie","N","N",0,0,20000725,20000801,0,0,0,"",0,0
"Soest","H","41","Besloten vennootschap met gewone structuur","6201","Ontwikkelen/produceren/uitgeven software","","","","","N","N",20000717,20000717,20010118,20000717,20010108,0,0,"",2013,20140715
"Brummen","","74","Stichting","94996","Overige ideële organisaties (rest)","","","","","","",20000712,20000712,0,0,0,0,0,"",0,0
"Heemstede","","74","Stichting","6420","Financiële holdings","","","","","","",20000718,20000718,0,0,0,0,0,"",0,0
"Bloemendaal","H","01","Eenmanszaak","5811","Uitgeverijen van boeken","86913","Praktijken van psychotherapeuten/-logen","85599","Studiebegeleiding/vorming/onderwijs","N","N",0,0,20000725,20000331,20180715,0,0,"",0,0
"Rijswijk","H","41","Besloten vennootschap met gewone structuur","6201","Ontwikkelen/produceren/uitgeven software","4651","GH computers, randapparatuur en software","78202","Uitleenbureaus","","",20000824,20000824,20010409,20000713,20210601,0,20000824,"",2020,20211102
"Amsterdam","H","41","Besloten vennootschap met gewone structuur","4120","Algemene burgerlijke en utiliteitsbouw","","","","","N","N",20001228,20001228,20000725,20000801,20201001,0,20001228,"",2020,20220227
"Arnhem","H","41","Besloten vennootschap met gewone structuur","86231","Praktijken van tandartsen","","","","","N","N",20000830,20000830,20020415,20000801,20191101,0,20000830,"",2020,20211019
"Badhoevedorp","H","41","Besloten vennootschap met gewone structuur","6420","Financiële holdings","","","","","N","N",20000712,20000712,20000725,20000712,20190606,0,0,"",2020,20210831
"Nieuw-Vennep","H","41","Besloten vennootschap met gewone structuur","4332","Bouwtimmeren","4334","Schilderen en glaszetten","43221","Loodg.- en fitterswerk; inst. sanitair","N","N",20000719,20000719,20000725,20000719,20190301,0,0,"",2020,20211223
"Amstelveen","H","41","Besloten vennootschap met gewone structuur","6420","Financiële holdings","","","","","N","N",20000718,20000718,20000725,20000718,20110329,0,0,"",2020,20210614
"Amstelveen","H","01","Eenmanszaak","8553","Auto- en motorrijscholen","","","","","N","N",0,0,20000725,20000725,0,0,0,"",0,0
"Amsterdam","H","41","Besloten vennootschap met gewone structuur","6420","Financiële holdings","","","","","N","N",20000825,20000825,20000725,20000101,20150101,0,20000825,"",2020,20211108
"Amsterdam-Duivendrecht","H","41","Besloten vennootschap met gewone structuur","7490","Overige special. zakelijke dienstverl.","","","","","N","N",20001009,20001009,20000725,20000725,20190301,0,20001009,"",2021,20220609
"Hilversum","H","11","Vennootschap onder firma","70221","Organisatie-adviesbureaus","86922","Arbobegeleiding en reïntegratie","","","N","N",20000101,0,20001207,20000101,20080728,0,0,"",0,0
"Breda","H","41","Besloten vennootschap met gewone structuur","6202","Advisering ohgv informatietechnologie","6201","Ontwikkelen/produceren/uitgeven software","70222","Advisering ohgv management/bedrijfsv.","N","N",20000718,20000718,20060130,20000718,20060602,0,0,"",2020,20210901
"Utrecht","H","41","Besloten vennootschap met gewone structuur","6831","Bemidd. bij handel/huur/verhuur onr.goed","","","","","N","N",20000901,20000901,20180601,20000725,20180601,0,20000901,"",2021,20220401
"Utrecht","H","41","Besloten vennootschap met gewone structuur","6831","Bemidd. bij handel/huur/verhuur onr.goed","","","","","N","N",20000901,20000901,20180601,20000725,20180601,0,20000901,"",2021,20220401
"Breda","H","41","Besloten vennootschap met gewone structuur","6420","Financiële holdings","47591","Winkels in meubels","64303","Beleggingsinst. met beperkte toetreding","N","N",20000718,20000718,20190513,20000718,20190501,0,0,"",2020,20211012
"Nieuw-Vennep","H","41","Besloten vennootschap met gewone structuur","8121","Interieurreiniging van gebouwen","","","","","N","N",20000718,20000718,20000725,20000718,20210506,0,0,"",2019,20201210
"Almere","H","41","Besloten vennootschap met gewone structuur","70221","Organisatie-adviesbureaus","","","","","N","N",20051209,20051209,20051202,20000725,20051201,0,20051209,"",2019,20211002
"Heerhugowaard","H","01","Eenmanszaak","6202","Advisering ohgv informatietechnologie","6311","Gegevensverw./webhosting/aanverw. activ.","6201","Ontwikkelen/produceren/uitgeven software","N","N",0,0,20000725,20000801,20101020,0,20010101,"",0,0
"Asten","H","41","Besloten vennootschap met gewone structuur","6420","Financiële holdings","","","","","","",20010403,20010403,20010322,20000801,20050101,0,20010403,"",2020,20220520
"Asten","H","41","Besloten vennootschap met gewone structuur","7311","Reclamebureaus","","","","","","",20010404,20010404,20010322,20000801,20120501,0,20010404,"",2019,20210728
"Almere","H","41","Besloten vennootschap met gewone structuur","46731","Groothandel in hout en plaatmateriaal","","","","","J","J",20000720,20000720,20000724,20000720,0,0,0,"",2020,20211029
"Lelystad","H","41","Besloten vennootschap met gewone structuur","6420","Financiële holdings","","","","","N","N",20050531,20050531,20000725,20000725,20130426,0,20050531,"",2018,20190618
"Almere","H","01","Eenmanszaak","42112","Stratenmaken","","","","","N","N",0,0,20000725,20000801,0,0,0,"",0,0
"Leeuwarden","H","01","Eenmanszaak","69203","Boekhoudkantoren","","","","","","",0,0,20000725,0,20121123,0,20000801,"",0,0
"Leeuwarden","H","41","Besloten vennootschap met gewone structuur","7112","Ingenieurs/overig techn. ontwerp/advies","","","","","","",20010223,20010223,20000725,19940425,20120501,0,20010223,"",2020,20220525
"Leeuwarden","H","41","Besloten vennootschap met gewone structuur","70102","Holdings (geen financiële)","","","","","","",20010223,20010223,20000725,20000712,20120501,0,20010223,"",2020,20220525
"Dronryp","H","41","Besloten vennootschap met gewone structuur","70102","Holdings (geen financiële)","","","","","","",20010223,20010223,20000725,20000712,20210410,0,20010223,"",2020,20220524
"De Wilgen","","71","Vereniging met volledige rechtsbevoegdheid","94997","Overige belangenbehartiging (rest)","","","","","","",20000718,20000718,0,0,0,0,0,"",0,0
"Buitenpost","","71","Vereniging met volledige rechtsbevoegdheid","88993","Lokaal welzijnswerk","","","","","","",20000719,20000719,0,0,0,0,0,"",0,0
"Midsland","H","11","Vennootschap onder firma","5630","Cafés","","","","","","",20000401,0,20000725,19460501,20110525,0,20000401,"",0,0
"Sneek","H","41","Besloten vennootschap met gewone structuur","6832","Beheer van onroerend goed","","","","","","",20060529,20060529,20000725,20000101,20171127,0,20060529,"",2020,20211229
"Leeuwarden","H","01","Eenmanszaak","4120","Algemene burgerlijke en utiliteitsbouw","","","","","","",0,0,20000726,20000801,0,0,0,"",0,0
"Aduard","","71","Vereniging met volledige rechtsbevoegdheid","93121","Veldvoetbal","","","","","","",20000216,20000623,0,0,0,0,0,"",0,0
"Winsum","H","01","Eenmanszaak","5630","Cafés","","","","","","",0,0,20000726,20000801,20000901,0,0,"",0,0
"Yde","H","01","Eenmanszaak","4333","Afwerking van vloeren en wanden","4120","Algemene burgerlijke en utiliteitsbouw","","","","",0,0,20011005,20000801,20050101,0,20050101,"",0,0
"Baflo","H","01","Eenmanszaak","47783","Winkels in schilderijen/kunstvoorwerpen","47593","Winkels art. woninginrichting alg. ass.","","","","",0,0,20000726,20000726,20050815,0,20010611,"",0,0
"Hoogeveen","H","41","Besloten vennootschap met gewone structuur","6420","Financiële holdings","","","","","","",20000718,20000718,20000726,20000718,20070921,0,0,"",2020,0
"Peize","","74","Stichting","6420","Financiële holdings","","","","","","",20000717,20000717,0,0,0,0,0,"",0,0
"Hoogeveen","H","11","Vennootschap onder firma","8130","Landschapsverzorging","","","","","","",20020201,0,20000726,20000701,20060815,0,20020201,"",0,0
"Nijeveen","H","01","Eenmanszaak","85592","Bedrijfsopleiding en -training","70221","Organisatie-adviesbureaus","","","","",0,0,20000726,20000725,20060415,0,0,"",0,0
"Meppel","H","01","Eenmanszaak","96021","Haarverzorging","96022","Schoonheidsverzorging/pedi-/manicures","47914","Internethandel kleding, mode-artikelen","","",0,0,20000726,20000801,20140301,0,0,"",0,0
"Bergentheim","H","01","Eenmanszaak","4120","Algemene burgerlijke en utiliteitsbouw","","","","","","",0,0,20000726,20000801,20090501,0,0,"",0,0
"Ommen","H","01","Eenmanszaak","96022","Schoonheidsverzorging/pedi-/manicures","","","","","","",0,0,20000726,20000801,0,0,0,"",0,0
"Bergentheim","H","11","Vennootschap onder firma","4333","Afwerking van vloeren en wanden","","","","","","",20000801,0,20000726,20000801,20170301,0,0,"",0,0
"Heeten","H","01","Eenmanszaak","4120","Algemene burgerlijke en utiliteitsbouw","8130","Landschapsverzorging","","","","",0,0,20000726,20000801,20020203,0,0,"",0,0
"Tuk","H","01","Eenmanszaak","85592","Bedrijfsopleiding en -training","4741","Winkels in computers/randapp./software","","","","",0,0,20000726,20000801,0,0,0,"",0,0
"Balkbrug","H","41","Besloten vennootschap met gewone structuur","69209","Overige administratiekantoren","","","","","J","J",20000724,20000724,20000726,20000724,0,0,0,"",2021,20220601
"Haaksbergen","H","11","Vennootschap onder firma","56101","Restaurants","","","","","N","N",19910917,0,20000725,19821029,0,0,19910917,"",0,0
"Weerselo","H","01","Eenmanszaak","4332","Bouwtimmeren","","","","","N","N",0,0,20000725,20000801,20071215,0,0,"",0,0
"Losser","H","11","Vennootschap onder firma","4941","Goederenvervoer over weg (geen verhuiz.)","45205","Overige gespec. reparatie/slepen auto's","45204","Carrosserieherstel","N","N",20000801,0,20050210,20000801,20151008,0,0,"",0,0
"Almelo","H","41","Besloten vennootschap met gewone structuur","6420","Financiële holdings","","","","","","",20000720,20000720,20000725,20000720,20200515,0,0,"",2019,20210618
"Almelo","H","41","Besloten vennootschap met gewone structuur","6420","Financiële holdings","","","","","N","N",20000720,20000720,20000725,20000720,20160704,0,0,"",2020,20211112
"Almelo","H","01","Eenmanszaak","70221","Organisatie-adviesbureaus","","","","","","",0,0,20000725,20000801,0,0,0,"",0,0
"Hengelo","H","41","Besloten vennootschap met gewone structuur","4662","Groothandel in gereedschapswerktuigen","","","","","N","N",20000721,20000721,20000725,20000721,0,0,0,"",2020,20210601
"Almelo","","74","Stichting","93119","Overige sportaccommodaties","","","","","","",20000724,20000724,0,0,0,0,0,"",0,0
"Tubbergen","H","41","Besloten vennootschap met gewone structuur","6420","Financiële holdings","","","","","N","N",20010329,20010329,20000725,20000701,20050221,0,20010329,"",2021,20220429
"Borne","H","41","Besloten vennootschap met gewone structuur","70221","Organisatie-adviesbureaus","6420","Financiële holdings","","","N","N",20000719,20000719,20000725,20000719,0,0,0,"",2017,20180416
"Hengelo","H","42","Besloten vennootschap blijkens statuten structuurvennootschap","6420","Financiële holdings","","","","","N","N",20010102,20010102,20000725,20000710,20000710,0,20010102,"",2021,20220426
"Denekamp","H","01","Eenmanszaak","4941","Goederenvervoer over weg (geen verhuiz.)","","","","","N","N",0,0,20000725,20000725,0,0,20011101,"",0,0
"Rijssen","H","41","Besloten vennootschap met gewone structuur","70102","Holdings (geen financiële)","","","","","N","N",20000724,20000724,20000725,20000724,20040701,0,0,"",2020,20211210
"Tubbergen","H","01","Eenmanszaak","47591","Winkels in meubels","","","","","N","N",0,0,20000726,20000801,0,0,0,"",0,0
"Borculo","H","41","Besloten vennootschap met gewone structuur","7112","Ingenieurs/overig techn. ontwerp/advies","","","","","N","N",20060531,20060531,20071222,20000726,20060101,0,20060531,"",2020,20210602
"Nijmegen","H","01","Eenmanszaak","85599","Studiebegeleiding/vorming/onderwijs","86922","Arbobegeleiding en reïntegratie","","","N","N",0,0,20000726,20000701,20160725,0,20070801,"",0,0
"Arnhem","H","01","Eenmanszaak","70221","Organisatie-adviesbureaus","","","","","","",0,0,20000726,20000801,20030401,0,0,"",0,0
"Amsterdam","H","41","Besloten vennootschap met gewone structuur","7990","Info.verstr. ohgv toerisme/reservering","","","","","N","N",20010521,20010521,20100126,20000801,20100126,0,20010521,"",2017,20191007
"Gorinchem","H","01","Eenmanszaak","43991","Heien en andere funderingswerkzaamheden","","","","","","",0,0,20000726,20000726,20210730,0,0,"",0,0
"Wassenberg 41849","","74","Stichting","94993","Steunfondsen (niet ohgv welzijnszorg)","","","","","","",20000711,20000711,0,0,0,0,0,"",0,0
"Velden","H","41","Besloten vennootschap met gewone structuur","6420","Financiële holdings","","","","","N","N",20000907,20000907,20000726,20000701,20150201,0,20000907,"",2020,20211224
"Haelen","H","41","Besloten vennootschap met gewone structuur","70221","Organisatie-adviesbureaus","","","","","N","N",20010522,20010522,20000726,20000701,20070201,0,20010522,"",2020,20220503
"Heerlen","H","41","Besloten vennootschap met gewone structuur","6420","Financiële holdings","","","","","N","N",20030515,20030515,20000726,20000801,20130101,0,20030515,"",2020,20210610
"Nieuwegein","N","41","Besloten vennootschap met gewone structuur","52109","Opslag in distr.centra en overige opslag","","","","","","",19990322,19990322,20000725,20000801,0,0,0,"",2020,20210609
"Helmond","H","01","Eenmanszaak","43993","Metselen en voegen","","","","","","",0,0,20000726,20000731,0,0,0,"",0,0
"Nuenen","","71","Vereniging met volledige rechtsbevoegdheid","9492","Politieke organisaties","","","","","","",20000718,20000718,0,0,0,0,0,"",0,0
"Berghem","H","41","Besloten vennootschap met gewone structuur","70222","Advisering ohgv management/bedrijfsv.","6420","Financiële holdings","","","","",20000719,20000719,20000725,20000719,20060801,0,0,"",2019,20210927
"Geertruidenberg","H","41","Besloten vennootschap met gewone structuur","35111","Prod.elektr.(therm./kern-/warmtekracht)","6420","Financiële holdings","","","","",20000713,20000713,20170627,20000713,20170627,0,0,"",2021,0
"Amsterdam","H","41","Besloten vennootschap met gewone structuur","70222","Advisering ohgv management/bedrijfsv.","6420","Financiële holdings","","","","",20000719,20000719,20130503,20000719,20161021,0,0,"",2019,20210927
"Helmond","","74","Stichting","94997","Overige belangenbehartiging (rest)","","","","","","",20000720,20000720,0,0,0,0,0,"",0,0
"Eindhoven","H","41","Besloten vennootschap met gewone structuur","6420","Financiële holdings","","","","","N","N",20000717,20000717,20000724,20000717,0,0,0,"",2020,20210924
"Boxmeer","","74","Stichting","93299","Ov. recreatie (rest)(geen jachthavens)","","","","","","",20000720,20000720,0,0,0,0,0,"",0,0
"Asten","H","41","Besloten vennootschap met gewone structuur","70221","Organisatie-adviesbureaus","","","","","N","N",20060518,20060518,20000724,20000801,0,0,20060518,"",2020,20210524
"Casteren","","74","Stichting","9103","Monumentenzorg","","","","","","",20000718,20000718,0,0,0,0,0,"",0,0
"Liempde","H","01","Eenmanszaak","70221","Organisatie-adviesbureaus","","","","","N","N",0,0,20000725,20000801,0,0,0,"",0,0
"Rotterdam","H","01","Eenmanszaak","6201","Ontwikkelen/produceren/uitgeven software","9003","Schrijven en overige scheppende kunst","","","","",0,0,20100202,20000801,20100101,0,20010531,"",0,0
"Budel","H","11","Vennootschap onder firma","46681","GH machines voor de grafische industrie","","","","","J","J",20100101,0,20060301,20000801,20060301,0,20100101,"",0,0
"Veghel","","71","Vereniging met volledige rechtsbevoegdheid","88999","Overig maatsch.adv./gemeenschapshuizen","","","","","","",19760304,20000718,0,0,0,0,0,"",0,0
"Eindhoven","H","01","Eenmanszaak","6201","Ontwikkelen/produceren/uitgeven software","5912","Facilitaire activ. voor film-/tv-prod.","47241","Winkels in brood en banket","","",0,0,20000726,20000801,20051222,0,0,"",0,0
"Neeritter","H","01","Eenmanszaak","46383","Gesp. GH in ov. voedings- en genotm.","","","","","","",0,0,20200914,20000701,20200825,0,0,"",0,0
"Asten","H","01","Eenmanszaak","45204","Carrosserieherstel","","","","","","",0,0,20000726,20000726,0,0,0,"",0,0
"Mook","H","01","Eenmanszaak","47999","DH via overige distributievormen","","","","","J","J",0,0,20080711,20000101,20080618,0,0,"",0,0
"Sint-Michielsgestel","H","01","Eenmanszaak","4331","Stukadoren","","","","","N","N",0,0,20000726,20000726,0,0,0,"",0,0
"Rijen","H","41","Besloten vennootschap met gewone structuur","2562","Algemene metaalbewerking","70102","Holdings (geen financiële)","","","","",20020529,20020529,20000726,20000726,20030401,0,20020529,"",2020,20210507
"Almere","H","41","Besloten vennootschap met gewone structuur","6420","Financiële holdings","90012","Producenten van podiumkunst","5920","Maken en uitgeven van geluidsopnamen","","",20001129,20001129,20210104,19991201,20210101,0,20001129,"",2020,20211020
"Breda","H","41","Besloten vennootschap met gewone structuur","64923","Participatiemaatschappijen","","","","","","",20000718,20000718,20000726,20000718,20121201,0,0,"",2020,20211229
"Breda","H","41","Besloten vennootschap met gewone structuur","7320","Markt- en opinieonderzoekbureaus","70221","Organisatie-adviesbureaus","","","","",20081114,20081114,20000726,20000726,0,0,20081114,"",2020,20210726
"Prinsenbeek","H","01","Eenmanszaak","86919","Overige paramedische praktijken","","","","","","",0,0,20000726,20000726,0,0,0,"",0,0
"Etten-Leur","H","41","Besloten vennootschap met gewone structuur","70102","Holdings (geen financiële)","","","","","","",20000810,20000810,20000726,20000701,20191002,0,20000810,"",2020,20220202
"Nieuwerkerk","H","01","Eenmanszaak","96022","Schoonheidsverzorging/pedi-/manicures","","","","","N","N",0,0,20000725,19991001,20050425,0,0,"",0,0
"Yerseke","H","11","Vennootschap onder firma","5030","Binnenvaart (passagiersvaart/veerd.)","93193","Verzorgen van vistochten","93299","Ov. recreatie (rest)(geen jachthavens)","N","N",20020101,0,20000726,20000725,20121110,0,20020101,"",0,0
"Middelburg","H","41","Besloten vennootschap met gewone structuur","47711","Winkels in herenkleding","47713","Winkels in bovenkleding/mode-artikelen","","","N","N",20000824,20000824,20000726,20000720,20190124,0,20000824,"",2020,20211103
"Diemen","H","41","Besloten vennootschap met gewone structuur","78201","Uitzendbureaus","7810","Arbeidsbemiddeling","70102","Holdings (geen financiële)","N","N",19030731,19030731,20000726,20000701,20000701,0,0,"",2021,20220524
"Bergambacht","H","41","Besloten vennootschap met gewone structuur","4941","Goederenvervoer over weg (geen verhuiz.)","","","","","N","N",20020531,20020531,20000725,20000801,20010101,0,20020531,"",2021,20220513
"Rotterdam","H","41","Besloten vennootschap met gewone structuur","69101","Advocatenkantoren, bewindv. en curatoren","","","","","N","N",20000621,20000621,20000726,20000621,20200101,0,0,"",2020,20210923
"Rotterdam","H","41","Besloten vennootschap met gewone structuur","69101","Advocatenkantoren, bewindv. en curatoren","","","","","N","N",20000621,20000621,20000726,20000621,20210101,0,0,"",2020,20210923
"Vlaardingen","H","41","Besloten vennootschap met gewone structuur","6420","Financiële holdings","","","","","N","N",20000828,20000828,20000726,20000714,0,0,20000828,"",2020,20210601
"'s-Gravenhage","H","01","Eenmanszaak","7311","Reclamebureaus","74201","Fotografie","","","N","N",0,0,20011221,20000726,20211013,0,20010401,"",0,0
"Ridderkerk","H","41","Besloten vennootschap met gewone structuur","46433","GH audio- en video-apparatuur","","","","","N","N",20001026,20001026,20000726,20000703,20180921,0,20001026,"",2016,20170329
"Reeuwijk","H","01","Eenmanszaak","4332","Bouwtimmeren","","","","","N","N",0,0,20000726,20000801,0,0,0,"",0,0
"Nieuwe-Tonge","H","01","Eenmanszaak","96022","Schoonheidsverzorging/pedi-/manicures","86919","Overige paramedische praktijken","","","N","N",0,0,20000726,20000801,0,0,0,"",0,0
"Capelle aan den IJssel","","74","Stichting","66191","Admin.kantoren voor aandelen/obligaties","","","","","","",20000720,20000720,0,0,0,0,0,"",0,0
"Leidschendam","H","01","Eenmanszaak","6209","Ov. dienstv. act. ohgv informatietechn.","6202","Advisering ohgv informatietechnologie","","","N","N",0,0,20180108,20000726,20180101,0,0,"",0,0
"Nieuwerkerk ad IJssel","H","11","Vennootschap onder firma","47919","Internethandel alg.assortiment non-food","85592","Bedrijfsopleiding en -training","","","N","N",20000726,0,20000726,20000726,0,0,0,"",0,0
"Rotterdam","H","41","Besloten vennootschap met gewone structuur","6420","Financiële holdings","","","","","","",20000718,20000718,20000726,20000718,20090715,0,0,"",2020,20211215
"Duiven","H","41","Besloten vennootschap met gewone structuur","6420","Financiële holdings","","","","","","",20000721,20000721,20190228,20000101,20190215,0,20000721,"",2020,20210924
"Rotterdam","H","41","Besloten vennootschap met gewone structuur","6420","Financiële holdings","","","","","","",20000718,20000718,20000726,20000718,20220422,0,0,"",2020,20211230
"Soesterberg","N","41","Besloten vennootschap met gewone structuur","85599","Studiebegeleiding/vorming/onderwijs","","","","","N","N",19790619,19790619,20000725,20000717,0,0,0,"",2016,20180213
"'s-Gravenhage","N","01","Eenmanszaak","4120","Algemene burgerlijke en utiliteitsbouw","","","","","N","N",0,0,20000726,20000726,20091029,0,0,"",0,0
"Rotterdam","H","41","Besloten vennootschap met gewone structuur","6420","Financiële holdings","","","","","N","N",20000824,20000824,20120824,20000715,20120815,0,20000824,"",2009,20100304
"'s-Gravenhage","H","11","Vennootschap onder firma","47593","Winkels art. woninginrichting alg. ass.","91012","Kunstuitleencentra","4777","Winkels in juweliersartikelen/uurwerken","N","N",20000801,0,20000725,20000801,0,0,0,"",0,0
"'s-Gravenhage","H","11","Vennootschap onder firma","43999","Overige gespec. werkz. in de bouw (rest)","4222","Leggen van elektr.-/telecom.kabels","","","N","N",20060101,0,20000725,20000801,20071104,0,20060101,"",0,0
"Nootdorp","","74","Stichting","69203","Boekhoudkantoren","","","","","","",20000721,20000721,0,0,0,0,0,"",0,0
"Reeuwijk","","74","Stichting","93195","Organiseren van sportevenementen","","","","","","",20000623,20000623,0,0,0,0,0,"",0,0
"'s-Gravenhage","H","41","Besloten vennootschap met gewone structuur","6420","Financiële holdings","","","","","N","N",20000724,20000724,20000726,20000724,20190701,0,0,"",2020,20210715
"Olst","H","11","Vennootschap onder firma","46491","Groothandel in fietsen en bromfietsen","","","","","","",20000701,0,20070327,20000701,20070301,0,0,"",0,0
"Boskoop","H","01","Eenmanszaak","0161","Dienstverl. akker- en/of tuinbouw","8130","Landschapsverzorging","4120","Algemene burgerlijke en utiliteitsbouw","N","N",0,0,20000726,20000101,20180501,0,0,"",0,0
"Alphen aan den Rijn","H","01","Eenmanszaak","4339","Overige afwerking van gebouwen","","","","","N","N",0,0,20000725,20000801,0,0,0,"",0,0
"Rotterdam","H","01","Eenmanszaak","7311","Reclamebureaus","","","","","N","N",0,0,20030507,20000801,20220523,0,0,"",0,0
"Rijnsburg","H","41","Besloten vennootschap met gewone structuur","0161","Dienstverl. akker- en/of tuinbouw","4312","Grondverzet","4291","Natte waterbouw","","",20000630,20000630,20000726,19200000,20100201,0,20030401,"",2020,20210903
"Koudekerk aan den Rijn","H","01","Eenmanszaak","4312","Grondverzet","","","","","N","N",0,0,20000726,20000701,20000701,0,0,"",0,0
"Hollandsche Rading","H","01","Eenmanszaak","5621","Eventcatering","69209","Overige administratiekantoren","","","","",0,0,20000725,20000801,20040301,0,0,"",0,0
"Maartensdijk","H","01","Eenmanszaak","82999","Overige zakelijke dienstverlening (rest)","7112","Ingenieurs/overig techn. ontwerp/advies","33121","Rep./onderh. mach. voor algemeen gebruik","","",0,0,20000725,20000801,20120514,0,0,"",0,0
"Mijdrecht","H","01","Eenmanszaak","96021","Haarverzorging","","","","","","",0,0,20000725,20000801,20010801,0,0,"",0,0
"Veenendaal","H","41","Besloten vennootschap met gewone structuur","7311","Reclamebureaus","","","","","N","N",20050531,20050531,20040309,20000801,20040227,0,20050531,"",2020,20220601
"De Meern","H","41","Besloten vennootschap met gewone structuur","70102","Holdings (geen financiële)","","","","","","",20000725,20000725,20000726,20000725,20040427,0,0,"",2020,20210621
"Vinkeveen","H","01","Eenmanszaak","4120","Algemene burgerlijke en utiliteitsbouw","","","","","","",0,0,20000726,20000726,0,0,0,"",0,0
"Bosch en Duin","H","41","Besloten vennootschap met gewone structuur","70102","Holdings (geen financiële)","","","","","","",20000825,20000825,20000726,20000701,20090105,0,20000825,"",2020,20211028
"Veenendaal","H","41","Besloten vennootschap met gewone structuur","85592","Bedrijfsopleiding en -training","","","","","","",20000825,20000825,20000726,20000701,0,0,20000825,"",2020,20211028
"Woerden","H","41","Besloten vennootschap met gewone structuur","6311","Gegevensverw./webhosting/aanverw. activ.","","","","","","",20070912,20070912,20000726,20000701,20151019,0,20070912,"",2021,20220510
"Abcoude","H","41","Besloten vennootschap met gewone structuur","6420","Financiële holdings","6831","Bemidd. bij handel/huur/verhuur onr.goed","8219","Secretariële dienstverlening","","",20000925,20000925,20000726,20000701,0,0,20000925,"",2021,20220531
"Hoogland","H","41","Besloten vennootschap met gewone structuur","46491","Groothandel in fietsen en bromfietsen","","","","","J","J",20000822,20000822,20000829,19920101,20120202,0,20000822,"",2020,20211215
"'s-Graveland","H","41","Besloten vennootschap met gewone structuur","6420","Financiële holdings","70221","Organisatie-adviesbureaus","","","","",20000718,20000718,20000726,20000718,20161201,0,0,"",2020,20210510
"Loosdrecht","H","41","Besloten vennootschap met gewone structuur","5110","Personenvervoer door de lucht","5121","Goederenvervoer door de lucht","","","J","J",20000711,20000711,20000726,20000711,20171204,0,0,"",2020,20211202
"Eemnes","","74","Stichting","66191","Admin.kantoren voor aandelen/obligaties","","","","","","",20000713,20000713,0,0,0,0,0,"",0,0
"Loosdrecht","H","41","Besloten vennootschap met gewone structuur","6810","Handel in eigen onroerend goed","","","","","","",20000726,20000726,20000726,20000726,0,0,0,"",2020,20210729
"Hilversum","H","41","Besloten vennootschap met gewone structuur","59111","Prod. films (geen televisiefilms)","70221","Organisatie-adviesbureaus","","","","",20000919,20000919,20200401,20000801,20210323,0,20000919,"",2020,20211018
"Laren","H","41","Besloten vennootschap met gewone structuur","6420","Financiële holdings","","","","","","",20000818,20000818,20000726,20000601,20180810,0,20000818,"",2020,20220323
"Soest","H","01","Eenmanszaak","56101","Restaurants","","","","","","",0,0,20000726,20000726,20150101,0,0,"",0,0
"Amersfoort","H","41","Besloten vennootschap met gewone structuur","6420","Financiële holdings","78202","Uitleenbureaus","","","","",20000801,20000801,20000726,20000701,0,0,20000801,"",2018,20200117
"Maastricht","","74","Stichting","6420","Financiële holdings","","","","","","",20000704,20000704,0,0,0,0,0,"",0,0
"Amsterdam","H","01","Eenmanszaak","5920","Maken en uitgeven van geluidsopnamen","59112","Productie van televisieprogramma's","9003","Schrijven en overige scheppende kunst","N","N",0,0,20000726,20000601,20220112,0,0,"",0,0
"Sittard","","74","Stichting","90012","Producenten van podiumkunst","","","","","","",20000713,20000713,0,0,0,0,0,"",0,0
"Pieterburen","H","41","Besloten vennootschap met gewone structuur","6420","Financiële holdings","","","","","N","N",20000721,20000721,20030210,20000721,20030207,0,0,"",2021,20220315
"Zaltbommel","H","41","Besloten vennootschap met gewone structuur","6420","Financiële holdings","","","","","N","N",20000719,20000719,20090603,20000719,20190923,0,0,"",2020,20210714
"Amsterdam","","74","Stichting","9103","Monumentenzorg","","","","","","",20000725,0,0,0,0,0,0,"",0,0
"Etten-Leur","H","41","Besloten vennootschap met gewone structuur","0143","Fokken en houden van paarden en ezels","","","","","N","N",20010424,20010424,20100811,20000726,20100805,0,20010424,"",2018,20220121
"'s-Gravenhage","","74","Stichting","7740","Lease niet-financiële immateriële activa","","","","","","",20000706,20000706,0,0,0,0,0,"",0,0
"Loenen aan de Vecht","H","41","Besloten vennootschap met gewone structuur","69201","Registeraccountants","69204","Belastingconsulenten","70221","Organisatie-adviesbureaus","N","N",20001027,20001027,20020625,20000719,20020601,0,20001027,"",2016,20170613
"Amsterdam","","74","Stichting","69209","Overige administratiekantoren","","","","","","",20000720,20000720,0,0,0,0,0,"",0,0
"Wijdewormer","H","01","Eenmanszaak","01411","Houden van melkvee","4312","Grondverzet","","","N","N",0,0,20000726,20000801,0,0,0,"",0,0
"Edam","H","01","Eenmanszaak","8121","Interieurreiniging van gebouwen","","","","","N","N",0,0,20090724,20000727,20090501,0,0,"",0,0
"Santpoort-Noord","H","11","Vennootschap onder firma","47712","Winkels in dameskleding","47716","Winkels in onderkleding, foundations ed.","47721","Winkels in schoenen","N","N",20000701,0,20000726,20000701,0,0,0,"",0,0
"Oude Meer","H","41","Besloten vennootschap met gewone structuur","6420","Financiële holdings","","","","","N","N",20000707,20000707,20000726,20000707,20130101,0,0,"",2020,20211230
"Oude Meer","H","41","Besloten vennootschap met gewone structuur","4616","HB textiel/kleding/schoeisel/lederwaren","4618","HB gespecialiseerd in overige goederen","","","N","N",20000708,20000708,20000726,20000708,20130101,0,0,"",2020,20211230
"Santpoort-Zuid","H","41","Besloten vennootschap met gewone structuur","6420","Financiële holdings","","","","","N","N",20000714,20000714,20000726,20000714,20201102,0,0,"",2019,20200606
"'s-Gravenhage","H","21","Commanditaire vennootschap","4648","GH juweliersartikelen en uurwerken","","","","","N","N",20000401,0,20150106,20000401,20150915,0,0,"",0,0
"Eindhoven","H","41","Besloten vennootschap met gewone structuur","70221","Organisatie-adviesbureaus","6202","Advisering ohgv informatietechnologie","","","N","N",20000920,20000920,20130108,20000725,20130103,0,20000920,"",2020,20210615
"Oude Meer","H","41","Besloten vennootschap met gewone structuur","6420","Financiële holdings","","","","","N","N",20000707,20000707,20000726,20000707,20130101,0,0,"",2020,20211230
"Amstelveen","H","41","Besloten vennootschap met gewone structuur","70221","Organisatie-adviesbureaus","69209","Overige administratiekantoren","64303","Beleggingsinst. met beperkte toetreding","N","N",20020729,20020729,20000726,20000726,20140411,0,20020729,"",2021,20220419
"Amsterdam","H","41","Besloten vennootschap met gewone structuur","6420","Financiële holdings","","","","","N","N",20000720,20000720,20200718,20000720,20211209,0,0,"",2020,20211118
"Zandvoort","H","01","Eenmanszaak","56102","Fastfoodrest, cafet, ijssal, eetkr e.d.","47819","Markthandel overige voedings- en genotm.","","","N","N",0,0,20000726,20000601,20190712,0,20000727,"",0,0
"Nieuw-Vennep","H","01","Eenmanszaak","4332","Bouwtimmeren","","","","","N","N",0,0,20000726,20000731,0,0,0,"",0,0
"Amsterdam","H","11","Vennootschap onder firma","7311","Reclamebureaus","6201","Ontwikkelen/produceren/uitgeven software","","","N","N",20070101,0,20000726,20000101,20130501,0,20070101,"",0,0
"Haarlem","H","01","Eenmanszaak","6201","Ontwikkelen/produceren/uitgeven software","90012","Producenten van podiumkunst","","","N","N",0,0,20000726,20000101,20160902,0,0,"",0,0
"Amsterdam","H","41","Besloten vennootschap met gewone structuur","70221","Organisatie-adviesbureaus","4651","GH computers, randapparatuur en software","6202","Advisering ohgv informatietechnologie","N","N",20030528,20030528,20000726,20000622,20190220,0,20030528,"",2020,20211125
"Amsterdam","H","41","Besloten vennootschap met gewone structuur","70221","Organisatie-adviesbureaus","","","","","N","N",20030528,20030528,20000726,20000622,20190220,0,20030528,"",2020,20211125
"Amsterdam","H","41","Besloten vennootschap met gewone structuur","64923","Participatiemaatschappijen","","","","","N","N",20000703,20000703,20220608,20000703,20220603,0,0,"",2020,20210818
"Bovenkarspel","H","01","Eenmanszaak","4312","Grondverzet","","","","","","",0,0,20000725,20000801,20080102,0,0,"",0,0
"Egmond aan den Hoef","H","01","Eenmanszaak","2562","Algemene metaalbewerking","","","","","N","N",0,0,20000726,20000801,20071001,0,0,"",0,0
"Haarlem","H","01","Eenmanszaak","7112","Ingenieurs/overig techn. ontwerp/advies","4120","Algemene burgerlijke en utiliteitsbouw","","","N","N",0,0,20190821,20000801,20190726,0,0,"",0,0
"Warmenhuizen","H","01","Eenmanszaak","4941","Goederenvervoer over weg (geen verhuiz.)","77399","Verh./lease ov.mach./werkt./ov. goederen","","","N","N",0,0,20000726,20000725,0,0,20050801,"",0,0
"Schellinkhout","H","41","Besloten vennootschap met gewone structuur","5920","Maken en uitgeven van geluidsopnamen","","","","","N","J",20060331,20060331,20000726,20000726,20171002,0,20060331,"",2020,20210702
"Breezand","H","41","Besloten vennootschap met gewone structuur","6420","Financiële holdings","","","","","N","N",20000908,20000908,20000726,20000101,20151229,0,20000908,"",2020,20220504
"Warmenhuizen","H","01","Eenmanszaak","7311","Reclamebureaus","5811","Uitgeverijen van boeken","","","N","N",0,0,20000726,20000801,20170201,0,0,"",0,0
"Nijetrijne","H","01","Eenmanszaak","6202","Advisering ohgv informatietechnologie","","","","","N","N",0,0,20170412,20000801,20170401,0,0,"",0,0
"Dronten","H","01","Eenmanszaak","6622","Assurantietussenpersonen","","","","","N","N",0,0,20000726,20000801,0,0,0,"",0,0
"Harkema","H","41","Besloten vennootschap met gewone structuur","70102","Holdings (geen financiële)","","","","","","",20010223,20010223,20000725,20000712,20030512,0,20010223,"",2020,20220525
"Tytsjerk","","74","Stichting","94992","Hobbyclubs","","","","","","",20000724,20000724,0,0,0,0,0,"",0,0
"Holwerd","H","01","Eenmanszaak","4120","Algemene burgerlijke en utiliteitsbouw","31011","Interieurbouw","","","J","N",0,0,20000727,20000728,20090715,0,0,"",0,0
"Sloten","H","74","Stichting","91021","Musea","","","","","N","N",20000706,20000706,20110617,20010101,0,0,0,"",0,0
"Mildam","H","01","Eenmanszaak","93299","Ov. recreatie (rest)(geen jachthavens)","7021","Adviesbureaus publ. relations en comm.","","","","",0,0,20000726,20000801,20201009,0,0,"",0,0
"Leek","H","01","Eenmanszaak","43221","Loodg.- en fitterswerk; inst. sanitair","4321","Elektrotechnische bouwinstallatie","","","","",0,0,20000727,20000801,20011015,0,0,"",0,0
"Ter Apel","H","41","Besloten vennootschap met gewone structuur","43221","Loodg.- en fitterswerk; inst. sanitair","4321","Elektrotechnische bouwinstallatie","","","","",20050530,20050530,20000727,20000801,20070508,0,20050530,"",2020,20211217
"De Wilp","H","01","Eenmanszaak","8891","Kinderopvang","","","","","N","N",0,0,20000727,20000727,0,0,0,"",0,0
"Beilen","H","11","Vennootschap onder firma","4762","Winkels kranten/tijdschr./kantoorbeh.","5310","Nationale post met univer. dienstverpl.","4726","Winkels in tabaksproducten","","",20060101,0,20000727,20000801,0,0,20060101,"",0,0
"Hardenberg","","71","Vereniging met volledige rechtsbevoegdheid","85321","Middelbaar beroepsonderwijs","","","","","","",20000701,20001227,0,0,0,0,0,"",0,0
"Dronten","H","01","Eenmanszaak","6202","Advisering ohgv informatietechnologie","","","","","N","N",0,0,20021003,20000801,20090901,0,0,"",0,0
"Zwolle","","74","Stichting","94995","Overk. organen (niet ohgv welzijn/sport)","","","","","","",20000706,20000706,0,0,0,0,0,"",0,0
"Laag Zuthem","H","01","Eenmanszaak","5920","Maken en uitgeven van geluidsopnamen","9002","Dienstverlening voor uitvoerende kunst","85592","Bedrijfsopleiding en -training","","",0,0,20000727,20000205,20181220,0,0,"",0,0
"Rijssen","N","41","Besloten vennootschap met gewone structuur","69201","Registeraccountants","","","","","N","N",19740920,19740920,20000726,20000721,0,0,0,"",2021,20220524
"Deventer","H","41","Besloten vennootschap met gewone structuur","7021","Adviesbureaus publ. relations en comm.","78202","Uitleenbureaus","","","N","N",20090331,20090331,20181101,20000801,20181015,0,20090331,"",2019,20201217
"Enschede","H","41","Besloten vennootschap met gewone structuur","6420","Financiële holdings","70222","Advisering ohgv management/bedrijfsv.","","","N","N",20000725,20000725,20000726,20000725,20161212,0,0,"",2018,20191022
"Haaksbergen","H","71","Vereniging met volledige rechtsbevoegdheid","93299","Ov. recreatie (rest)(geen jachthavens)","","","","","N","N",20000712,20000712,20211108,20211108,0,0,0,"",0,0
"Deventer","H","01","Eenmanszaak","70221","Organisatie-adviesbureaus","","","","","N","N",0,0,20050722,20000801,20100501,0,20061214,"",0,0
"Apeldoorn","H","11","Vennootschap onder firma","53202","Koeriers","","","","","N","N",20000701,0,20000726,20000701,20201114,0,0,"",0,0
"Apeldoorn","","74","Stichting","94997","Overige belangenbehartiging (rest)","","","","","","",20000724,20000724,0,0,0,0,0,"",0,0
"Rijssen","H","01","Eenmanszaak","7311","Reclamebureaus","","","","","N","N",0,0,20000727,20000801,20200509,0,0,"",0,0
"Barneveld","H","41","Besloten vennootschap met gewone structuur","42111","Wegenbouw","","","","","N","N",20011113,20011113,20000727,20000701,20190701,0,20011113,"",2020,20210729
"Well","H","41","Besloten vennootschap met gewone structuur","6420","Financiële holdings","78202","Uitleenbureaus","","","","",20001024,20001024,20000727,20000615,0,0,20001024,"",2018,20191231
"Geldermalsen","H","41","Besloten vennootschap met gewone structuur","8291","Kredietinformatie- en incassobureaus","","","","","","",20000914,20000914,20150202,20000721,20150131,0,20000914,"",2020,20210520
"Druten","H","41","Besloten vennootschap met gewone structuur","4711","Supermarkten e.d. winkels alg.ass.v.gm.","","","","","","",20000817,20000817,20000727,20000721,0,0,20000817,"",2020,0
"Venlo","H","41","Besloten vennootschap met gewone structuur","6201","Ontwikkelen/produceren/uitgeven software","78202","Uitleenbureaus","","","N","N",20000907,20000907,20010518,20000701,20080123,0,20000907,"",2020,20210713
"Haelen","","72","Vereniging met beperkte rechtsbevoegdheid","94991","Gezelligheidsverenigingen","","","","","","",19910600,0,0,0,0,0,0,"",0,0
"Baarlo","","74","Stichting","66191","Admin.kantoren voor aandelen/obligaties","","","","","","",20000619,20000619,0,0,0,0,0,"",0,0
"Thorn","H","01","Eenmanszaak","69203","Boekhoudkantoren","88999","Overig maatsch.adv./gemeenschapshuizen","69204","Belastingconsulenten","N","N",0,0,20000727,20000701,20201224,0,0,"",0,0
"Tegelen","H","11","Vennootschap onder firma","47241","Winkels in brood en banket","","","","","N","N",20000801,0,20000727,20000801,0,0,20000801,"",0,0
"Panningen","H","11","Vennootschap onder firma","47789","Winkels gespec. in overige art. (rest)","","","","","N","N",20050101,0,20000727,19990201,20030501,0,20050101,"",0,0
"Weert","","71","Vereniging met volledige rechtsbevoegdheid","64303","Beleggingsinst. met beperkte toetreding","","","","","","",20000713,20000713,0,0,0,0,0,"",0,0
"Neer","H","41","Besloten vennootschap met gewone structuur","4120","Algemene burgerlijke en utiliteitsbouw","","","","","N","N",20001219,20001219,20000727,20000701,0,0,20001219,"",2021,20220318
"Eygelshoven","","71","Vereniging met volledige rechtsbevoegdheid","70222","Advisering ohgv management/bedrijfsv.","","","","","","",19920316,19920316,0,0,0,0,0,"",0,0
"Margraten","H","01","Eenmanszaak","8130","Landschapsverzorging","86919","Overige paramedische praktijken","","","N","N",0,0,20000727,20000803,0,0,0,"",0,0
"Maastricht","H","41","Besloten vennootschap met gewone structuur","70102","Holdings (geen financiële)","","","","","","",20000802,20000802,20000727,20000601,20080619,0,20000802,"",2019,20210818
"Obbicht","H","01","Eenmanszaak","45112","Handel/rep. personen-/lichte bedr.auto's","","","","","N","N",0,0,20000727,20000101,20180101,0,0,"",0,0
"Kerkrade","H","01","Eenmanszaak","70221","Organisatie-adviesbureaus","","","","","N","N",0,0,20000727,20000801,20220301,0,0,"",0,0
"Heerlen","","74","Stichting","88993","Lokaal welzijnswerk","","","","","","",20000630,20000630,0,0,0,0,0,"",0,0
"Kerkrade","","74","Stichting","9002","Dienstverlening voor uitvoerende kunst","","","","","","",20000721,20000721,0,0,0,0,0,"",0,0
"Heerlen","H","01","Eenmanszaak","85592","Bedrijfsopleiding en -training","85599","Studiebegeleiding/vorming/onderwijs","","","N","N",0,0,20000727,20000701,20191114,0,0,"",0,0
"Veldhoven","N","01","Eenmanszaak","46231","Groothandel in levend vee","","","","","","",0,0,20000727,20000501,20120508,0,0,"",0,0
"Herpen","H","01","Eenmanszaak","8891","Kinderopvang","","","","","","",0,0,20000726,19970621,0,0,20010701,"",0,0
"Heeswijk-Dinther","H","41","Besloten vennootschap met gewone structuur","6420","Financiële holdings","","","","","","",20000831,20000831,20000726,20000701,20060606,0,20000831,"",2020,20210616
"Eindhoven","H","41","Besloten vennootschap met gewone structuur","70222","Advisering ohgv management/bedrijfsv.","78202","Uitleenbureaus","6202","Advisering ohgv informatietechnologie","","",20000912,20000912,20000726,20000717,20030410,0,20000912,"",2021,20220516
"Heeze","H","41","Besloten vennootschap met gewone structuur","6420","Financiële holdings","","","","","N","N",20021017,20021017,20000726,19990601,0,0,20021017,"",2021,20220223
"Berlicum","H","01","Eenmanszaak","69202","Accountants-administratieconsulenten","","","","","N","N",0,0,20000727,20000801,20080617,0,0,"",0,0
"Bakel","","71","Vereniging met volledige rechtsbevoegdheid","90011","Beoefening van podiumkunst","","","","","","",20000724,20000724,0,0,0,0,0,"",0,0
"Vinkel","H","41","Besloten vennootschap met gewone structuur","6201","Ontwikkelen/produceren/uitgeven software","","","","","J","J",20010427,20010427,20020917,20000701,20220601,0,20010427,"",2020,20211029
"Eindhoven","H","01","Eenmanszaak","74201","Fotografie","","","","","N","N",0,0,20000726,20000801,20200901,0,0,"",0,0
"Helmond","H","41","Besloten vennootschap met gewone structuur","6420","Financiële holdings","","","","","","",20000719,20000719,20000726,20000719,20020701,0,0,"",2018,20190529
"Veghel","H","41","Besloten vennootschap met gewone structuur","6420","Financiële holdings","","","","","","",20000724,20000724,20000726,20000724,0,0,0,"",2020,20210422
"'s-Hertogenbosch","H","41","Besloten vennootschap met gewone structuur","6312","Webportals","6311","Gegevensverw./webhosting/aanverw. activ.","","","","",20001012,20001012,20000726,20000701,20171101,0,0,"",2020,20220113
"Gemert","H","11","Vennootschap onder firma","4332","Bouwtimmeren","","","","","","",20000701,0,20000726,20000701,20050901,0,0,"",0,0
"Rosmalen","H","41","Besloten vennootschap met gewone structuur","6420","Financiële holdings","","","","","N","N",20000719,20000719,20000726,20000719,20190715,0,0,"",2020,20220224
"Clinge","H","11","Vennootschap onder firma","6311","Gegevensverw./webhosting/aanverw. activ.","6202","Advisering ohgv informatietechnologie","","","","",20000727,0,20180403,20000727,20180401,0,0,"",0,0
"Raamsdonksveer","","74","Stichting","66191","Admin.kantoren voor aandelen/obligaties","","","","","","",20000711,20000711,20071222,0,0,0,0,"",0,0
"Oosterhout","H","11","Vennootschap onder firma","4321","Elektrotechnische bouwinstallatie","4222","Leggen van elektr.-/telecom.kabels","8020","Beveiliging via beveiligingssystemen","","",20041011,0,20011119,20000726,20070827,0,20041011,"",0,0
"Rijen","H","41","Besloten vennootschap met gewone structuur","93125","Paardensport en maneges","","","","","","",20000725,20000725,20000727,20000725,0,0,0,"",2020,20220331
"Rijen","H","41","Besloten vennootschap met gewone structuur","5630","Cafés","56101","Restaurants","","","","",20000725,20000725,20000727,20000725,0,0,0,"",2020,20220331
"Klundert","H","41","Besloten vennootschap met gewone structuur","2511","Verv. metalen constr.werken/delen ervan","4334","Schilderen en glaszetten","","","","",20000711,20000711,20000721,20000711,0,0,0,"",2020,20220203
"Klundert","H","41","Besloten vennootschap met gewone structuur","7112","Ingenieurs/overig techn. ontwerp/advies","","","","","","",20000711,20000711,20000721,20000711,20170401,0,0,"",2020,20220203
"Etten-Leur","H","01","Eenmanszaak","4333","Afwerking van vloeren en wanden","4332","Bouwtimmeren","","","","",0,0,20000727,20000801,20131026,0,0,"",0,0
"Oosterhout","H","01","Eenmanszaak","4777","Winkels in juweliersartikelen/uurwerken","","","","","","",0,0,20000727,20000727,0,0,0,"",0,0
"Kloetinge","H","01","Eenmanszaak","4120","Algemene burgerlijke en utiliteitsbouw","","","","","N","N",0,0,20000727,20000328,20210201,0,0,"",0,0
"Goes","H","41","Besloten vennootschap met gewone structuur","6622","Assurantietussenpersonen","6420","Financiële holdings","","","N","N",20000726,20000726,20000727,20000726,20190429,0,0,"",2019,20220114
"Bergschenhoek","H","41","Besloten vennootschap met gewone structuur","5630","Cafés","55101","Hotel-restaurants","","","","",19760428,19760428,20201117,19740401,20201117,0,19760428,"",2020,20220222
"Bosch en Duin","H","41","Besloten vennootschap met gewone structuur","6420","Financiële holdings","","","","","N","N",20000719,20000719,20150409,20000719,20150407,0,0,"",2019,20220309
"Ridderkerk","H","41","Besloten vennootschap met gewone structuur","70221","Organisatie-adviesbureaus","","","","","N","N",20000703,20000703,20000727,20000703,0,0,0,"",2017,20180601
"Ouderkerk aan den IJssel","H","11","Vennootschap onder firma","01411","Houden van melkvee","","","","","N","N",20000101,0,20000727,20000101,0,0,0,"",0,0
"De Meern","H","41","Besloten vennootschap met gewone structuur","46902","Niet-gespec. GH in niet-consumentenart.","","","","","","",20000719,20000719,20120220,20000719,20220413,0,0,"",2020,20210506
"Oegstgeest","H","01","Eenmanszaak","90011","Beoefening van podiumkunst","5920","Maken en uitgeven van geluidsopnamen","85522","Kunstzinnige vorming voor amateurs","N","N",0,0,20070227,20000101,20061002,0,0,"",0,0
"Rotterdam","H","01","Eenmanszaak","4332","Bouwtimmeren","","","","","N","N",0,0,20000727,20000801,20030613,0,0,"",0,0
"Burgh-Haamstede","H","01","Eenmanszaak","86922","Arbobegeleiding en reïntegratie","","","","","N","N",0,0,20200327,20000801,20200324,0,0,"",0,0
"Rotterdam","H","41","Besloten vennootschap met gewone structuur","70221","Organisatie-adviesbureaus","78202","Uitleenbureaus","","","","",20010119,20010119,20000727,20000726,20150521,0,20010119,"",2020,20220426
"Zuid-Beijerland","H","01","Eenmanszaak","6311","Gegevensverw./webhosting/aanverw. activ.","6201","Ontwikkelen/produceren/uitgeven software","","","","",0,0,20000727,20000801,20181001,0,0,"",0,0
"Moordrecht","H","01","Eenmanszaak","9609","Overige dienstverlening (rest)","","","","","","",0,0,20000727,20000801,20170925,0,0,"",0,0
"Nieuwkoop","H","01","Eenmanszaak","7732","Verh./lease machines/instal.voor de bouw","","","","","N","N",0,0,20060201,20000727,20170420,0,0,"",0,0
"Capelle aan den IJssel","H","01","Eenmanszaak","4932","Vervoer per taxi","","","","","N","N",0,0,20000727,20000801,0,0,0,"",0,0
"Rockanje","H","01","Eenmanszaak","43999","Overige gespec. werkz. in de bouw (rest)","","","","","N","N",0,0,20000727,20000727,20090601,0,0,"",0,0
"Rotterdam","H","01","Eenmanszaak","9002","Dienstverlening voor uitvoerende kunst","","","","","N","N",0,0,20000727,20000727,0,0,0,"",0,0
"Bleiswijk","H","01","Eenmanszaak","74201","Fotografie","","","","","N","N",0,0,20000725,20000801,0,0,0,"",0,0
"'s-Gravenhage","H","41","Besloten vennootschap met gewone structuur","64301","Beleggingsinstell. in financiële activa","","","","","N","N",20000720,20000720,20130418,20000720,20191101,0,0,"",2019,20210517
"'s-Hertogenbosch","","72","Vereniging met beperkte rechtsbevoegdheid","64303","Beleggingsinst. met beperkte toetreding","","","","","","",20000529,0,0,0,0,0,0,"",0,0
"Delft","H","01","Eenmanszaak","4120","Algemene burgerlijke en utiliteitsbouw","42112","Stratenmaken","","","N","N",0,0,20000727,20000727,20040601,0,20011029,"",0,0
"De Schiphorst","H","01","Eenmanszaak","9003","Schrijven en overige scheppende kunst","70221","Organisatie-adviesbureaus","","","N","N",0,0,20100504,20000707,20100501,0,0,"",0,0
"'s-Gravenhage","H","11","Vennootschap onder firma","69203","Boekhoudkantoren","","","","","N","N",20000701,0,20000727,20000701,20061110,0,0,"",0,0
"Wassenaar","H","41","Besloten vennootschap met gewone structuur","70102","Holdings (geen financiële)","","","","","N","N",20000726,20000726,20000727,20000726,20201001,0,0,"",2020,20210916
"Hoenderloo","H","41","Besloten vennootschap met gewone structuur","6420","Financiële holdings","","","","","N","N",20000726,20000726,20140821,20000726,20150501,0,0,"",2020,20210611
"Voorburg","H","11","Vennootschap onder firma","6201","Ontwikkelen/produceren/uitgeven software","","","","","N","N",20000701,0,20000727,20000701,20151101,0,0,"",0,0
"Roelofarendsveen","H","41","Besloten vennootschap met gewone structuur","6420","Financiële holdings","","","","","N","N",20000717,20000717,20000726,20000717,20210401,0,0,"",2020,20211227
"Vught","H","41","Besloten vennootschap met gewone structuur","70221","Organisatie-adviesbureaus","","","","","N","N",20010926,20010926,20141010,20000801,20190401,0,20010926,"",2020,20211230
"Leiden","H","01","Eenmanszaak","86913","Praktijken van psychotherapeuten/-logen","","","","","N","N",0,0,20000727,20000727,0,0,0,"",0,0
"Groenekan","","74","Stichting","93127","Auto- en motorsport","","","","","","",20000705,20000705,0,0,0,0,0,"",0,0
"Benschop","H","01","Eenmanszaak","5920","Maken en uitgeven van geluidsopnamen","","","","","","",0,0,20000727,20000101,20070917,0,0,"",0,0
"Amsterdam","H","01","Eenmanszaak","4782","Markthandel in textiel/kleding/schoeisel","","","","","N","N",0,0,20040527,20000801,20180702,0,0,"",0,0
"Utrecht","H","41","Besloten vennootschap met gewone structuur","7311","Reclamebureaus","70221","Organisatie-adviesbureaus","","","N","N",20050712,20050712,20000727,20000727,20080901,0,20050712,"",2020,20210824
"Tull en 't Waal","H","01","Eenmanszaak","4120","Algemene burgerlijke en utiliteitsbouw","","","","","","",0,0,20000727,20000801,20181031,0,0,"",0,0
"Hoevelaken","H","41","Besloten vennootschap met gewone structuur","2599","Verv. overige producten van metaal","46738","Groothandel gespec. in overige bouwmat.","2562","Algemene metaalbewerking","","",20030528,20030528,20000727,19970101,20030528,0,20030528,"",2020,20210928
"Amersfoort","H","41","Besloten vennootschap met gewone structuur","6420","Financiële holdings","","","","","","",20000717,20000717,20000727,20000717,20030821,0,0,"",2020,20220211
"Amersfoort","H","41","Besloten vennootschap met gewone structuur","4110","Projectontwikkeling","","","","","","",20000720,20000720,20000727,20000720,0,0,0,"",2016,20170912
"Amsterdam","H","41","Besloten vennootschap met gewone structuur","6420","Financiële holdings","","","","","","",20000717,20000717,20080827,20000717,20080818,0,0,"",2020,20210202
"Huizen","H","01","Eenmanszaak","74102","Industrieel en productontwerp","47919","Internethandel alg.assortiment non-food","7490","Overige special. zakelijke dienstverl.","","",0,0,20000727,20000801,0,0,0,"",0,0
"Amersfoort","H","01","Eenmanszaak","6311","Gegevensverw./webhosting/aanverw. activ.","9529","Reparatie van overige consumentenart.","","","N","N",0,0,20000727,20000801,20010621,0,0,"",0,0
"De Bilt","N","41","Besloten vennootschap met gewone structuur","47597","Winkels in huishoudelijke art. alg. ass.","","","","","N","N",19751114,19751114,20000727,20000724,20000724,0,0,"",2022,0
"Deventer","N","41","Besloten vennootschap met gewone structuur","47431","Winkels in audio- en videoapparatuur","47541","Winkels in witgoed","","","N","N",19720310,19720310,20000727,20000727,0,0,0,"",2022,0
"Amsterdam","","74","Stichting","6420","Financiële holdings","","","","","","",20000427,20000427,0,0,0,0,0,"",0,0
"Amsterdam","H","41","Besloten vennootschap met gewone structuur","70102","Holdings (geen financiële)","","","","","N","N",20000715,20000715,20000727,20000101,20191201,0,20000715,"",2020,20220418
"Amsterdam","","72","Vereniging met beperkte rechtsbevoegdheid","93143","Kracht- en vechtsport","","","","","","",19990801,19990801,0,0,0,0,0,"",0,0
"Amstelveen","H","41","Besloten vennootschap met gewone structuur","6420","Financiële holdings","","","","","N","N",20000712,20000712,20000727,20000712,0,0,0,"",2017,20190131
"Amsterdam","H","01","Eenmanszaak","4120","Algemene burgerlijke en utiliteitsbouw","","","","","N","N",0,0,20000727,20000727,20151120,0,0,"",0,0
"Hoofddorp","H","01","Eenmanszaak","96021","Haarverzorging","47292","Winkels in natuurvoeding/reformartikelen","","","N","N",0,0,20000727,20000727,20070801,0,0,"",0,0
"Haarlem","H","41","Besloten vennootschap met gewone structuur","6420","Financiële holdings","","","","","N","N",20001027,20001027,20000727,20000705,20090201,0,20001027,"",2020,20211006
"Ouderkerk Aan De Amstel","H","41","Besloten vennootschap met gewone structuur","6420","Financiële holdings","","","","","N","N",20000712,20000712,20000727,20000712,20170130,0,0,"",2019,20210429
"Hoofddorp","","74","Stichting","88999","Overig maatsch.adv./gemeenschapshuizen","","","","","","",20000721,20000721,0,0,0,0,0,"",0,0
"Amsterdam","H","01","Eenmanszaak","9003","Schrijven en overige scheppende kunst","","","","","N","N",0,0,20000727,20000727,0,0,0,"",0,0
"Amsterdam","H","41","Besloten vennootschap met gewone structuur","7312","Handel in advertentieruimte en -tijd","7320","Markt- en opinieonderzoekbureaus","7021","Adviesbureaus publ. relations en comm.","N","N",20001026,20001026,20000727,20000726,20220201,0,20001026,"",2019,20210218
"Haarlem","H","01","Eenmanszaak","47761","Winkels bloemen/planten/zaden/tuinbenod.","","","","","N","N",0,0,20000727,19960101,20030801,0,0,"",0,0
"Zuidschermer","H","01","Eenmanszaak","69203","Boekhoudkantoren","","","","","","",0,0,20000726,20000801,0,0,0,"",0,0
"Limmen","H","11","Vennootschap onder firma","43221","Loodg.- en fitterswerk; inst. sanitair","8129","Overige reiniging","","","N","N",20000801,0,20000726,20000801,20011201,0,0,"",0,0
"Edam","H","01","Eenmanszaak","9524","Reparatie en stoffering van meubels","","","","","","",0,0,20000727,20000727,0,0,0,"",0,0
"Nieuwe Niedorp","","74","Stichting","91021","Musea","","","","","","",20000726,20000726,0,0,0,0,0,"",0,0
"Alkmaar","H","41","Besloten vennootschap met gewone structuur","7311","Reclamebureaus","","","","","N","N",20000915,20000915,20060703,20000701,20220202,0,20000915,"",2020,20211109
"Almere","H","41","Besloten vennootschap met gewone structuur","47521","Winkels in ijzerwaren en gereedschappen","47915","Internethandel huis- en tuinartikelen","","","","",20000726,20000726,20000727,20000726,20180927,0,0,"",2020,20220211
"Weesp","","74","Stichting","7220","Speur-/ontw.werk ogv maats./geesteswet.","","","","","","",19860212,19860212,20110725,0,0,0,0,"",0,0
"Hemrik","H","41","Besloten vennootschap met gewone structuur","70102","Holdings (geen financiële)","","","","","","",20000721,20000721,20000727,20000721,20050808,0,0,"",2014,20150605
"Lekkum","","71","Vereniging met volledige rechtsbevoegdheid","93129","Overige buitensport","","","","","","",19310609,0,0,0,0,0,0,"",0,0
"Rotterdam","H","11","Vennootschap onder firma","35112","Prod. elektriciteit door windenergie","","","","","","",20000718,0,20180312,20000718,20180312,0,0,"",0,0
"Joure","H","41","Besloten vennootschap met gewone structuur","6420","Financiële holdings","","","","","","",20000726,20000726,20000727,20000726,20001222,0,0,"",2020,20211125
"Leeuwarden","","71","Vereniging met volledige rechtsbevoegdheid","88993","Lokaal welzijnswerk","94997","Overige belangenbehartiging (rest)","","","","",20000720,20000719,0,0,0,0,0,"",0,0
"Veenklooster","H","01","Eenmanszaak","5630","Cafés","91022","Kunstgalerieën en -expositieruimten","","","","",0,0,20000727,20000701,0,0,0,"",0,0
"Drachten","H","11","Vennootschap onder firma","4753","Winkels in vloerbedekking en gordijnen","47526","Winkels in parket-/laminaat-/kurkvloeren","","","N","N",20040101,0,20000731,20000801,20200228,0,20040101,"",0,0
"Leek","H","41","Besloten vennootschap met gewone structuur","6420","Financiële holdings","","","","","N","N",20000727,20000727,20000728,20000727,0,0,0,"",2020,20210318
"Leek","H","41","Besloten vennootschap met gewone structuur","6420","Financiële holdings","","","","","","",20000727,20000727,20000728,20000727,0,0,0,"",2020,20210318
"Groningen","","71","Vereniging met volledige rechtsbevoegdheid","88992","Maatschappelijk werk","88993","Lokaal welzijnswerk","","","","",20000719,20000719,0,0,0,0,0,"",0,0
"Groningen","H","41","Besloten vennootschap met gewone structuur","6201","Ontwikkelen/produceren/uitgeven software","","","","","N","N",20040427,20040427,20000728,20000728,20120720,0,20040427,"",2020,20210624
"Harkstede","H","01","Eenmanszaak","7112","Ingenieurs/overig techn. ontwerp/advies","52109","Opslag in distr.centra en overige opslag","","","","",0,0,20000728,20000728,20060301,0,0,"",0,0
"Usquert","H","11","Vennootschap onder firma","9522","Reparatie van elekt. huishoudelijke app.","","","","","N","N",20030101,0,20000731,20000801,0,0,20030101,"",0,0
"Amsterdam","H","01","Eenmanszaak","9003","Schrijven en overige scheppende kunst","","","","","N","N",0,0,20100204,20000801,20141113,0,0,"",0,0
"Utrecht","H","01","Eenmanszaak","7112","Ingenieurs/overig techn. ontwerp/advies","","","","","","",0,0,20110622,20000301,20110620,0,0,"",0,0
"Gees","H","41","Besloten vennootschap met gewone structuur","6420","Financiële holdings","","","","","","",20000728,20000728,20000731,20000728,0,0,0,"",2020,20220111
"Emmen","H","41","Besloten vennootschap met gewone structuur","4321","Elektrotechnische bouwinstallatie","","","","","","",20060301,20060301,20000731,20000801,20040423,0,20060301,"",2020,20210825
"Drachten","H","41","Besloten vennootschap met gewone structuur","6420","Financiële holdings","","","","","","",20001101,20001101,20061011,19880101,20080201,0,20001101,"",2020,20210722
"Beilen","","74","Stichting","8129","Overige reiniging","","","","","","",20000728,20000728,0,0,0,0,0,"",0,0
"Zwolle","H","01","Eenmanszaak","5920","Maken en uitgeven van geluidsopnamen","47594","Winkels in muziekinstrumenten","","","","",0,0,20000720,19990101,20090815,0,0,"",0,0
"Zwolle","H","41","Besloten vennootschap met gewone structuur","70102","Holdings (geen financiële)","","","","","","",20000724,20000724,20000727,20000724,20161222,0,0,"",2020,20220209
"Ane","H","11","Vennootschap onder firma","01473","Opfokken en/of houden van ouderdieren","47761","Winkels bloemen/planten/zaden/tuinbenod.","01134","Teelt aardapp en ov. wortel/knolgewassen","","",19900201,0,20000727,19900201,0,0,0,"",0,0
"Dedemsvaart","","71","Vereniging met volledige rechtsbevoegdheid","64303","Beleggingsinst. met beperkte toetreding","","","","","","",20000724,20000724,0,0,0,0,0,"",0,0
"Steenwijk","H","41","Besloten vennootschap met gewone structuur","70102","Holdings (geen financiële)","","","","","","",20010227,20010227,20000727,20000724,20050701,0,20010227,"",2019,20210709
"Zwolle","H","71","Vereniging met volledige rechtsbevoegdheid","88993","Lokaal welzijnswerk","","","","","N","N",20000719,20000719,20101228,20000719,20210401,0,0,"",0,0
"Zwolle","H","01","Eenmanszaak","4333","Afwerking van vloeren en wanden","","","","","","",0,0,20000731,20000807,20190529,0,0,"",0,0
"Doetinchem","H","41","Besloten vennootschap met gewone structuur","70221","Organisatie-adviesbureaus","","","","","N","N",20010306,20010306,20050601,20000801,20050501,0,20010306,"",2020,20210507
"Geerdijk","","72","Vereniging met beperkte rechtsbevoegdheid","94992","Hobbyclubs","","","","","","",19380401,0,0,0,0,0,0,"",0,0
"Borne","H","41","Besloten vennootschap met gewone structuur","6420","Financiële holdings","64303","Beleggingsinst. met beperkte toetreding","","","N","N",20000725,20000725,20000727,20000725,0,0,0,"",2020,20211102
"Diepenveen","H","41","Besloten vennootschap met gewone structuur","45112","Handel/rep. personen-/lichte bedr.auto's","","","","","J","J",20000926,20000926,20061219,20000701,20180710,0,20000926,"",2021,20220401
"Kring van Dorth","H","41","Besloten vennootschap met gewone structuur","7112","Ingenieurs/overig techn. ontwerp/advies","","","","","N","N",20000911,20000911,20120206,20000701,20190307,0,20000911,"",2021,20220407
"Daarle","H","01","Eenmanszaak","8130","Landschapsverzorging","4312","Grondverzet","","","N","N",0,0,20000727,20000301,20210501,0,0,"",0,0
"Apeldoorn","H","41","Besloten vennootschap met gewone structuur","6810","Handel in eigen onroerend goed","","","","","N","N",20000623,20000623,20000727,20000623,20001211,0,0,"",2020,20210705
"Deventer","H","41","Besloten vennootschap met gewone structuur","6420","Financiële holdings","","","","","N","N",20000714,20000714,20000728,20000714,0,0,0,"",2020,20211227
"Doornspijk","H","41","Besloten vennootschap met gewone structuur","6420","Financiële holdings","","","","","N","N",20000727,20000727,20000728,20000727,20120626,0,0,"",2020,20210429
"Aadorp","H","41","Besloten vennootschap met gewone structuur","70102","Holdings (geen financiële)","","","","","N","N",20001109,20001109,20200417,20000701,20211001,0,20001109,"",2020,20220505
"Enschede","","71","Vereniging met volledige rechtsbevoegdheid","88993","Lokaal welzijnswerk","","","","","","",20000719,20000719,0,0,0,0,0,"",0,0
"Deventer","H","71","Vereniging met volledige rechtsbevoegdheid","94997","Overige belangenbehartiging (rest)","88993","Lokaal welzijnswerk","","","N","N",20000719,0,20110128,20000719,20211214,0,0,"",0,0
"Apeldoorn","","74","Stichting","6420","Financiële holdings","","","","","","",20000710,0,0,0,0,0,0,"",0,0
"Deventer","H","01","Eenmanszaak","59111","Prod. films (geen televisiefilms)","6201","Ontwikkelen/produceren/uitgeven software","85519","Overig sport- en recreatieonderwijs","N","N",0,0,20000731,20000801,20040816,0,0,"",0,0
"Holten","H","11","Vennootschap onder firma","74201","Fotografie","","","","","N","N",20080101,0,20000731,20000801,20090301,0,20080101,"",0,0
"Arnhem","","41","Besloten vennootschap met gewone structuur","","","","","","","","",19801230,19801230,0,0,0,0,0,"F",1998,0
"Markelo","H","41","Besloten vennootschap met gewone structuur","4645","Groothandel in parfums en cosmetica","70221","Organisatie-adviesbureaus","","","","",20000727,20000727,20150616,20000727,20150605,0,0,"",2020,20210913
"Doetinchem","","74","Stichting","9609","Overige dienstverlening (rest)","","","","","","",20000721,20000721,0,0,0,0,0,"",0,0
"Nijmegen","","74","Stichting","94993","Steunfondsen (niet ohgv welzijnszorg)","","","","","","",20000725,20000725,0,0,0,0,0,"",0,0
"Elst","H","41","Besloten vennootschap met gewone structuur","6420","Financiële holdings","","","","","","",20000727,20000727,20000728,20000727,0,0,0,"",2015,20160129
"Nijmegen","","71","Vereniging met volledige rechtsbevoegdheid","88993","Lokaal welzijnswerk","94997","Overige belangenbehartiging (rest)","","","","",20000719,20000719,0,0,0,0,0,"",0,0
"Arnhem","","71","Vereniging met volledige rechtsbevoegdheid","94993","Steunfondsen (niet ohgv welzijnszorg)","","","","","","",20000719,20000719,0,0,0,0,0,"",0,0
"Westervoort","H","01","Eenmanszaak","7112","Ingenieurs/overig techn. ontwerp/advies","","","","","","",0,0,20000728,20000728,20031103,0,0,"",0,0
"Oosterbeek","","74","Stichting","88999","Overig maatsch.adv./gemeenschapshuizen","","","","","","",20000719,20000719,0,0,0,0,0,"",0,0
"Hengelo (Gld)","H","41","Besloten vennootschap met gewone structuur","6420","Financiële holdings","","","","","","",20000728,20000728,20080117,20000728,20110101,0,0,"",2020,20211230
"Deest","","71","Vereniging met volledige rechtsbevoegdheid","94993","Steunfondsen (niet ohgv welzijnszorg)","","","","","","",20000728,20000728,20071222,0,0,0,0,"",0,0
"Lichtenvoorde","H","41","Besloten vennootschap met gewone structuur","3832","Gesorteerd mater. voorber. tot recycling","","","","","","J",20000725,20000725,20000731,20000725,0,0,0,"",2020,20220201
"Ede","H","41","Besloten vennootschap met gewone structuur","6420","Financiële holdings","","","","","","",20000728,20000728,20000731,20000101,20081231,0,20000728,"",2021,20220616
"Rheden","H","11","Vennootschap onder firma","70221","Organisatie-adviesbureaus","7911","Reisbemiddeling","","","N","N",20070817,0,20000731,20000801,20190401,0,20070817,"",0,0
"Zevenaar","H","11","Vennootschap onder firma","4941","Goederenvervoer over weg (geen verhuiz.)","","","","","","",20000801,0,20000731,20000801,20180501,0,0,"",0,0
"Malden","H","01","Eenmanszaak","7112","Ingenieurs/overig techn. ontwerp/advies","","","","","","",0,0,20000731,20000101,20000101,0,0,"",0,0
"Elst","H","41","Besloten vennootschap met gewone structuur","46696","Groothandel in emballage","","","","","","",20000721,20000721,20001115,20000721,20171208,0,0,"",2020,20211129
"Beneden-Leeuwen","H","41","Besloten vennootschap met gewone structuur","70102","Holdings (geen financiële)","","","","","","",20000707,20000707,20000728,20000707,0,0,0,"",2020,20211029
"Terneuzen","H","11","Vennootschap onder firma","50401","Binnenvaart (vrachtvaart)","","","","","N","N",20000810,0,20110926,20000801,20160101,0,20000810,"",0,0
"Heythuysen","","72","Vereniging met beperkte rechtsbevoegdheid","93151","Zwem- en onderwatersport","","","","","","",19990916,0,0,0,0,0,0,"",0,0
"Roermond","H","41","Besloten vennootschap met gewone structuur","6810","Handel in eigen onroerend goed","","","","","N","N",20090330,20090330,20000727,20000801,0,0,20090330,"",2020,20220321
"Nederweert","H","41","Besloten vennootschap met gewone structuur","6420","Financiële holdings","","","","","N","N",20000713,20000713,20000728,20000713,0,0,0,"",2020,20210802
"Maastricht","H","41","Besloten vennootschap met gewone structuur","6420","Financiële holdings","","","","","N","N",20000710,20000710,20000728,20000710,20181001,0,0,"",2020,20210722
"Beesel","H","41","Besloten vennootschap met gewone structuur","6420","Financiële holdings","","","","","N","N",20000710,20000710,20021114,20000710,20170914,0,0,"",2020,20210726
"Venlo","H","41","Besloten vennootschap met gewone structuur","6420","Financiële holdings","","","","","N","N",20000710,20000710,20000728,20000710,20150810,0,0,"",2020,20210723
"Reuver","H","41","Besloten vennootschap met gewone structuur","6420","Financiële holdings","","","","","N","N",20000718,20000718,20000728,20000718,0,0,0,"",2020,20210915
"Baarlo","H","41","Besloten vennootschap met gewone structuur","6420","Financiële holdings","","","","","N","N",20000721,20000721,20000728,20000721,0,0,0,"",2020,20210827
"Maasbracht","","72","Vereniging met beperkte rechtsbevoegdheid","94992","Hobbyclubs","","","","","","",19480000,0,0,0,0,0,0,"",0,0
"Melick","","74","Stichting","91042","Natuurbehoud","","","","","","",20000629,20000629,0,0,0,0,0,"",0,0
"Echt","","74","Stichting","94996","Overige ideële organisaties (rest)","","","","","","",20000627,20000627,0,0,0,0,0,"",0,0
"Beegden","H","01","Eenmanszaak","45112","Handel/rep. personen-/lichte bedr.auto's","","","","","N","N",0,0,20000731,20000801,20060101,0,0,"",0,0
"Weert","H","41","Besloten vennootschap met gewone structuur","69202","Accountants-administratieconsulenten","69204","Belastingconsulenten","","","N","N",20000726,20000726,20000731,20000726,20091224,0,0,"",2021,20220315
"Hegelsom","","71","Vereniging met volledige rechtsbevoegdheid","93126","Wielersport","","","","","","",20000728,20000728,0,0,0,0,0,"",0,0
"Asten","H","01","Eenmanszaak","85522","Kunstzinnige vorming voor amateurs","70221","Organisatie-adviesbureaus","86919","Overige paramedische praktijken","N","N",0,0,20120823,20000801,20180701,0,0,"",0,0
"Hegelsom","H","01","Eenmanszaak","96021","Haarverzorging","","","","","N","N",0,0,20000731,20000731,20150116,0,0,"",0,0
"Vaals","H","01","Eenmanszaak","85592","Bedrijfsopleiding en -training","4782","Markthandel in textiel/kleding/schoeisel","47899","Markthandel in overige goederen","N","N",0,0,20000731,20000731,20181101,0,0,"",0,0
"Koewacht","H","41","Besloten vennootschap met gewone structuur","70222","Advisering ohgv management/bedrijfsv.","","","","","N","N",20000925,20000925,20010424,20000801,20020415,0,20000925,"",2020,20210901
"Nijmegen","H","01","Eenmanszaak","6209","Ov. dienstv. act. ohgv informatietechn.","","","","","","",0,0,20210329,20000801,20210328,0,0,"",0,0
"Beek en Donk","H","41","Besloten vennootschap met gewone structuur","6420","Financiële holdings","4120","Algemene burgerlijke en utiliteitsbouw","","","N","N",20000726,20000726,20000728,20000726,20110901,0,0,"F",2018,20200227
"Geldrop","H","01","Eenmanszaak","7311","Reclamebureaus","","","","","","",0,0,20000728,20000801,0,0,0,"",0,0
"Aarle-Rixtel","H","01","Eenmanszaak","85522","Kunstzinnige vorming voor amateurs","","","","","N","N",0,0,20000728,20000801,20101130,0,0,"",0,0
"Sint-Oedenrode","","74","Stichting","88999","Overig maatsch.adv./gemeenschapshuizen","","","","","","",20000622,20000622,0,0,0,0,0,"",0,0
"Sint-Oedenrode","","71","Vereniging met volledige rechtsbevoegdheid","94993","Steunfondsen (niet ohgv welzijnszorg)","","","","","","",20000630,20000630,0,0,0,0,0,"",0,0
"Elsendorp","H","01","Eenmanszaak","45205","Overige gespec. reparatie/slepen auto's","45112","Handel/rep. personen-/lichte bedr.auto's","4532","DH in auto-onderdelen en -accessoires","","",0,0,20000727,20000801,20191228,0,0,"",0,0
"Eindhoven","H","41","Besloten vennootschap met gewone structuur","6420","Financiële holdings","","","","","N","N",20010605,20010605,20000728,20000801,20190501,0,20010605,"",2019,20211006
"Sint-Oedenrode","H","01","Eenmanszaak","46383","Gesp. GH in ov. voedings- en genotm.","","","","","N","N",0,0,20000728,20000801,20021118,0,0,"",0,0
"Beek en Donk","H","41","Besloten vennootschap met gewone structuur","0161","Dienstverl. akker- en/of tuinbouw","4661","GH landbouwmachines/werktuigen/tractoren","","","J","J",20060531,20060531,20000728,20000801,20040216,0,20060608,"",2021,20210924
"Vessem","H","41","Besloten vennootschap met gewone structuur","4334","Schilderen en glaszetten","","","","","N","N",20060224,20060224,20000725,20000801,0,0,20060224,"",2019,20210705
"Veldhoven","H","01","Eenmanszaak","77399","Verh./lease ov.mach./werkt./ov. goederen","","","","","N","N",0,0,20000731,20000731,0,0,0,"",0,0
"Oploo","H","11","Vennootschap onder firma","93195","Organiseren van sportevenementen","","","","","","",20030101,0,20000731,20000731,20110501,0,20030101,"",0,0
"Rijen","H","41","Besloten vennootschap met gewone structuur","46424","Groothandel in schoenen","46499","GH ov. consumentenart. (non-food) (rest)","","","J","J",20000726,20000726,20190108,20000726,20220401,0,0,"",2020,20210705
"Waalwijk","H","41","Besloten vennootschap met gewone structuur","6831","Bemidd. bij handel/huur/verhuur onr.goed","","","","","N","N",20000727,20000727,20000731,20000727,20080728,0,0,"",2020,20211108
"Gilze","H","11","Vennootschap onder firma","43999","Overige gespec. werkz. in de bouw (rest)","","","","","","",20000807,0,20000731,20000807,20150301,0,0,"",0,0
"Terheijden","H","01","Eenmanszaak","8010","Particuliere beveiliging","","","","","","",0,0,20000728,19950529,20210607,0,20000728,"",0,0
"2180 Antwerpen","","74","Stichting","69209","Overige administratiekantoren","","","","","","",20000615,20000615,0,0,0,0,0,"",0,0
"Blaricum","H","41","Besloten vennootschap met gewone structuur","6420","Financiële holdings","","","","","","",20000714,20000714,20191211,20000714,20191101,0,0,"",2021,20220524
"Breda","H","41","Besloten vennootschap met gewone structuur","70221","Organisatie-adviesbureaus","","","","","","",20000721,20000721,20021001,20000515,20200828,0,20000721,"",2020,20210604
"Roosendaal","H","11","Vennootschap onder firma","2562","Algemene metaalbewerking","","","","","","",20000801,0,20000728,20000801,0,0,0,"",0,0
"Putte","H","41","Besloten vennootschap met gewone structuur","7112","Ingenieurs/overig techn. ontwerp/advies","78202","Uitleenbureaus","","","","",20040511,20040511,20000728,20000731,20020731,0,20040511,"",2020,20210810
"Oudenbosch","H","01","Eenmanszaak","47793","Winkels tweedeh. goederen (geen kleding)","","","","","","",0,0,20000731,20000801,20040406,0,0,"",0,0
"Sprundel","H","01","Eenmanszaak","47999","DH via overige distributievormen","47789","Winkels gespec. in overige art. (rest)","","","","",0,0,20000731,20000701,20020701,0,0,"",0,0
"Goes","H","01","Eenmanszaak","6391","Persagentschappen","46498","GH boeken/tijdschriften/overig drukwerk","","","N","N",0,0,20000728,20000801,20151015,0,0,"",0,0
"Middelburg","H","71","Vereniging met volledige rechtsbevoegdheid","94997","Overige belangenbehartiging (rest)","88993","Lokaal welzijnswerk","","","N","N",20000719,20000719,20101130,20000719,20181002,0,0,"",0,0
"Rotterdam","N","41","Besloten vennootschap met gewone structuur","4730","Benzinestations","","","","","N","N",19751110,19751110,20000728,20000404,0,0,0,"",2021,0
"Schiedam","N","41","Besloten vennootschap met gewone structuur","4730","Benzinestations","","","","","N","N",19751110,19751110,20000728,20000411,0,0,0,"",2021,0
"Dordrecht","N","41","Besloten vennootschap met gewone structuur","4730","Benzinestations","","","","","N","N",19751110,19751110,20000728,20000523,0,0,0,"",2021,0
"Capelle aan den IJssel","N","41","Besloten vennootschap met gewone structuur","4730","Benzinestations","","","","","N","N",19751110,19751110,20000728,20000516,0,0,0,"",2021,0
"Zwinderen","N","41","Besloten vennootschap met gewone structuur","4730","Benzinestations","","","","","N","N",19751110,19751110,20000728,20000613,20000613,0,0,"",2021,0
"Rotterdam","H","41","Besloten vennootschap met gewone structuur","70221","Organisatie-adviesbureaus","70222","Advisering ohgv management/bedrijfsv.","78202","Uitleenbureaus","N","N",20080328,20080328,20220222,20000727,20220222,0,20080328,"",2020,20220105
"Capelle aan den IJssel","H","41","Besloten vennootschap met gewone structuur","6420","Financiële holdings","","","","","N","N",20000721,20000721,20000728,20000721,20190121,0,0,"",2020,20211221
"Rotterdam","H","41","Besloten vennootschap met gewone structuur","70221","Organisatie-adviesbureaus","6420","Financiële holdings","64303","Beleggingsinst. met beperkte toetreding","N","N",20000724,20000724,20160809,20000724,20160801,0,0,"",2020,20211117
"Capelle aan den IJssel","H","01","Eenmanszaak","4932","Vervoer per taxi","","","","","N","N",0,0,20000728,20000728,20020501,0,0,"",0,0
"Rotterdam","H","41","Besloten vennootschap met gewone structuur","69203","Boekhoudkantoren","","","","","N","N",20000829,20000829,20000728,20000724,20110701,0,20000829,"",2020,20220213
"Rotterdam","H","41","Besloten vennootschap met gewone structuur","46494","Groothandel in speelgoed","6202","Advisering ohgv informatietechnologie","46902","Niet-gespec. GH in niet-consumentenart.","N","N",20001227,20001227,20120323,20000701,20120323,0,20001227,"",2020,20220526
"Rockanje","H","01","Eenmanszaak","7112","Ingenieurs/overig techn. ontwerp/advies","","","","","N","N",0,0,20000728,20000801,0,0,0,"",0,0
"Nieuwerkerk ad IJssel","H","01","Eenmanszaak","6831","Bemidd. bij handel/huur/verhuur onr.goed","","","","","N","N",0,0,20000728,20000801,20030701,0,0,"",0,0
"Dordrecht","H","41","Besloten vennootschap met gewone structuur","5813","Uitgeverijen van kranten","","","","","N","N",20050704,20050704,20000728,20000801,20160120,0,20050704,"",2021,20220615
"Capelle aan den IJssel","H","21","Commanditaire vennootschap","68204","Verh. onroerend goed (niet v woonruimte)","","","","","N","N",20000714,0,20000728,20000714,20191201,0,0,"",0,0
"Rotterdam","H","41","Besloten vennootschap met gewone structuur","78201","Uitzendbureaus","1013","Vleesverwerking (niet tot maaltijden)","2561","Oppervlaktebeh. en bekleding van metaal","N","N",20000914,20000914,20000728,20000728,20180101,0,20000914,"",2020,20211101
"Rotterdam","","74","Stichting","69209","Overige administratiekantoren","","","","","","",20000714,20000714,0,0,0,0,0,"",0,0
"Rotterdam","","71","Vereniging met volledige rechtsbevoegdheid","94997","Overige belangenbehartiging (rest)","88993","Lokaal welzijnswerk","","","","",20000720,20000719,0,0,0,0,0,"",0,0
"Oud-Beijerland","H","41","Besloten vennootschap met gewone structuur","6420","Financiële holdings","","","","","N","N",20000726,20000726,20000728,20000726,20210830,0,0,"",2019,20201110
"Oud-Beijerland","H","41","Besloten vennootschap met gewone structuur","70222","Advisering ohgv management/bedrijfsv.","","","","","N","N",20000726,20000726,20000728,20000726,20210830,0,0,"",2019,20201110
"Rotterdam","","74","Stichting","94993","Steunfondsen (niet ohgv welzijnszorg)","","","","","","",20000629,20000629,0,0,0,0,0,"",0,0
"'s-Gravenhage","","74","Stichting","6201","Ontwikkelen/produceren/uitgeven software","","","","","","",20000724,20000724,0,0,0,0,0,"",0,0
"M.P. Negev 8514200","H","41","Besloten vennootschap met gewone structuur","6420","Financiële holdings","","","","","N","N",20000720,20000720,20170102,20000720,20170101,0,0,"",2020,20211231
"Schiedam","H","41","Besloten vennootschap met gewone structuur","6420","Financiële holdings","","","","","N","N",20000727,20000727,20000731,20000727,0,0,0,"",2018,20191001
"Putte","H","41","Besloten vennootschap met gewone structuur","64303","Beleggingsinst. met beperkte toetreding","","","","","N","N",20000727,20000727,20030314,20000727,20211201,0,0,"",2021,20220530
"Stolwijk","H","01","Eenmanszaak","0161","Dienstverl. akker- en/of tuinbouw","4312","Grondverzet","0129","Teelt van overige meerjarige gewassen","","",0,0,20000731,19990701,0,0,0,"",0,0
"Rotterdam","","74","Stichting","93196","Overkoepelende organen e.d. (sport)","","","","","","",20000608,20000608,0,0,0,0,0,"",0,0
"Rotterdam","H","01","Eenmanszaak","96021","Haarverzorging","","","","","N","N",0,0,20000731,19800102,0,0,20000801,"",0,0
"Schiedam","H","41","Besloten vennootschap met gewone structuur","6420","Financiële holdings","","","","","N","N",20000905,20000905,20000731,20000715,20061023,0,20000905,"",2016,20180514
"Delft","H","01","Eenmanszaak","7490","Overige special. zakelijke dienstverl.","7810","Arbeidsbemiddeling","6201","Ontwikkelen/produceren/uitgeven software","N","N",0,0,20010330,20000731,20030628,0,0,"",0,0
"Lekkerkerk","H","41","Besloten vennootschap met gewone structuur","6420","Financiële holdings","","","","","N","N",20000905,20000905,20000731,20000715,0,0,20000905,"",2016,20180514
"Hellevoetsluis","H","41","Besloten vennootschap met gewone structuur","6420","Financiële holdings","","","","","N","N",20000905,20000905,20000731,20000715,20050509,0,20000905,"",2020,20210805
"Nieuwerkerk ad IJssel","H","41","Besloten vennootschap met gewone structuur","64303","Beleggingsinst. met beperkte toetreding","6420","Financiële holdings","78202","Uitleenbureaus","N","N",20000725,20000725,20000731,20000725,20020601,0,0,"",2020,20211118
"Rotterdam","H","41","Besloten vennootschap met gewone structuur","6420","Financiële holdings","70221","Organisatie-adviesbureaus","","","N","N",20000707,20000707,20000731,20000707,20121004,0,0,"",2020,20210905
"'s-Gravenzande","H","11","Vennootschap onder firma","9529","Reparatie van overige consumentenart.","","","","","N","N",20020101,0,20051003,20000801,20051001,0,20020101,"",0,0
"Sliedrecht","H","41","Besloten vennootschap met gewone structuur","8020","Beveiliging via beveiligingssystemen","","","","","N","N",20020508,20020508,20000731,20000801,0,0,20020508,"",2020,20210730
"Heerhugowaard","H","41","Besloten vennootschap met gewone structuur","6420","Financiële holdings","","","","","N","N",20001103,20001103,20190220,20000801,20190201,0,20001103,"",2015,20170110
"'s-Gravenhage","H","41","Besloten vennootschap met gewone structuur","6420","Financiële holdings","","","","","N","N",20010703,20010703,20000727,20000801,0,0,20010703,"",2020,20210614
"Holten","H","41","Besloten vennootschap met gewone structuur","70102","Holdings (geen financiële)","","","","","N","N",20000724,20000724,20211022,20000724,20211022,0,0,"",2019,20201214
"Wassenaar","H","41","Besloten vennootschap met gewone structuur","6420","Financiële holdings","","","","","N","N",20000721,20000721,20000727,20000721,20080101,0,0,"",2020,20211006
"Zoetermeer","H","41","Besloten vennootschap met gewone structuur","6420","Financiële holdings","","","","","N","N",20001018,20001018,20000727,20000615,20100201,0,20001018,"",2020,20211004
"Delft","H","41","Besloten vennootschap met gewone structuur","6201","Ontwikkelen/produceren/uitgeven software","70221","Organisatie-adviesbureaus","6202","Advisering ohgv informatietechnologie","N","J",20010816,20010816,20000728,20000724,20200801,0,20010816,"",2020,20210511
"Zoetermeer","H","41","Besloten vennootschap met gewone structuur","70221","Organisatie-adviesbureaus","","","","","N","N",20001220,20001220,20000728,20000728,0,0,20001220,"",2020,20220120
"'s-Gravenhage","H","01","Eenmanszaak","0161","Dienstverl. akker- en/of tuinbouw","","","","","N","N",0,0,20000728,20000801,20170721,0,0,"",0,0
"Nieuwkoop","H","41","Besloten vennootschap met gewone structuur","68204","Verh. onroerend goed (niet v woonruimte)","","","","","N","N",20000828,20000828,20000831,20000701,20211112,0,20000828,"",2021,20220520
"Monnickendam","H","41","Besloten vennootschap met gewone structuur","6420","Financiële holdings","","","","","N","N",20000710,20000710,20040211,20000710,20200623,0,0,"",2020,20211207
"Wassenaar","H","41","Besloten vennootschap met gewone structuur","6420","Financiële holdings","","","","","N","N",20000621,20000621,20060829,20000621,20150728,0,0,"",2020,20211230
"Lisse","H","41","Besloten vennootschap met gewone structuur","70222","Advisering ohgv management/bedrijfsv.","64303","Beleggingsinst. met beperkte toetreding","","","N","N",20000727,20000727,20000728,20000727,0,0,0,"",2012,20140624
"Vogelenzang","H","11","Vennootschap onder firma","74103","Interieur- en ruimtelijk ontwerp","","","","","N","N",20010101,0,20171218,20000701,20171218,0,20010101,"",0,0
"Leiden","H","41","Besloten vennootschap met gewone structuur","6201","Ontwikkelen/produceren/uitgeven software","6311","Gegevensverw./webhosting/aanverw. activ.","","","N","N",20010815,20010815,20170228,20000801,20170201,0,20010815,"",2020,20211201
"Lisse","H","41","Besloten vennootschap met gewone structuur","0161","Dienstverl. akker- en/of tuinbouw","6831","Bemidd. bij handel/huur/verhuur onr.goed","","","N","N",20000919,20000919,20000926,20000801,0,0,20000919,"",2020,20220103
"Sassenheim","H","41","Besloten vennootschap met gewone structuur","6202","Advisering ohgv informatietechnologie","","","","","N","N",20000927,20000927,20001010,20000727,20220101,0,20000927,"",2020,20211122
"Kortenhoef","H","41","Besloten vennootschap met gewone structuur","6420","Financiële holdings","","","","","N","N",20000720,20000720,20160412,20000720,20160311,0,0,"",2020,20220325
"Kortenhoef","H","41","Besloten vennootschap met gewone structuur","9003","Schrijven en overige scheppende kunst","6391","Persagentschappen","","","N","N",20000720,20000720,20160517,20000720,20160517,0,0,"",2020,20220325
"Noordwijk","H","41","Besloten vennootschap met gewone structuur","6420","Financiële holdings","","","","","N","N",20010530,20010530,20010613,20000701,20150201,0,20010530,"",2020,20220321
"Haulerwijk","H","01","Eenmanszaak","94992","Hobbyclubs","9003","Schrijven en overige scheppende kunst","","","N","N",0,0,20061201,20000801,20170301,0,0,"",0,0
"Valkenburg","H","41","Besloten vennootschap met gewone structuur","6420","Financiële holdings","","","","","N","N",20010530,20010530,20010613,19941101,20190401,0,20010530,"",2020,20220516
"Delft","H","41","Besloten vennootschap met gewone structuur","6420","Financiële holdings","","","","","N","N",20000719,20000719,20020306,20000719,20211201,0,0,"",2021,20220602
"Zuidoostbeemster","H","41","Besloten vennootschap met gewone structuur","4645","Groothandel in parfums en cosmetica","","","","","N","N",20000726,20000726,20160301,20000726,20160301,0,0,"",2020,20220213
"Katwijk","H","01","Eenmanszaak","7732","Verh./lease machines/instal.voor de bouw","","","","","N","N",0,0,20000731,20000801,20050709,0,0,"",0,0
"Amsterdam","H","01","Eenmanszaak","7112","Ingenieurs/overig techn. ontwerp/advies","4120","Algemene burgerlijke en utiliteitsbouw","74101","Communicatie- en grafisch ontwerp","N","N",0,0,20170904,20000701,20170821,0,0,"",0,0
"Oegstgeest","H","41","Besloten vennootschap met gewone structuur","70102","Holdings (geen financiële)","","","","","N","N",20000726,20000726,20000731,20000726,20180825,0,0,"",2014,20160630
"Leiderdorp","H","11","Vennootschap onder firma","46499","GH ov. consumentenart. (non-food) (rest)","","","","","J","J",20000719,0,20000731,20000719,20150601,0,0,"",0,0
"Valkenburg","H","41","Besloten vennootschap met gewone structuur","70102","Holdings (geen financiële)","","","","","N","N",20000726,20000726,20000731,20000726,20161124,0,0,"",2020,20210910
"Valkenburg","H","41","Besloten vennootschap met gewone structuur","70102","Holdings (geen financiële)","","","","","N","N",20000726,20000726,20000731,20000726,20200520,0,0,"",2020,20211012
"Capelle aan den IJssel","H","11","Vennootschap onder firma","56102","Fastfoodrest, cafet, ijssal, eetkr e.d.","","","","","","",19940208,0,20170131,20000801,20180501,0,0,"",0,0
"Amsterdam","N","41","Besloten vennootschap met gewone structuur","47713","Winkels in bovenkleding/mode-artikelen","","","","","","",19990331,19990331,20000731,19990331,20120401,0,0,"",2015,20170102
"Loosdrecht","H","41","Besloten vennootschap met gewone structuur","6420","Financiële holdings","","","","","","",20001129,20001129,20010918,20000720,20010702,0,20001129,"",2020,20220129
"Bilthoven","H","01","Eenmanszaak","9002","Dienstverlening voor uitvoerende kunst","","","","","","",0,0,20140923,20000801,20190414,0,0,"",0,0
"Vijfhuizen","H","74","Stichting","9002","Dienstverlening voor uitvoerende kunst","","","","","N","N",20000726,20000726,20110117,20060816,20210201,0,0,"",0,0
"Zeist","H","01","Eenmanszaak","4331","Stukadoren","","","","","","",0,0,20000728,20000728,0,0,0,"",0,0
"Amsterdam","H","01","Eenmanszaak","4120","Algemene burgerlijke en utiliteitsbouw","","","","","N","N",0,0,20020702,20000801,20040503,0,0,"",0,0
"Woerden","H","11","Vennootschap onder firma","96021","Haarverzorging","","","","","N","N",20070601,0,20000728,19990202,0,0,20070601,"",0,0
"Veenendaal","H","01","Eenmanszaak","2562","Algemene metaalbewerking","","","","","","",0,0,20000731,20000801,20070801,0,0,"",0,0
"Houten","H","01","Eenmanszaak","93146","Sportscholen","","","","","N","N",0,0,20000731,20000801,20070622,0,0,"",0,0
"Hoevelaken","H","41","Besloten vennootschap met gewone structuur","6810","Handel in eigen onroerend goed","","","","","","",20000727,20000727,20000728,20000727,0,0,0,"",2021,20220329
"Scherpenzeel","H","01","Eenmanszaak","47793","Winkels tweedeh. goederen (geen kleding)","","","","","","",0,0,20000728,20000801,20120403,0,0,"",0,0
"Soest","H","11","Vennootschap onder firma","56101","Restaurants","","","","","","",20000728,0,20000728,19991101,0,0,20000728,"",0,0
"Hilversum","H","01","Eenmanszaak","4120","Algemene burgerlijke en utiliteitsbouw","","","","","","",0,0,20000728,20000801,20060212,0,0,"",0,0
"'s-Gravenhage","H","41","Besloten vennootschap met gewone structuur","7740","Lease niet-financiële immateriële activa","6420","Financiële holdings","","","","",20000727,20000727,20100324,20000727,20100315,0,0,"",2020,20220428
"'s-Gravenhage","H","41","Besloten vennootschap met gewone structuur","7740","Lease niet-financiële immateriële activa","","","","","","",20000727,20000727,20100324,20000727,20100315,0,0,"",2020,20220428
"Amersfoort","H","01","Eenmanszaak","47763","Winkels dier(benodigdhed)en/hengelsp.art","","","","","J","N",0,0,20000728,20000728,20121215,0,0,"",0,0
"Amersfoort","H","41","Besloten vennootschap met gewone structuur","4321","Elektrotechnische bouwinstallatie","8020","Beveiliging via beveiligingssystemen","7112","Ingenieurs/overig techn. ontwerp/advies","N","N",20000719,20000719,20000728,19901201,20191127,0,20000719,"",2020,20210921
"Amersfoort","H","41","Besloten vennootschap met gewone structuur","6420","Financiële holdings","","","","","","",20020927,20020927,20000728,20000508,0,0,20020927,"",2020,20211015
"Amersfoort","H","41","Besloten vennootschap met gewone structuur","6201","Ontwikkelen/produceren/uitgeven software","70221","Organisatie-adviesbureaus","6202","Advisering ohgv informatietechnologie","","",20000908,20000908,20000728,20000728,0,0,20000908,"",2020,20210830
"Uden","H","41","Besloten vennootschap met gewone structuur","70221","Organisatie-adviesbureaus","","","","","","",20000822,20000822,20010425,20000701,20211022,0,20000822,"",2020,20210812
"Joure","H","41","Besloten vennootschap met gewone structuur","7112","Ingenieurs/overig techn. ontwerp/advies","","","","","","",20070330,20070330,20021023,20000801,20180307,0,20070330,"",2021,20220303
"Eemnes","H","01","Eenmanszaak","4618","HB gespecialiseerd in overige goederen","74201","Fotografie","","","J","J",0,0,20000731,20000801,0,0,20080601,"",0,0
"Amersfoort","H","01","Eenmanszaak","45311","GH/HB auto-ond./-access. (geen banden)","4120","Algemene burgerlijke en utiliteitsbouw","45312","Groothandel/handelsbemiddeling in banden","","",0,0,20000731,20000731,0,0,0,"",0,0
"Soest","H","01","Eenmanszaak","4120","Algemene burgerlijke en utiliteitsbouw","","","","","","",0,0,20120215,20000801,20150417,0,0,"",0,0
"Amersfoort","H","41","Besloten vennootschap met gewone structuur","6420","Financiële holdings","","","","","N","N",20001027,20001027,20001016,20000712,20001004,0,20001027,"",2020,20210719
"Broek in Waterland","H","41","Besloten vennootschap met gewone structuur","6420","Financiële holdings","","","","","N","N",20000712,20000712,20091204,20000712,20091201,0,0,"",2019,20210226
"Amsterdam","","71","Vereniging met volledige rechtsbevoegdheid","94997","Overige belangenbehartiging (rest)","94996","Overige ideële organisaties (rest)","","","","",20000720,20000720,0,0,0,0,0,"",0,0
"Overveen","","74","Stichting","9002","Dienstverlening voor uitvoerende kunst","","","","","","",20000713,20000713,0,0,0,0,0,"",0,0
"Eindhoven","H","41","Besloten vennootschap met gewone structuur","4651","GH computers, randapparatuur en software","7733","Verh./lease computers/kantoorapparatuur","90042","Evenementenhallen","N","N",20000919,20000919,20201005,20000501,20201001,0,20000919,"",2021,0
"Amsterdam","H","41","Besloten vennootschap met gewone structuur","46462","GH med./tandheelk.instr./verpl.art. e.d.","46461","Groothandel in farmaceutische producten","46383","Gesp. GH in ov. voedings- en genotm.","J","J",20000628,20000628,20000728,20000628,0,0,0,"",2020,20220517
"Aalsmeer","","71","Vereniging met volledige rechtsbevoegdheid","9002","Dienstverlening voor uitvoerende kunst","93195","Organiseren van sportevenementen","","","","",20000622,0,0,0,0,0,0,"",0,0
"Heemstede","H","01","Eenmanszaak","4120","Algemene burgerlijke en utiliteitsbouw","","","","","N","N",0,0,20000728,20000601,20140825,0,0,"",0,0
"Amsterdam","H","01","Eenmanszaak","96021","Haarverzorging","85592","Bedrijfsopleiding en -training","46699","GH ov.mach./app./toeb. ind./handel","J","J",0,0,20000728,20000714,20100323,0,0,"",0,0
"Amsterdam","H","01","Eenmanszaak","96021","Haarverzorging","85519","Overig sport- en recreatieonderwijs","","","N","N",0,0,20000728,20000701,20040919,0,0,"",0,0
"Velserbroek","H","41","Besloten vennootschap met gewone structuur","64303","Beleggingsinst. met beperkte toetreding","","","","","N","N",20000721,20000721,20000728,20000721,0,0,0,"",2020,20211230
"Landsmeer","H","41","Besloten vennootschap met gewone structuur","6420","Financiële holdings","","","","","N","N",20000727,20000727,20160209,20000727,20160208,0,0,"",2020,20210916
"Blaricum","H","41","Besloten vennootschap met gewone structuur","6420","Financiële holdings","","","","","N","N",20000823,20000823,20210414,20000101,20210401,0,20000823,"",2020,20220208
"Westbroek","","71","Vereniging met volledige rechtsbevoegdheid","9412","Beroepsorganisaties","","","","","","",20000706,20000706,0,0,0,0,0,"",0,0
"Amsterdam","","74","Stichting","7740","Lease niet-financiële immateriële activa","","","","","","",20000720,20000720,0,0,0,0,0,"",0,0
"Amsterdam","","74","Stichting","9492","Politieke organisaties","","","","","","",20000719,20000719,0,0,0,0,0,"",0,0
"Amsterdam","H","01","Eenmanszaak","85592","Bedrijfsopleiding en -training","","","","","N","N",0,0,20170703,20000101,20180607,0,0,"",0,0
"Amsterdam","","74","Stichting","85592","Bedrijfsopleiding en -training","","","","","","",20000718,20000718,0,0,0,0,0,"",0,0
"Venlo","H","41","Besloten vennootschap met gewone structuur","6420","Financiële holdings","","","","","N","N",20000728,20000728,20081229,20000728,20080923,0,0,"",2006,20071001
"Diemen","H","41","Besloten vennootschap met gewone structuur","6420","Financiële holdings","","","","","N","N",20000710,20000710,20060918,20000710,20060915,0,0,"",2020,20211124
"Schoorl","","71","Vereniging met volledige rechtsbevoegdheid","93125","Paardensport en maneges","","","","","","",20000705,20000705,0,0,0,0,0,"",0,0
"Blokker","H","01","Eenmanszaak","4331","Stukadoren","","","","","","",0,0,20000728,20000801,20181225,0,0,"",0,0
"Zwaagdijk-Oost","H","01","Eenmanszaak","4333","Afwerking van vloeren en wanden","4120","Algemene burgerlijke en utiliteitsbouw","","","N","N",0,0,20000728,20000724,20060113,0,0,"",0,0
"Hem","H","01","Eenmanszaak","4332","Bouwtimmeren","3109","Vervaardiging van overige meubels","","","N","N",0,0,20000731,20000731,20160401,0,0,"",0,0
"Alkmaar","","71","Vereniging met volledige rechtsbevoegdheid","94997","Overige belangenbehartiging (rest)","","","","","","",20000720,20000719,0,0,0,0,0,"",0,0
"Zuidschermer","H","01","Eenmanszaak","4332","Bouwtimmeren","43993","Metselen en voegen","","","","",0,0,20000731,20000801,0,0,0,"",0,0
"Sint Maartensvlotbrug","H","01","Eenmanszaak","55201","Verh. vakantiehuisjes en appartementen","","","","","","",0,0,20000731,20000801,20140901,0,0,"",0,0
"Bergen (NH)","H","01","Eenmanszaak","9524","Reparatie en stoffering van meubels","","","","","N","N",0,0,20000731,20000801,0,0,0,"",0,0
"Almere","","74","Stichting","6420","Financiële holdings","","","","","","",20000724,20000724,0,0,0,0,0,"",0,0
"Amsterdam","H","01","Eenmanszaak","6209","Ov. dienstv. act. ohgv informatietechn.","4651","GH computers, randapparatuur en software","4741","Winkels in computers/randapp./software","N","N",0,0,20030604,20000801,20050301,0,0,"",0,0
"Hoensbroek","H","01","Eenmanszaak","90011","Beoefening van podiumkunst","9002","Dienstverlening voor uitvoerende kunst","6201","Ontwikkelen/produceren/uitgeven software","J","J",0,0,20060530,20000623,20060506,0,0,"",0,0
"Joure","H","41","Besloten vennootschap met gewone structuur","4110","Projectontwikkeling","","","","","","",20000728,20000728,20000731,20000728,20140516,0,0,"",2021,20220420
"Uithuizen","","74","Stichting","88993","Lokaal welzijnswerk","","","","","","",19900323,19900323,0,0,0,0,0,"",0,0
"Haarlem","H","41","Besloten vennootschap met gewone structuur","6420","Financiële holdings","64923","Participatiemaatschappijen","","","N","N",20000705,20000705,20160809,20000705,20160801,0,0,"",2021,20220216
"Amsterdam","H","41","Besloten vennootschap met gewone structuur","64923","Participatiemaatschappijen","78202","Uitleenbureaus","","","","",20001031,20001031,20180828,20000731,20180828,0,20001031,"",2020,20210616
"Rottum","H","11","Vennootschap onder firma","0161","Dienstverl. akker- en/of tuinbouw","4312","Grondverzet","","","","",20000101,0,20000801,20000101,0,0,0,"",0,0
"Zevenhuizen","","71","Vereniging met volledige rechtsbevoegdheid","88993","Lokaal welzijnswerk","","","","","","",20000801,20000801,0,0,0,0,0,"",0,0
"Assen","","74","Stichting","66191","Admin.kantoren voor aandelen/obligaties","","","","","","",20000726,20000726,0,0,0,0,0,"",0,0
"Assen","H","41","Besloten vennootschap met gewone structuur","6420","Financiële holdings","","","","","","",20000726,20000726,20000801,20000726,20180101,0,0,"",2020,20210531
"Assen","H","41","Besloten vennootschap met gewone structuur","6420","Financiële holdings","","","","","","",20000726,20000726,20000801,20000726,20200127,0,0,"",2019,20200609
"Assen","H","11","Vennootschap onder firma","4332","Bouwtimmeren","","","","","","",20070101,0,20000801,20000801,20041013,0,20070101,"",0,0
"Roden","H","41","Besloten vennootschap met gewone structuur","6420","Financiële holdings","","","","","","",20000731,20000731,20010704,19971001,20211102,0,20000731,"",2020,20220414
"Eelde","H","41","Besloten vennootschap met gewone structuur","64303","Beleggingsinst. met beperkte toetreding","","","","","","",20000724,20000724,20000801,20000724,20190129,0,0,"",2020,20211018
"Erica","","71","Vereniging met volledige rechtsbevoegdheid","93122","Veldsport in teamverband (geen voetbal)","","","","","","",20000718,20000718,0,0,0,0,0,"",0,0
"Onna","H","41","Besloten vennootschap met gewone structuur","6420","Financiële holdings","6202","Advisering ohgv informatietechnologie","6201","Ontwikkelen/produceren/uitgeven software","","",20000726,20000726,20000728,20000726,0,0,0,"",2020,20211221
"Almelo","H","01","Eenmanszaak","47591","Winkels in meubels","","","","","N","N",0,0,20000731,19890101,20140919,0,20000801,"",0,0
"Deventer","H","01","Eenmanszaak","4120","Algemene burgerlijke en utiliteitsbouw","","","","","N","N",0,0,20000731,20000801,0,0,0,"",0,0
"Den Hoorn","","74","Stichting","94996","Overige ideële organisaties (rest)","","","","","","",20000728,20000728,0,0,0,0,0,"",0,0
"Beltrum","H","01","Eenmanszaak","4332","Bouwtimmeren","43993","Metselen en voegen","","","N","N",0,0,20071222,20000703,20210331,0,0,"",0,0
"Enschede","H","01","Eenmanszaak","9003","Schrijven en overige scheppende kunst","","","","","","",0,0,20000731,19990624,20040428,0,0,"",0,0
"Neede","","74","Stichting","94991","Gezelligheidsverenigingen","88993","Lokaal welzijnswerk","","","","",20000728,20000728,0,0,0,0,0,"",0,0
"Deventer","","74","Stichting","9002","Dienstverlening voor uitvoerende kunst","","","","","","",20000608,20000608,0,0,0,0,0,"",0,0
"Leimuiden","H","01","Eenmanszaak","74103","Interieur- en ruimtelijk ontwerp","9003","Schrijven en overige scheppende kunst","","","N","N",0,0,20090210,20000731,20090129,0,0,"",0,0
"Enschede","","74","Stichting","69209","Overige administratiekantoren","","","","","","",20000727,20000727,0,0,0,0,0,"",0,0
"Hengelo (Gld)","H","41","Besloten vennootschap met gewone structuur","6420","Financiële holdings","","","","","","",20000728,20000728,20080117,20000728,20110101,0,0,"",2020,20211230
"Veldhoven","H","01","Eenmanszaak","8130","Landschapsverzorging","45201","Auto-onderdelenservicebedrijven","4120","Algemene burgerlijke en utiliteitsbouw","","",0,0,20110817,20000801,20110817,0,0,"",0,0
"Asperen","H","01","Eenmanszaak","70221","Organisatie-adviesbureaus","","","","","N","N",0,0,20000801,20000808,20071116,0,0,"",0,0
"Maasbommel","","74","Stichting","88993","Lokaal welzijnswerk","","","","","","",20000727,20000727,0,0,0,0,0,"",0,0
"Wamel","H","01","Eenmanszaak","96022","Schoonheidsverzorging/pedi-/manicures","","","","","","",0,0,20000801,20000801,0,0,0,"",0,0
"Beesd","H","41","Besloten vennootschap met gewone structuur","6832","Beheer van onroerend goed","","","","","","",20000731,20000731,20000801,20000731,0,0,0,"",2020,20210706
"Sittard","H","41","Besloten vennootschap met gewone structuur","46499","GH ov. consumentenart. (non-food) (rest)","45401","GH en HB in motorfiets(onderdel)en","7490","Overige special. zakelijke dienstverl.","J","J",20000728,20000728,20050418,20000728,20170101,0,0,"",2020,20211125
"Maastricht","","71","Vereniging met volledige rechtsbevoegdheid","88993","Lokaal welzijnswerk","94997","Overige belangenbehartiging (rest)","","","","",20000719,20000719,0,0,0,0,0,"",0,0
"Berg en Terblijt","H","11","Vennootschap onder firma","55101","Hotel-restaurants","5630","Cafés","","","N","N",20000801,0,20000801,20000801,0,0,0,"",0,0
"Eindhoven","H","41","Besloten vennootschap met gewone structuur","7021","Adviesbureaus publ. relations en comm.","","","","","N","N",20001026,20001026,20020822,20000801,20201001,0,20001026,"",2020,20210622
"Urmond","H","41","Besloten vennootschap met gewone structuur","6201","Ontwikkelen/produceren/uitgeven software","7312","Handel in advertentieruimte en -tijd","6420","Financiële holdings","N","N",20080527,20080527,20000801,20000801,20220401,0,20080527,"",2019,20210727
"Heerlen","H","11","Vennootschap onder firma","45112","Handel/rep. personen-/lichte bedr.auto's","46771","Groothandel in autosloopmateriaal","45311","GH/HB auto-ond./-access. (geen banden)","N","N",20000801,0,20000801,20000801,20000801,0,0,"",0,0
"Geleen","H","41","Besloten vennootschap met gewone structuur","3832","Gesorteerd mater. voorber. tot recycling","2016","Verv. kunststof in primaire vorm","","","J","J",20080429,20080429,20000801,20000707,0,0,20080429,"",2020,20210531
"Heeswijk-Dinther","H","11","Vennootschap onder firma","4614","HB mach./techn.ben./schepen/vliegtuigen","4742","Winkels in telecommunicatieapparatuur","47918","Internethandel overige non-food","N","N",19990101,0,20000801,19910826,20110420,0,19990101,"",0,0
"Deurne","","74","Stichting","66191","Admin.kantoren voor aandelen/obligaties","","","","","","",20000727,20000727,0,0,0,0,0,"",0,0
"Langenboom","","71","Vereniging met volledige rechtsbevoegdheid","88102","Welzijnswerk voor ouderen","","","","","","",19540101,20000727,0,0,0,0,0,"",0,0
"Bergeijk","H","41","Besloten vennootschap met gewone structuur","6420","Financiële holdings","","","","","N","N",20020104,20020104,20000801,20000401,20020104,0,20020104,"",2020,20220426
"Eindhoven","","71","Vereniging met volledige rechtsbevoegdheid","88993","Lokaal welzijnswerk","94997","Overige belangenbehartiging (rest)","","","","",20000720,20000719,0,0,0,0,0,"",0,0
"Breda","H","01","Eenmanszaak","4312","Grondverzet","4311","Slopen van bouwwerken","5221","Dienstverlening voor vervoer over land","","",0,0,20200716,20000807,20200608,0,0,"",0,0
"Helmond","H","01","Eenmanszaak","96022","Schoonheidsverzorging/pedi-/manicures","47918","Internethandel overige non-food","","","N","N",0,0,20000801,20000801,20170829,0,0,"",0,0
"Overloon","","74","Stichting","66191","Admin.kantoren voor aandelen/obligaties","","","","","","",20000627,20000627,0,0,0,0,0,"",0,0
"'s-Hertogenbosch","","74","Stichting","9002","Dienstverlening voor uitvoerende kunst","","","","","","",20000714,20000714,0,0,0,0,0,"",0,0
"Roosendaal","","74","Stichting","94997","Overige belangenbehartiging (rest)","","","","","","",20000725,20000725,0,0,0,0,0,"",0,0
"Etten-Leur","H","01","Eenmanszaak","7112","Ingenieurs/overig techn. ontwerp/advies","","","","","","",0,0,20000801,20000801,20040101,0,0,"",0,0
"Oosterhout","H","01","Eenmanszaak","4619","Niet-gespecialiseerde handelsbemiddeling","","","","","","",0,0,20000801,20000801,0,0,0,"",0,0
"Steenbergen","H","41","Besloten vennootschap met gewone structuur","6420","Financiële holdings","","","","","N","N",20040330,20040330,20000801,20000401,0,0,20040330,"",2020,20220321
"Bosschenhoofd","H","01","Eenmanszaak","4332","Bouwtimmeren","","","","","","",0,0,20000801,20000801,20201210,0,0,"",0,0
"St. Willebrord","H","11","Vennootschap onder firma","56102","Fastfoodrest, cafet, ijssal, eetkr e.d.","","","","","N","N",20080101,0,20000801,20000801,0,0,20080101,"",0,0
"Linne","H","41","Besloten vennootschap met gewone structuur","4634","Groothandel in dranken (geen zuivel)","","","","","N","N",20010212,20010212,20161130,20000725,20161129,0,0,"",2020,20210709
"Barendrecht","H","01","Eenmanszaak","6202","Advisering ohgv informatietechnologie","","","","","N","N",0,0,20000801,20000801,20070501,0,0,"",0,0
"Vlaardingen","H","01","Eenmanszaak","8010","Particuliere beveiliging","","","","","N","N",0,0,20000801,20000801,20060515,0,20041130,"",0,0
"Amsterdam","H","41","Besloten vennootschap met gewone structuur","6420","Financiële holdings","","","","","N","N",20000710,20000710,20011123,20000710,20211201,0,0,"",2020,20211028
"Zwijndrecht","H","01","Eenmanszaak","4332","Bouwtimmeren","","","","","","",0,0,20000801,20000801,0,0,0,"",0,0
"Spijkenisse","H","01","Eenmanszaak","74201","Fotografie","","","","","N","N",0,0,20000801,20000801,0,0,0,"",0,0
"Rotterdam","H","41","Besloten vennootschap met gewone structuur","6420","Financiële holdings","","","","","N","N",20000807,20000807,20000801,20000615,20080701,0,20000807,"",2020,20211016
"Rotterdam","H","41","Besloten vennootschap met gewone structuur","6201","Ontwikkelen/produceren/uitgeven software","70221","Organisatie-adviesbureaus","","","N","N",20020503,20020503,20000801,20000801,20170807,0,20020503,"",2020,20220127
"Katwijk","N","52","Naamloze vennootschap blijkens statuten structuurvennootschap","3600","Winning en distributie van water","","","","","N","N",19880708,19880708,20000731,19960101,0,0,0,"",2020,20210701
"'s-Gravenhage","H","01","Eenmanszaak","4120","Algemene burgerlijke en utiliteitsbouw","","","","","","",0,0,20000731,20000806,20110115,0,20070101,"",0,0
"Vreeland","H","41","Besloten vennootschap met gewone structuur","9003","Schrijven en overige scheppende kunst","","","","","N","N",20001107,20001107,20030512,20000601,20070926,0,20001107,"",2020,20210908
"Rijswijk","H","01","Eenmanszaak","4615","HB in meubels, huish. art. en ijzerwaren","","","","","J","N",0,0,20000731,20000710,20050801,0,0,"",0,0
"Amsterdam","","71","Vereniging met volledige rechtsbevoegdheid","9412","Beroepsorganisaties","","","","","","",20000616,20000616,0,0,0,0,0,"",0,0
"Poeldijk","H","01","Eenmanszaak","8219","Secretariële dienstverlening","70221","Organisatie-adviesbureaus","","","","",0,0,20000731,20000701,20030911,0,0,"",0,0
"Zandvoort","H","41","Besloten vennootschap met gewone structuur","6420","Financiële holdings","","","","","N","N",20000907,20000907,20150929,20000715,20210406,0,20000907,"",2020,20211029
"Maasland","H","01","Eenmanszaak","6810","Handel in eigen onroerend goed","68203","Verhuur van overige woonruimte","","","N","N",0,0,20000731,20000102,20020601,0,20100329,"",0,0
"Delft","H","41","Besloten vennootschap met gewone structuur","7740","Lease niet-financiële immateriële activa","","","","","","",20000727,20000727,20000731,20000727,0,0,0,"",2021,20220523
"Maasdijk","H","41","Besloten vennootschap met gewone structuur","46739","GH bouwmaterialen algemeen assortiment","47999","DH via overige distributievormen","46499","GH ov. consumentenart. (non-food) (rest)","J","J",20061206,20061206,20000801,20000801,20190423,0,20061206,"",2020,20211101
"Oegstgeest","H","41","Besloten vennootschap met gewone structuur","4622","Groothandel in bloemen en planten","","","","","J","J",20000720,20000720,20000731,20000720,0,0,0,"",2019,20210722
"Oegstgeest","H","01","Eenmanszaak","4622","Groothandel in bloemen en planten","","","","","N","J",0,0,20000801,20000801,20191001,0,0,"",0,0
"Maarssen","H","11","Vennootschap onder firma","4614","HB mach./techn.ben./schepen/vliegtuigen","","","","","J","J",20040101,0,20000731,20000801,0,0,20040101,"",0,0
"Culemborg","H","41","Besloten vennootschap met gewone structuur","6630","Vermogensbeheer","","","","","","",20000720,20000720,20191218,20000720,20191101,0,0,"",2020,20210802
"Vleuten","H","41","Besloten vennootschap met gewone structuur","6201","Ontwikkelen/produceren/uitgeven software","78202","Uitleenbureaus","","","","",20010802,20010802,20000801,20000801,20210713,0,20010802,"",2020,20211223
"Utrecht","H","41","Besloten vennootschap met gewone structuur","7112","Ingenieurs/overig techn. ontwerp/advies","","","","","","",20000725,20000725,20000801,20000725,20010401,0,0,"",2020,20211231
"Utrecht","H","41","Besloten vennootschap met gewone structuur","7112","Ingenieurs/overig techn. ontwerp/advies","5221","Dienstverlening voor vervoer over land","","","","",20000726,20000726,20000801,20000726,20011003,0,0,"",2021,0
"Almere","H","41","Besloten vennootschap met gewone structuur","70221","Organisatie-adviesbureaus","","","","","","",20000922,20000922,20110801,20000801,20110729,0,20000922,"",2020,20210824
"Amsterdam","","74","Stichting","85599","Studiebegeleiding/vorming/onderwijs","","","","","","",20000718,20000718,0,0,0,0,0,"",0,0
"Helmond","H","01","Eenmanszaak","4332","Bouwtimmeren","4782","Markthandel in textiel/kleding/schoeisel","74103","Interieur- en ruimtelijk ontwerp","N","N",0,0,20131029,20000801,20131001,0,0,"",0,0
"Maartensdijk","","74","Stichting","66191","Admin.kantoren voor aandelen/obligaties","","","","","","",20000712,20000712,0,0,0,0,0,"",0,0
"Rhenen","H","41","Besloten vennootschap met gewone structuur","86919","Overige paramedische praktijken","","","","","","",20000726,20000726,20000801,20000726,20070917,0,0,"",2021,20220116
"Bunschoten-Spakenburg","","71","Vereniging met volledige rechtsbevoegdheid","47192","Winkels met alg.assort. (geen warenh.)","","","","","","",20000726,20000726,0,0,0,0,0,"",0,0
"Huizen","H","41","Besloten vennootschap met gewone structuur","7021","Adviesbureaus publ. relations en comm.","70221","Organisatie-adviesbureaus","","","","",20000828,20000828,20000801,20000801,20200308,0,20000828,"",2020,20210510
"Huizen","H","41","Besloten vennootschap met gewone structuur","46693","GH verbrandingsmotoren/pompen/compress.","33123","Rep./onderh. machines specif.bedrijfstak","33223","Inst. machines voor spec. bedrijfstak","","",20050411,20050411,20000801,20000801,20130101,0,20050411,"",2020,20211110
"Huizen","H","41","Besloten vennootschap met gewone structuur","70221","Organisatie-adviesbureaus","","","","","N","N",20050425,20050425,20000801,20000801,0,0,20050425,"",2020,20210726
"Amsterdam","H","01","Eenmanszaak","4782","Markthandel in textiel/kleding/schoeisel","74103","Interieur- en ruimtelijk ontwerp","","","N","N",0,0,20000731,20000731,0,0,0,"",0,0
"'s-Gravenhage","H","41","Besloten vennootschap met gewone structuur","6810","Handel in eigen onroerend goed","68203","Verhuur van overige woonruimte","","","N","N",20000815,20000815,20081209,20000601,20130905,0,20000815,"",2021,20220401
"Overveen","H","41","Besloten vennootschap met gewone structuur","6810","Handel in eigen onroerend goed","68204","Verh. onroerend goed (niet v woonruimte)","","","N","N",20000815,20000815,20000731,20000601,20120305,0,20000815,"",2020,20220606
"Badhoevedorp","H","41","Besloten vennootschap met gewone structuur","6420","Financiële holdings","","","","","N","N",20000711,20000711,20000731,20000711,0,0,0,"",2021,20220413
"Haarlem","H","01","Eenmanszaak","7311","Reclamebureaus","","","","","N","N",0,0,20000731,20000801,20070101,0,0,"",0,0
"Uithoorn","H","41","Besloten vennootschap met gewone structuur","6420","Financiële holdings","","","","","N","N",20000711,20000711,20000731,20000711,0,0,0,"",2021,20220413
"Amsterdam","","74","Stichting","8541","Niet-universitair hoger onderwijs","","","","","","",20000616,20000616,0,0,0,0,0,"",0,0
"Zaandam","H","01","Eenmanszaak","6831","Bemidd. bij handel/huur/verhuur onr.goed","","","","","N","N",0,0,20080311,20000731,20171204,0,0,"",0,0
"Haarlem","H","41","Besloten vennootschap met gewone structuur","70221","Organisatie-adviesbureaus","6190","Overige telecommunicatie","78202","Uitleenbureaus","N","N",20000905,20000905,20000731,20000701,20171231,0,20000905,"",2021,20220512
"Heiloo","H","41","Besloten vennootschap met gewone structuur","70221","Organisatie-adviesbureaus","85599","Studiebegeleiding/vorming/onderwijs","","","N","N",20000725,20000725,20070702,20000725,20070701,0,0,"",2020,20210916
"Amsterdam","","71","Vereniging met volledige rechtsbevoegdheid","88993","Lokaal welzijnswerk","","","","","","",20000720,20000719,0,0,0,0,0,"",2014,0
"Zwolle","H","41","Besloten vennootschap met gewone structuur","6420","Financiële holdings","","","","","N","N",20000921,20000921,20200129,20000731,20200129,0,20000921,"",2020,20211001
"Oude Meer","H","41","Besloten vennootschap met gewone structuur","70221","Organisatie-adviesbureaus","","","","","N","N",20000708,20000708,20000731,20000708,20130101,0,0,"",2020,20211230
"Oude Meer","H","41","Besloten vennootschap met gewone structuur","6420","Financiële holdings","","","","","N","N",20000707,20000707,20000731,20000707,20130101,0,0,"",2020,20211230
"Amstelveen","H","01","Eenmanszaak","47892","Markthandel in tweedehands goederen","","","","","N","N",0,0,20000731,20000731,20200831,0,0,"",0,0
"Amsterdam","H","41","Besloten vennootschap met gewone structuur","7735","Verhuur en lease van vliegtuigen","","","","","N","N",20000731,20000731,20000731,20000731,20120312,0,0,"",2020,20211215
"Amsterdam","H","01","Eenmanszaak","4120","Algemene burgerlijke en utiliteitsbouw","","","","","N","N",0,0,20000801,20000801,20060801,0,0,"",0,0
"Zaandijk","H","01","Eenmanszaak","70221","Organisatie-adviesbureaus","3213","Vervaardiging van imitatiesieraden","5590","Overige logiesverstrekking","N","N",0,0,20000801,19990101,20051001,0,0,"",0,0
"Amsterdam","","74","Stichting","94991","Gezelligheidsverenigingen","","","","","","",20000610,20000610,0,0,0,0,0,"",0,0
"Wormer","H","41","Besloten vennootschap met gewone structuur","4331","Stukadoren","46739","GH bouwmaterialen algemeen assortiment","","","N","N",20100401,20100401,20000801,20000801,20030827,0,20100401,"",2020,20210514
"Aalsmeer","H","41","Besloten vennootschap met gewone structuur","6420","Financiële holdings","","","","","N","N",20010226,20010226,20000801,20000101,20210501,0,20010226,"",2021,20220613
"Vijfhuizen","","74","Stichting","6420","Financiële holdings","","","","","","",20000713,20000713,0,0,0,0,0,"",0,0
"Heeg","H","41","Besloten vennootschap met gewone structuur","6420","Financiële holdings","","","","","N","N",20000830,20000830,20050523,20000801,20050514,0,20000830,"",2018,20190826
"Amsterdam","H","41","Besloten vennootschap met gewone structuur","6420","Financiële holdings","","","","","N","N",20000830,20000830,20000801,20000801,20040601,0,20000830,"",2020,20210712
"Amstelveen","","74","Stichting","93195","Organiseren van sportevenementen","","","","","","",20000713,20000713,0,0,0,0,0,"",0,0
"Amsterdam","H","01","Eenmanszaak","86919","Overige paramedische praktijken","","","","","N","N",0,0,20000801,20000801,20120401,0,0,"",0,0
"Haarlem","H","01","Eenmanszaak","59111","Prod. films (geen televisiefilms)","","","","","N","N",0,0,20000801,20000801,20060101,0,20060101,"",0,0
"Nijmegen","H","01","Eenmanszaak","4120","Algemene burgerlijke en utiliteitsbouw","","","","","","",0,0,20011008,20000801,20011001,0,0,"",0,0
"Haarlemmerliede","H","01","Eenmanszaak","5221","Dienstverlening voor vervoer over land","78201","Uitzendbureaus","","","N","N",0,0,20000801,20000801,20080122,0,0,"",0,0
"Amsterdam","H","41","Besloten vennootschap met gewone structuur","6420","Financiële holdings","","","","","N","N",20000901,20000901,20000801,20000725,20200106,0,20000901,"",2020,20210616
"Alkmaar","H","41","Besloten vennootschap met gewone structuur","6420","Financiële holdings","","","","","N","N",20000727,20000727,20000801,20000727,20161002,0,0,"",2020,20210901
"Uitgeest","H","41","Besloten vennootschap met gewone structuur","6420","Financiële holdings","","","","","N","N",20000615,20000615,20070307,20000615,20070201,0,0,"",2021,0
"Oosthuizen","","74","Stichting","88999","Overig maatsch.adv./gemeenschapshuizen","","","","","","",20000731,20000731,0,0,0,0,0,"",0,0
"Oosthuizen","","74","Stichting","8230","Organiseren van congressen en beurzen","","","","","","",20000725,20000725,0,0,0,0,0,"",0,0
"Den Helder","H","01","Eenmanszaak","96021","Haarverzorging","47591","Winkels in meubels","74103","Interieur- en ruimtelijk ontwerp","","",0,0,20000801,19800120,0,0,20000801,"",0,0
"Rotterdam","H","41","Besloten vennootschap met gewone structuur","86921","Gezondheidscentra","","","","","","",20000727,20000727,20210204,20000727,20210204,0,0,"",2020,20220421
"Muiden","H","41","Besloten vennootschap met gewone structuur","70102","Holdings (geen financiële)","","","","","N","N",20001214,20001214,20040507,20000601,20130101,0,20001214,"",2007,20100129
"Marknesse","H","01","Eenmanszaak","3011","Bouw van schepen en drijvend materieel","","","","","N","N",0,0,20000801,20000731,20050701,0,0,"",0,0
"Witmarsum","H","01","Eenmanszaak","4120","Algemene burgerlijke en utiliteitsbouw","9003","Schrijven en overige scheppende kunst","","","","",0,0,20001031,20000801,20131021,0,20080101,"",0,0
"Sauwerd","H","41","Besloten vennootschap met gewone structuur","6420","Financiële holdings","","","","","J","J",20040528,20040528,20000802,20000801,20171208,0,20040528,"",2020,20211223
"Groningen","H","01","Eenmanszaak","86913","Praktijken van psychotherapeuten/-logen","85592","Bedrijfsopleiding en -training","","","","",0,0,20060619,20000802,20220215,0,20040212,"",0,0
"Orvelte","H","01","Eenmanszaak","5530","Kampeerterreinen","5629","Kantines en contractcatering","","","","",0,0,20000802,20000701,0,0,0,"",0,0
"Steenwijk","H","41","Besloten vennootschap met gewone structuur","6420","Financiële holdings","","","","","","",20011212,20011212,20000801,20000724,20050701,0,20011212,"",2018,20200418
"Zwolle","H","41","Besloten vennootschap met gewone structuur","6420","Financiële holdings","6622","Assurantietussenpersonen","","","","",20000726,20000726,20000802,20000726,20060304,0,0,"",2020,20220408
"Raalte","H","41","Besloten vennootschap met gewone structuur","4120","Algemene burgerlijke en utiliteitsbouw","43993","Metselen en voegen","16231","Verv. deuren, ramen en kozijnen van hout","","",20000727,20000727,20000802,19711223,0,0,20000727,"",2021,20220516
"Bathmen","","71","Vereniging met volledige rechtsbevoegdheid","93299","Ov. recreatie (rest)(geen jachthavens)","","","","","","",19460405,20000727,0,0,0,0,0,"",0,0
"Delden","H","01","Eenmanszaak","8891","Kinderopvang","","","","","N","N",0,0,20000802,20000801,20100101,0,0,"",0,0
"Beemte Broekland","H","11","Vennootschap onder firma","45112","Handel/rep. personen-/lichte bedr.auto's","","","","","N","N",20000802,0,20000802,20000802,0,0,0,"",0,0
"Apeldoorn","H","41","Besloten vennootschap met gewone structuur","46723","GH non-ferrometalen en -halffabrikaten","","","","","J","J",20000731,20000731,20000802,20000731,20050707,0,0,"",2021,20220613
"Wilp","H","41","Besloten vennootschap met gewone structuur","6420","Financiële holdings","","","","","N","N",20000828,20000828,20080829,20000714,20141215,0,20000828,"",2021,20220502
"Winterswijk","H","41","Besloten vennootschap met gewone structuur","6420","Financiële holdings","","","","","","",20000731,20000731,20000801,20000731,0,0,0,"",2020,20220320
"Lichtenvoorde","H","01","Eenmanszaak","31011","Interieurbouw","4120","Algemene burgerlijke en utiliteitsbouw","3109","Vervaardiging van overige meubels","","",0,0,20000801,20000801,20020201,0,0,"",0,0
"Nijmegen","H","11","Vennootschap onder firma","47299","Gesp. winkels in ov. voedings-/genotm.","47596","Winkels gespec. in overige huish.art.","","","N","N",20100511,0,20000802,20000801,20000801,0,20100511,"",0,0
"Schoonrewoerd","H","01","Eenmanszaak","86912","Praktijken van fysiotherapeuten","","","","","","",0,0,20000802,19870601,20080415,0,0,"",0,0
"Sint Joost","H","41","Besloten vennootschap met gewone structuur","69204","Belastingconsulenten","","","","","N","N",20000731,20000731,20000801,20000731,20040331,0,0,"",2020,20211106
"Linne","H","41","Besloten vennootschap met gewone structuur","8211","Brede administratieve dienstverlening","","","","","N","N",20000731,20000731,20000801,20000731,0,0,0,"",2020,20211105
"Ittervoort","H","41","Besloten vennootschap met gewone structuur","6420","Financiële holdings","","","","","N","N",20000728,20000728,20000801,20000728,0,0,0,"",2020,20220520
"Ittervoort","H","41","Besloten vennootschap met gewone structuur","6201","Ontwikkelen/produceren/uitgeven software","","","","","N","N",20000728,20000728,20000801,20000728,0,0,0,"",2020,20210810
"Swalmen","H","01","Eenmanszaak","43993","Metselen en voegen","","","","","N","N",0,0,20000802,19930816,20021129,0,20030901,"",0,0
"Brunssum","H","01","Eenmanszaak","6201","Ontwikkelen/produceren/uitgeven software","","","","","N","N",0,0,20000802,20000701,20020101,0,0,"",0,0
"Hooge Mierde","H","41","Besloten vennootschap met gewone structuur","4332","Bouwtimmeren","43999","Overige gespec. werkz. in de bouw (rest)","","","N","N",20070531,20070531,20000731,20000807,0,0,20070531,"",2021,20220524
"Valkenswaard","H","41","Besloten vennootschap met gewone structuur","6420","Financiële holdings","4619","Niet-gespecialiseerde handelsbemiddeling","","","","",20000728,20000728,20000731,20000728,20210526,0,0,"",2020,20211007
"Eindhoven","H","41","Besloten vennootschap met gewone structuur","6420","Financiële holdings","","","","","","",20000728,20000728,20000731,20000728,20210526,0,0,"",2020,20211007
"Vught","H","41","Besloten vennootschap met gewone structuur","4110","Projectontwikkeling","","","","","","",20001006,20001006,20000731,20000801,20190613,0,20001006,"",2020,20210607
"Demen","H","01","Eenmanszaak","70221","Organisatie-adviesbureaus","","","","","N","N",0,0,20000802,20000810,20171001,0,0,"",0,0
"Oirschot","H","11","Vennootschap onder firma","7112","Ingenieurs/overig techn. ontwerp/advies","","","","","N","N",20010401,0,20000802,20000802,20031027,0,20010401,"",0,0
"Valkenswaard","H","41","Besloten vennootschap met gewone structuur","93299","Ov. recreatie (rest)(geen jachthavens)","","","","","N","N",20100401,20100401,20000802,20000101,0,0,20100401,"",2020,20210606
"Vlijmen","H","01","Eenmanszaak","4120","Algemene burgerlijke en utiliteitsbouw","","","","","","",0,0,20000802,20000802,20201201,0,0,"",0,0
"Helmond","H","01","Eenmanszaak","96022","Schoonheidsverzorging/pedi-/manicures","","","","","","",0,0,20000802,20000809,20060901,0,0,"",0,0
"Dongen","H","01","Eenmanszaak","4331","Stukadoren","","","","","","",0,0,20131120,20000802,20190305,0,0,"",0,0
"Oosterhout","H","41","Besloten vennootschap met gewone structuur","6420","Financiële holdings","","","","","","",20000726,20000726,20000802,20000726,0,0,0,"",2020,20211018
"Amsterdam","","71","Vereniging met volledige rechtsbevoegdheid","88993","Lokaal welzijnswerk","94997","Overige belangenbehartiging (rest)","","","","",20000719,20000719,20171016,0,0,0,0,"",0,0
"Hoogvliet Rotterdam","H","01","Eenmanszaak","7490","Overige special. zakelijke dienstverl.","","","","","","",0,0,20060904,20000727,20140915,0,0,"",0,0
"Hulst","","74","Stichting","94993","Steunfondsen (niet ohgv welzijnszorg)","","","","","","",20000731,20000731,0,0,0,0,0,"",0,0
"Kloosterzande","","74","Stichting","68203","Verhuur van overige woonruimte","","","","","","",20000731,20000731,0,0,0,0,0,"",0,0
"Serooskerke","H","01","Eenmanszaak","4332","Bouwtimmeren","4120","Algemene burgerlijke en utiliteitsbouw","","","N","N",0,0,20000802,20000801,20121001,0,0,"",0,0
"Rotterdam","N","41","Besloten vennootschap met gewone structuur","32501","Tandtechnische bedrijven","","","","","N","N",20000710,20000710,20000802,19890908,0,0,20000710,"",2020,20211214
"Hendrik-Ido-Ambacht","H","41","Besloten vennootschap met gewone structuur","50401","Binnenvaart (vrachtvaart)","","","","","N","N",20070321,20070321,20000801,20000701,20100511,0,20070321,"",2021,20220317
"Dordrecht","H","41","Besloten vennootschap met gewone structuur","64302","Beleggingsinstellingen in vaste activa","","","","","N","N",20000731,20000731,20000801,20000731,20200608,0,0,"",2020,20220330
"Rotterdam","","74","Stichting","88993","Lokaal welzijnswerk","","","","","","",20000727,20000727,0,0,0,0,0,"",0,0
"Spijkenisse","H","01","Eenmanszaak","70221","Organisatie-adviesbureaus","","","","","N","N",0,0,20000802,20000801,20130911,0,0,"",0,0
"Numansdorp","H","01","Eenmanszaak","42111","Wegenbouw","","","","","","",0,0,20000802,20000801,20200302,0,0,"",0,0
"Gouda","","71","Vereniging met volledige rechtsbevoegdheid","94997","Overige belangenbehartiging (rest)","","","","","","",20000802,0,0,0,0,0,0,"",0,0
"Oud-Beijerland","H","41","Besloten vennootschap met gewone structuur","70221","Organisatie-adviesbureaus","","","","","","",20000731,20000731,20000802,20000731,0,0,0,"",2020,20210930
"'s-Gravenhage","H","41","Besloten vennootschap met gewone structuur","70221","Organisatie-adviesbureaus","","","","","N","N",20060530,20060530,20160628,20000801,20200101,0,20060530,"",2021,20220502
"Oud-Beijerland","H","41","Besloten vennootschap met gewone structuur","6420","Financiële holdings","","","","","","",20000727,20000727,20000802,20000727,0,0,0,"",2020,20211001
"Haastrecht","H","01","Eenmanszaak","6201","Ontwikkelen/produceren/uitgeven software","6312","Webportals","","","","",0,0,20000802,20000501,0,0,0,"",0,0
"Numansdorp","H","41","Besloten vennootschap met gewone structuur","6420","Financiële holdings","","","","","N","N",20000816,20000816,20000802,20000801,20200904,0,20000816,"",2020,20211231
"'s-Gravenhage","H","41","Besloten vennootschap met gewone structuur","70222","Advisering ohgv management/bedrijfsv.","6209","Ov. dienstv. act. ohgv informatietechn.","6201","Ontwikkelen/produceren/uitgeven software","N","N",20001009,20001009,20040422,20000701,20080201,0,0,"",2013,20141222
"Rotterdam","H","41","Besloten vennootschap met gewone structuur","6201","Ontwikkelen/produceren/uitgeven software","","","","","N","N",20001130,20001130,20071001,20000801,20201101,0,20001130,"",2020,20211104
"Rijswijk","H","01","Eenmanszaak","43221","Loodg.- en fitterswerk; inst. sanitair","9609","Overige dienstverlening (rest)","","","N","N",0,0,20000801,20000801,20040816,0,0,"",0,0
"Delft","H","41","Besloten vennootschap met gewone structuur","6420","Financiële holdings","","","","","N","N",20000731,20000731,20000801,20000731,0,0,0,"",2019,20210510
"Delft","H","41","Besloten vennootschap met gewone structuur","6420","Financiële holdings","","","","","N","N",20000731,20000731,20000801,20000731,0,0,0,"",2019,20210510
"Aalten","H","41","Besloten vennootschap met gewone structuur","6420","Financiële holdings","","","","","N","N",20000731,20000731,20140306,20000731,20140301,0,0,"",2019,20210511
"Maasland","H","01","Eenmanszaak","4120","Algemene burgerlijke en utiliteitsbouw","","","","","N","N",0,0,20000802,20000801,20050810,0,0,"",0,0
"'s-Gravenhage","H","11","Vennootschap onder firma","47819","Markthandel overige voedings- en genotm.","","","","","N","N",20000901,0,20050530,20000801,20050529,0,20000901,"",0,0
"Wateringen","H","11","Vennootschap onder firma","4651","GH computers, randapparatuur en software","4741","Winkels in computers/randapp./software","","","N","N",20010101,0,20000802,20000802,20060711,0,20010101,"",0,0
"Rotterdam","H","41","Besloten vennootschap met gewone structuur","6201","Ontwikkelen/produceren/uitgeven software","4762","Winkels kranten/tijdschr./kantoorbeh.","","","N","N",20000816,20000816,20001018,20000801,20181001,0,20000816,"",2020,20220413
"'s-Gravenhage","H","01","Eenmanszaak","47991","Colportage","","","","","N","N",0,0,20000802,20000802,0,0,0,"",0,0
"Lisse","H","01","Eenmanszaak","4120","Algemene burgerlijke en utiliteitsbouw","","","","","N","N",0,0,20000802,20000701,20050101,0,0,"",0,0
"Leiden","","72","Vereniging met beperkte rechtsbevoegdheid","64303","Beleggingsinst. met beperkte toetreding","","","","","","",20000701,0,0,0,0,0,0,"",0,0
"Haarlem","H","41","Besloten vennootschap met gewone structuur","64303","Beleggingsinst. met beperkte toetreding","","","","","J","J",20000830,20000830,20170908,20000401,20190129,0,20000830,"",2020,20211021
"Voorthuizen","H","01","Eenmanszaak","7312","Handel in advertentieruimte en -tijd","","","","","N","N",0,0,20200925,20000802,20200901,0,0,"",0,0
"Sassenheim","H","01","Eenmanszaak","96022","Schoonheidsverzorging/pedi-/manicures","86919","Overige paramedische praktijken","","","N","N",0,0,20000802,20000801,20150901,0,0,"",0,0
"Driebergen-Rijsenburg","H","01","Eenmanszaak","45112","Handel/rep. personen-/lichte bedr.auto's","","","","","","",0,0,20000801,20000801,0,0,0,"",0,0
"Utrecht","H","01","Eenmanszaak","86923","Preventieve gezondh.zorg (geen arbobeg.)","85519","Overig sport- en recreatieonderwijs","86919","Overige paramedische praktijken","N","N",0,0,20000802,20000601,20020102,0,0,"",0,0
"Rhenen","H","01","Eenmanszaak","7311","Reclamebureaus","","","","","","",0,0,20000802,20000801,0,0,0,"",0,0
"Bilthoven","H","41","Besloten vennootschap met gewone structuur","70221","Organisatie-adviesbureaus","","","","","","",20000927,20000927,20000802,20000725,20021101,0,20000927,"",2020,20220318
"Vleuten","H","41","Besloten vennootschap met gewone structuur","6612","Commissionairs/makelaars in effecten ed","","","","","","",20010718,20010718,20000802,20000101,0,0,20010718,"",2020,20211019
"Vleuten","H","41","Besloten vennootschap met gewone structuur","6612","Commissionairs/makelaars in effecten ed","","","","","","",20010329,20010329,20040706,20000101,20040701,0,20010329,"",2020,20220429
"Maarssen","H","01","Eenmanszaak","66292","Pensioenadv.bureaus/beheer pensioenverm.","74201","Fotografie","","","","",0,0,20000802,20000801,0,0,0,"",0,0
"Utrecht","H","41","Besloten vennootschap met gewone structuur","47713","Winkels in bovenkleding/mode-artikelen","","","","","","",20070628,20070628,20000802,20000801,20120701,0,20070628,"",2020,20211005
"De Bilt","H","41","Besloten vennootschap met gewone structuur","6420","Financiële holdings","","","","","","",20001017,20001017,20000802,20000728,20050318,0,20001017,"",2020,20211106
"Woerden","H","01","Eenmanszaak","9522","Reparatie van elekt. huishoudelijke app.","","","","","","",0,0,20000802,20000808,0,0,0,"",0,0
"Veenendaal","H","41","Besloten vennootschap met gewone structuur","70221","Organisatie-adviesbureaus","69203","Boekhoudkantoren","","","","",20000905,20000905,20000802,20000801,20050127,0,20000905,"",2018,20200128
"7472 Cserénfa","H","41","Besloten vennootschap met gewone structuur","66191","Admin.kantoren voor aandelen/obligaties","","","","","","",20000728,20000728,20190829,20000728,20190801,0,0,"",2015,20170131
"Huizen","H","01","Eenmanszaak","4120","Algemene burgerlijke en utiliteitsbouw","","","","","","",0,0,20000801,20000801,0,0,0,"",0,0
"Soest","","71","Vereniging met volledige rechtsbevoegdheid","93128","Wintersport","","","","","","",20000701,0,20131209,0,0,0,0,"",0,0
"Hoornsterzwaag","H","01","Eenmanszaak","7112","Ingenieurs/overig techn. ontwerp/advies","","","","","","",0,0,20040902,20000802,20101110,0,0,"",0,0
"Weesp","H","41","Besloten vennootschap met gewone structuur","6831","Bemidd. bij handel/huur/verhuur onr.goed","59111","Prod. films (geen televisiefilms)","5920","Maken en uitgeven van geluidsopnamen","N","N",20000907,20000907,20070525,20000401,20200615,0,20000907,"",2020,20210920
"Vinkeveen","H","41","Besloten vennootschap met gewone structuur","9002","Dienstverlening voor uitvoerende kunst","96021","Haarverzorging","","","N","N",20000728,20000728,20201211,20000728,20201210,0,0,"",2021,20220331
"Rio de Janeiro","H","41","Besloten vennootschap met gewone structuur","6420","Financiële holdings","","","","","N","N",20000728,20000728,20000802,20000728,20190419,0,0,"",2016,20171130
"Breda","H","41","Besloten vennootschap met gewone structuur","6420","Financiële holdings","","","","","N","N",20010409,20010409,20070504,20000703,20070501,0,20010626,"",2020,20210628
"Lelystad","","74","Stichting","88993","Lokaal welzijnswerk","","","","","","",20000727,20000727,0,0,0,0,0,"",0,0
"Driehuis NH","H","01","Eenmanszaak","69203","Boekhoudkantoren","","","","","N","N",0,0,20000802,20000301,20180731,0,0,"",0,0
"Wormer","H","41","Besloten vennootschap met gewone structuur","6420","Financiële holdings","","","","","N","N",20000721,20000721,20000802,20000721,0,0,0,"",2015,20170419
"Almere","H","01","Eenmanszaak","6202","Advisering ohgv informatietechnologie","","","","","N","N",0,0,20030619,20000802,20030618,0,20040523,"",0,0
"Geldrop","H","01","Eenmanszaak","85519","Overig sport- en recreatieonderwijs","","","","","N","N",0,0,20150811,20000801,20150731,0,0,"",0,0
"Zaandam","H","01","Eenmanszaak","42112","Stratenmaken","","","","","N","N",0,0,20000802,19990414,20160930,0,20000802,"",0,0
"Amsterdam","H","01","Eenmanszaak","2562","Algemene metaalbewerking","","","","","N","N",0,0,20000802,20000802,20030501,0,20090101,"",0,0
"Amsterdam","H","41","Besloten vennootschap met gewone structuur","4634","Groothandel in dranken (geen zuivel)","","","","","J","J",20000801,20000801,20000802,20000801,20150814,0,0,"",2021,20211221
"Amsterdam","H","41","Besloten vennootschap met gewone structuur","6201","Ontwikkelen/produceren/uitgeven software","","","","","N","N",20000822,20000822,20000802,20000601,20220408,0,20000822,"",2020,20220223
"Nieuw-Vennep","H","11","Vennootschap onder firma","6202","Advisering ohgv informatietechnologie","","","","","N","N",20000801,0,20000802,20000801,20050425,0,0,"",0,0
"Amsterdam","H","41","Besloten vennootschap met gewone structuur","64303","Beleggingsinst. met beperkte toetreding","59111","Prod. films (geen televisiefilms)","","","N","N",20000901,20000901,20000802,20000801,20101101,0,20000901,"",2020,20220404
"Amstelveen","H","41","Besloten vennootschap met gewone structuur","69201","Registeraccountants","","","","","N","N",20011228,20011228,20000802,20000801,20070201,0,20011228,"",2021,20220419
"Oudkarspel","H","11","Vennootschap onder firma","01131","Teelt van groenten in de volle grond","","","","","N","N",19950101,0,20000801,19950101,0,0,0,"",0,0
"Purmerend","H","41","Besloten vennootschap met gewone structuur","6420","Financiële holdings","","","","","","",20000727,20000727,20000801,20000727,20211201,0,0,"",2021,20220505
"Purmerend","H","41","Besloten vennootschap met gewone structuur","64302","Beleggingsinstellingen in vaste activa","","","","","","",20000727,20000727,20000801,20000727,20220101,0,0,"",2021,20220505
"Heerhugowaard","H","41","Besloten vennootschap met gewone structuur","46751","GH chem.grondst./chemicaliën ind.toep.","46695","Groothandel in meet- en regelapparaten","","","","",20000728,20000728,20000802,20000728,20121220,0,0,"",2021,20211117
"Wognum","","74","Stichting","9002","Dienstverlening voor uitvoerende kunst","","","","","","",20000801,20000801,0,0,0,0,0,"",0,0
"Edam","H","11","Vennootschap onder firma","47191","Warenhuizen","4651","GH computers, randapparatuur en software","1330","Textielveredeling","N","N",20080101,0,20000802,20000802,20160315,0,20080101,"",0,0
"Almere","H","41","Besloten vennootschap met gewone structuur","56102","Fastfoodrest, cafet, ijssal, eetkr e.d.","","","","","N","N",20030528,20030528,20000801,19871016,0,0,20030528,"",2020,20211231
"Aldeboarn","","71","Vereniging met volledige rechtsbevoegdheid","86929","Samenwerkingsorganen ohgv gez.zorg","","","","","","",20000629,20000629,0,0,0,0,0,"",0,0
"Heerenveen","H","41","Besloten vennootschap met gewone structuur","6420","Financiële holdings","","","","","","",20000728,20000728,20000803,20000728,20191106,0,0,"",2020,20220131
"Dokkum","N","11","Vennootschap onder firma","46901","Niet-gespec. GH in consumentenartikelen","","","","","N","N",19990101,0,20000803,20000801,20210301,0,0,"",0,0
"Dedemsvaart","H","01","Eenmanszaak","4941","Goederenvervoer over weg (geen verhuiz.)","","","","","","",0,0,20000802,20000808,0,0,0,"",0,0
"Zwolle","H","41","Besloten vennootschap met gewone structuur","6420","Financiële holdings","","","","","","",20000728,20000728,20000802,20000728,20080701,0,0,"",2020,20220121
"'t Harde","N","41","Besloten vennootschap met gewone structuur","4730","Benzinestations","","","","","N","N",19780404,19780404,20000802,20000101,0,0,0,"",2020,0
"Delden","","71","Vereniging met volledige rechtsbevoegdheid","93144","Bowlen, kegelen, biljarten e.d.","","","","","","",20000731,20000731,0,0,0,0,0,"",0,0
"Harderwijk","H","41","Besloten vennootschap met gewone structuur","6420","Financiële holdings","6622","Assurantietussenpersonen","66193","Hypotheek-/kredietbem./bankagentschappen","N","N",20010221,20010221,20000802,20000501,0,0,20010221,"",2020,20220411
"Deventer","","71","Vereniging met volledige rechtsbevoegdheid","6831","Bemidd. bij handel/huur/verhuur onr.goed","","","","","","",19991025,20000608,0,0,0,0,0,"",0,0
"Apeldoorn","H","01","Eenmanszaak","45112","Handel/rep. personen-/lichte bedr.auto's","","","","","N","N",0,0,20000802,20000801,20050101,0,0,"",0,0
"Klarenbeek","H","41","Besloten vennootschap met gewone structuur","6420","Financiële holdings","","","","","N","N",20000906,20000906,20000802,20000701,20180401,0,20000906,"",2015,20170426
"Zutphen","","74","Stichting","9002","Dienstverlening voor uitvoerende kunst","","","","","","",20000721,20000721,0,0,0,0,0,"",0,0
"'t Harde","","72","Vereniging met beperkte rechtsbevoegdheid","93195","Organiseren van sportevenementen","","","","","","",20000601,0,0,0,0,0,0,"",0,0
"Enschede","H","41","Besloten vennootschap met gewone structuur","46441","GH glas, porselein en aardewerk","","","","","J","J",20041231,20041231,20000803,20000803,20080101,0,20041231,"",2015,20160908
"Herpen","H","74","Stichting","94997","Overige belangenbehartiging (rest)","","","","","N","N",20000726,20000726,20200626,20000726,0,0,0,"",0,0
"Arnhem","H","41","Besloten vennootschap met gewone structuur","70221","Organisatie-adviesbureaus","69203","Boekhoudkantoren","70222","Advisering ohgv management/bedrijfsv.","","",20000619,20000619,20000802,20000619,20220530,0,0,"",2021,0
"Arnhem","H","41","Besloten vennootschap met gewone structuur","69102","Rechtskundige adviesbureaus","","","","","","",20000619,20000619,20000802,20000619,20220530,0,0,"",2021,0
"Arnhem","H","41","Besloten vennootschap met gewone structuur","69204","Belastingconsulenten","","","","","","",20000619,20000619,20000802,20000619,20010706,0,0,"",2021,0
"Arnhem","H","41","Besloten vennootschap met gewone structuur","69202","Accountants-administratieconsulenten","","","","","N","N",20000619,20000619,20060106,20000619,20060102,0,0,"",2019,20200903
"Bemmel","H","41","Besloten vennootschap met gewone structuur","77399","Verh./lease ov.mach./werkt./ov. goederen","","","","","","",20001206,20001206,20000803,20000801,20171124,0,20001206,"",2020,20220429
"Kilder","","71","Vereniging met volledige rechtsbevoegdheid","90011","Beoefening van podiumkunst","","","","","","",20000731,20000731,0,0,0,0,0,"",0,0
"Dodewaard","H","11","Vennootschap onder firma","0161","Dienstverl. akker- en/of tuinbouw","01305","Teelt boomkwekerijgewassen volle grond","","","","",20000101,0,20160510,20000101,20160509,0,0,"",0,0
"Arnhem","H","01","Eenmanszaak","6201","Ontwikkelen/produceren/uitgeven software","4120","Algemene burgerlijke en utiliteitsbouw","","","","",0,0,20000803,20000808,0,0,0,"",0,0
"Doetinchem","H","01","Eenmanszaak","4333","Afwerking van vloeren en wanden","","","","","","",0,0,20000803,20000810,20020601,0,20040101,"",0,0
"Silvolde","H","01","Eenmanszaak","96022","Schoonheidsverzorging/pedi-/manicures","","","","","","",0,0,20000803,20000807,20180925,0,0,"",0,0
"Born","H","41","Besloten vennootschap met gewone structuur","6420","Financiële holdings","","","","","N","N",20070529,20070529,20000803,20000801,20040915,0,20070529,"",2020,20211028
"Maastricht","H","41","Besloten vennootschap met gewone structuur","6420","Financiële holdings","","","","","","",20000728,20000728,20000803,20000728,0,0,0,"",2018,20200310
"Kerkrade","","74","Stichting","93119","Overige sportaccommodaties","","","","","","",20000717,20000717,0,0,0,0,0,"",0,0
"Asten","H","41","Besloten vennootschap met gewone structuur","4661","GH landbouwmachines/werktuigen/tractoren","46214","Groothandel in meng- en krachtvoeder","","","","",20000706,20000706,20000802,20000706,20220101,0,0,"",2019,20200714
"Geleen","H","41","Besloten vennootschap met gewone structuur","6420","Financiële holdings","","","","","","",20001108,20001108,20211018,20000701,20211011,0,20001108,"",2011,20130107
"Geleen","H","41","Besloten vennootschap met gewone structuur","71111","Architecten","","","","","","",20001108,20001108,20180622,20000701,20180621,0,20001108,"",2011,20130114
"Eindhoven","H","01","Eenmanszaak","85592","Bedrijfsopleiding en -training","","","","","N","N",0,0,20000803,20000103,20190401,0,0,"",0,0
"Drunen","H","41","Besloten vennootschap met gewone structuur","4662","Groothandel in gereedschapswerktuigen","","","","","J","J",20000821,20000821,20000802,20000801,0,0,20000821,"",2020,20220526
"Rijen","H","41","Besloten vennootschap met gewone structuur","6420","Financiële holdings","","","","","N","N",20000726,20000726,20190108,20000726,20220401,0,0,"",2020,20210705
"Boxtel","H","01","Eenmanszaak","7112","Ingenieurs/overig techn. ontwerp/advies","","","","","","",0,0,20000803,20000801,20170922,0,0,"",0,0
"Diessen","H","01","Eenmanszaak","4741","Winkels in computers/randapp./software","4321","Elektrotechnische bouwinstallatie","","","J","N",0,0,20000803,20000803,20011029,0,0,"",0,0
"Sprang-Capelle","H","41","Besloten vennootschap met gewone structuur","70102","Holdings (geen financiële)","4110","Projectontwikkeling","","","J","J",20010305,20010305,20000803,20000801,0,0,20010305,"",2020,20211229
"Sprang-Capelle","H","41","Besloten vennootschap met gewone structuur","4652","GH elektronische/telecommunicatieapp.","","","","","","",20010305,20010305,20000803,20000801,20211201,0,20010305,"",2020,20211229
"Wateringen","H","41","Besloten vennootschap met gewone structuur","46682","GH machines voedings-/genotmiddelenindu.","","","","","","",20000728,20000728,20050125,20000728,20110701,0,0,"",2020,20211122
"St. Willebrord","H","11","Vennootschap onder firma","01421","Houden van vleeskalveren","0111","Teelt granen/peulvruchten/olieh. zaden","","","","",20000101,0,20000803,19720000,0,0,20000101,"",0,0
"Breda","H","41","Besloten vennootschap met gewone structuur","70221","Organisatie-adviesbureaus","","","","","","",20010224,20010224,20000803,20000101,20030717,0,20010224,"",2020,20211216
"Roosendaal","H","41","Besloten vennootschap met gewone structuur","70221","Organisatie-adviesbureaus","70102","Holdings (geen financiële)","","","","",20000808,20000808,20000803,20000801,0,0,20000808,"",2020,20211117
"Domburg","H","01","Eenmanszaak","4321","Elektrotechnische bouwinstallatie","","","","","N","N",0,0,20000803,20000801,0,0,0,"",0,0
"Duiven","H","41","Besloten vennootschap met gewone structuur","46432","GH elektrische huishoudelijke apparaten","2751","Verv. elektrische huishoudapparaten","2752","Verv. niet-elektrische huishoudapparaten","J","J",19801216,19801216,20000802,20000728,20001213,0,0,"",2020,20211222
"Rotterdam","H","41","Besloten vennootschap met gewone structuur","6420","Financiële holdings","","","","","","",20000728,20000728,20130306,20000728,20211224,0,0,"",2020,20210709
"Rotterdam","H","41","Besloten vennootschap met gewone structuur","86221","Praktijken medisch spec./med. dagbehand.","72193","Speur-/ontw.werk ohgv gezondh./voeding","","","","",20000531,20000531,20170207,20000531,20170105,0,0,"",2020,20220405
"Oud-Beijerland","H","41","Besloten vennootschap met gewone structuur","8010","Particuliere beveiliging","4321","Elektrotechnische bouwinstallatie","","","N","N",20040519,20040519,20000803,20000801,20051214,0,20040519,"",2020,20210830
"'s-Gravenhage","H","41","Besloten vennootschap met gewone structuur","6420","Financiële holdings","","","","","J","J",20030505,20030505,20070222,20000801,20170313,0,20080611,"",2020,20210819
"Capelle aan den IJssel","H","41","Besloten vennootschap met gewone structuur","64302","Beleggingsinstellingen in vaste activa","","","","","N","N",20001004,20001004,20000803,20000715,20060620,0,20001004,"",2021,20220125
"Bodegraven","","71","Vereniging met volledige rechtsbevoegdheid","9002","Dienstverlening voor uitvoerende kunst","","","","","","",20000224,20000802,0,0,0,0,0,"",0,0
"Schiedam","H","01","Eenmanszaak","8130","Landschapsverzorging","7320","Markt- en opinieonderzoekbureaus","49391","Ongeregeld personenvervoer over de weg","J","J",0,0,20000803,20000803,20161001,0,0,"",0,0
"Amsterdam","H","51","Naamloze vennootschap met gewone structuur","6420","Financiële holdings","","","","","N","N",20000802,20000802,20031203,20000802,20140401,0,0,"",2021,20220609
"Ouderkerk aan den IJssel","H","41","Besloten vennootschap met gewone structuur","6420","Financiële holdings","","","","","N","N",20000608,20000608,20000803,20000608,20200731,0,0,"",2021,20220524
"Dordrecht","H","41","Besloten vennootschap met gewone structuur","6420","Financiële holdings","","","","","","",20000728,20000728,20000803,20000728,20170928,0,0,"",2007,20090306
"Hillegom","","74","Stichting","94997","Overige belangenbehartiging (rest)","","","","","","",20000524,20000524,0,0,0,0,0,"",0,0
"Delft","H","01","Eenmanszaak","47789","Winkels gespec. in overige art. (rest)","","","","","N","N",0,0,20000802,20000801,20201117,0,20050815,"",0,0
"Eindhoven","","74","Stichting","94997","Overige belangenbehartiging (rest)","","","","","","",20000801,20000801,0,0,0,0,0,"",0,0
"Zoetermeer","H","41","Besloten vennootschap met gewone structuur","18129","Overige drukkerijen (rest)","46681","GH machines voor de grafische industrie","","","N","N",20001103,20001103,20000803,20000801,20180417,0,20001103,"",2020,20220216
"Leiden","H","41","Besloten vennootschap met gewone structuur","6420","Financiële holdings","","","","","N","N",20000816,20000816,20000823,20000801,20180301,0,20000816,"",2020,20220603
"Noordwijk","H","01","Eenmanszaak","55102","Hotels (geen hotel-rest.)/pens./conf.o.","","","","","N","N",0,0,20000803,20000801,0,0,0,"",0,0
"Voorhout","H","01","Eenmanszaak","96021","Haarverzorging","","","","","N","N",0,0,20000803,20000801,0,0,0,"",0,0
"Boskoop","H","41","Besloten vennootschap met gewone structuur","4110","Projectontwikkeling","","","","","N","N",20000809,20000809,20000815,20000701,0,0,20000809,"",2020,20220324
"Middelaar","","74","Stichting","72199","Ov.natuurw.speur-/ontw.werk (niet biot.)","","","","","","",20000713,20000713,0,0,0,0,0,"",0,0
"Zeist","","74","Stichting","94997","Overige belangenbehartiging (rest)","","","","","","",20000713,20000713,0,0,0,0,0,"",0,0
"Diemen","H","74","Stichting","88992","Maatschappelijk werk","78202","Uitleenbureaus","","","N","N",20000712,20000712,20180315,20170101,20210806,0,0,"",0,0
"Utrecht","H","41","Besloten vennootschap met gewone structuur","7112","Ingenieurs/overig techn. ontwerp/advies","","","","","","",20010109,20010109,20000803,20000801,20191101,0,20010109,"",2020,20211207
"Amersfoort","H","01","Eenmanszaak","96021","Haarverzorging","","","","","","",0,0,20000803,20000803,20200726,0,0,"",0,0
"Amersfoort","H","41","Besloten vennootschap met gewone structuur","96021","Haarverzorging","","","","","","",20080107,20080107,20000803,19891101,20211001,0,20080107,"",2020,20220428
"Amsterdam","","74","Stichting","94997","Overige belangenbehartiging (rest)","","","","","","",20000627,20000627,0,0,0,0,0,"",0,0
"Amsterdam","H","01","Eenmanszaak","7311","Reclamebureaus","","","","","N","N",0,0,20000802,20000802,20150101,0,0,"",0,0
"Aalsmeer","H","41","Besloten vennootschap met gewone structuur","6202","Advisering ohgv informatietechnologie","","","","","N","N",20050330,20050330,20000803,20000803,20070505,0,20050330,"",2019,20210426
"Amsterdam","H","41","Besloten vennootschap met gewone structuur","6420","Financiële holdings","","","","","N","N",20000829,20000829,20000803,20000701,0,0,20000829,"",2020,20210909
"Amsterdam","H","11","Vennootschap onder firma","8121","Interieurreiniging van gebouwen","","","","","N","N",20070101,0,20000803,20000803,20060301,0,20070101,"",0,0
"Hoofddorp","H","01","Eenmanszaak","66193","Hypotheek-/kredietbem./bankagentschappen","6831","Bemidd. bij handel/huur/verhuur onr.goed","","","N","N",0,0,20000803,20000803,20191107,0,20040101,"",0,0
"Assendelft","H","01","Eenmanszaak","43221","Loodg.- en fitterswerk; inst. sanitair","","","","","N","N",0,0,20000803,20000802,20170707,0,0,"",0,0
"Driehuis NH","H","01","Eenmanszaak","43221","Loodg.- en fitterswerk; inst. sanitair","","","","","N","N",0,0,20000803,20000803,20060626,0,0,"",0,0
"Hilversum","H","41","Besloten vennootschap met gewone structuur","6420","Financiële holdings","","","","","N","N",20000918,20000918,20050526,20000803,20050523,0,20000918,"",2021,20220421
"Amsterdam","H","01","Eenmanszaak","7112","Ingenieurs/overig techn. ontwerp/advies","","","","","N","N",0,0,20000803,20000701,20120222,0,0,"",0,0
"Amsterdam","H","51","Naamloze vennootschap met gewone structuur","6420","Financiële holdings","","","","","N","N",20000801,20000801,20120402,20000801,20171222,0,0,"",2020,20211014
"Jisp","H","41","Besloten vennootschap met gewone structuur","6420","Financiële holdings","","","","","N","N",20000728,20000728,20000803,20000728,0,0,0,"",2021,20220513
"Oostzaan","H","41","Besloten vennootschap met gewone structuur","6420","Financiële holdings","","","","","N","N",20000727,20000727,20000803,20000727,0,0,0,"",2020,20211021
"Amsterdam","H","01","Eenmanszaak","9003","Schrijven en overige scheppende kunst","","","","","N","N",0,0,20000803,20000101,0,0,0,"",0,0
"Amsterdam","H","01","Eenmanszaak","7430","Vertalers en tolken","","","","","N","N",0,0,20000803,20000701,20220615,0,0,"",0,0
"Hilversum","H","41","Besloten vennootschap met gewone structuur","71111","Architecten","7112","Ingenieurs/overig techn. ontwerp/advies","","","N","N",20001012,20001012,20150715,20000803,20180501,0,20001012,"",2021,20220405
"Bussum","H","01","Eenmanszaak","4120","Algemene burgerlijke en utiliteitsbouw","46421","Groothandel in bovenkleding","","","N","N",0,0,20100222,20000810,20100211,0,0,"",0,0
"Amsterdam","H","01","Eenmanszaak","74102","Industrieel en productontwerp","","","","","N","N",0,0,20000803,20000207,0,0,0,"",0,0
"Amsterdam","H","01","Eenmanszaak","70221","Organisatie-adviesbureaus","","","","","N","N",0,0,20000803,20000601,20010523,0,0,"",0,0
"Amsterdam","H","41","Besloten vennootschap met gewone structuur","6420","Financiële holdings","","","","","N","N",20001122,20001122,20180403,20000719,20180401,0,20001122,"",2021,20220509
"Uithoorn","H","41","Besloten vennootschap met gewone structuur","6420","Financiële holdings","69204","Belastingconsulenten","78202","Uitleenbureaus","N","N",20001122,20001122,20000803,20000719,20090401,0,20001122,"",2020,20210610
"Amsterdam","H","41","Besloten vennootschap met gewone structuur","69202","Accountants-administratieconsulenten","","","","","N","N",20010111,20010111,20000803,20000802,20121001,0,20010111,"",2021,20220420
"Amstelveen","H","41","Besloten vennootschap met gewone structuur","47891","Markthandel bloemen/planten/zaden/tuinb.","4622","Groothandel in bloemen en planten","","","J","J",20070329,20070329,20000803,20000803,20060208,0,20070329,"",2020,20211201
"Hoogkarspel","H","41","Besloten vennootschap met gewone structuur","70102","Holdings (geen financiële)","","","","","","",20000731,20000731,20000803,20000731,0,0,0,"",2020,20211105
"Hoogkarspel","H","41","Besloten vennootschap met gewone structuur","70102","Holdings (geen financiële)","","","","","","",20000731,20000731,20000803,20000731,0,0,0,"",2020,20211105
"Wervershoof","H","01","Eenmanszaak","43222","Inst. verwarmings-/luchtbehandelingsapp.","2825","Verv. apparaten industriële koeltechniek","","","N","N",0,0,20000803,20000501,0,0,20011101,"",0,0
"Enkhuizen","H","11","Vennootschap onder firma","6209","Ov. dienstv. act. ohgv informatietechn.","4651","GH computers, randapparatuur en software","46311","Groothandel in groenten en fruit","J","J",20000803,0,20000803,20000803,20220315,0,0,"",0,0
"Almere","H","01","Eenmanszaak","4332","Bouwtimmeren","","","","","","",0,0,20000803,20000803,20051215,0,0,"",0,0
"Almere","H","01","Eenmanszaak","4332","Bouwtimmeren","","","","","N","N",0,0,20000803,20000803,0,0,0,"",0,0
"Leeuwarden","H","01","Eenmanszaak","69202","Accountants-administratieconsulenten","","","","","","",0,0,20000803,19680101,20181019,0,19950701,"",0,0
"Bantega","H","11","Vennootschap onder firma","9609","Overige dienstverlening (rest)","46383","Gesp. GH in ov. voedings- en genotm.","7021","Adviesbureaus publ. relations en comm.","J","J",20000701,0,20000804,20000701,0,0,0,"",0,0
"Donkerbroek","H","01","Eenmanszaak","4120","Algemene burgerlijke en utiliteitsbouw","4333","Afwerking van vloeren en wanden","","","","",0,0,20000804,20000807,20180124,0,0,"",0,0
"Wolvega","H","01","Eenmanszaak","7430","Vertalers en tolken","","","","","","",0,0,20161031,20000701,20161005,0,0,"",0,0
"Franeker","H","11","Vennootschap onder firma","85323","Middelb. ber.onderw. en educatie (comb.)","5819","Overige uitgeverijen (niet van software)","","","","",19990101,0,20000807,19910601,20040629,0,19990101,"",0,0
"Houtigehage","H","01","Eenmanszaak","96022","Schoonheidsverzorging/pedi-/manicures","","","","","","",0,0,20000807,20000807,0,0,0,"",0,0
"Niezijl","","74","Stichting","9103","Monumentenzorg","","","","","","",20000803,20000803,0,0,0,0,0,"",0,0
"Assen","H","41","Besloten vennootschap met gewone structuur","6420","Financiële holdings","4618","HB gespecialiseerd in overige goederen","46779","GH overige oude materialen/afvalstoffen","","",20000810,20000810,20040127,20000804,20040124,0,20000810,"",2020,20211106
"Neerloon","","71","Vereniging met volledige rechtsbevoegdheid","93196","Overkoepelende organen e.d. (sport)","","","","","","",19740401,0,20040120,0,0,0,0,"",0,0
"Winsum","","74","Stichting","69209","Overige administratiekantoren","","","","","","",20000804,20000804,0,0,0,0,0,"",0,0
"Assen","","74","Stichting","94994","Vriendenkringen ohgv cultuur / fanclubs","","","","","","",20000718,20000718,0,0,0,0,0,"",0,0
"Norg","H","01","Eenmanszaak","96021","Haarverzorging","","","","","","",0,0,20000804,20000801,0,0,0,"",0,0
"Assen","H","41","Besloten vennootschap met gewone structuur","6420","Financiële holdings","46499","GH ov. consumentenart. (non-food) (rest)","","","","",20000802,20000802,20000804,20000802,0,0,0,"",2021,20220525
"Eefde","H","41","Besloten vennootschap met gewone structuur","6420","Financiële holdings","","","","","","",20001003,20001003,20131031,20000727,20130717,0,20001003,"",2019,20210614
"Meppel","H","01","Eenmanszaak","7311","Reclamebureaus","","","","","","",0,0,20000807,20000807,20070404,0,0,"",0,0
"Luttenberg","H","01","Eenmanszaak","4120","Algemene burgerlijke en utiliteitsbouw","","","","","","",0,0,20000804,20000804,20170509,0,0,"",0,0
"Raalte","H","41","Besloten vennootschap met gewone structuur","6622","Assurantietussenpersonen","70222","Advisering ohgv management/bedrijfsv.","","","","",20000804,20000804,20000807,20000804,20170101,0,0,"",2021,20220603
"IJsselmuiden","","71","Vereniging met volledige rechtsbevoegdheid","93151","Zwem- en onderwatersport","","","","","","",20000801,20000801,0,0,0,0,0,"",0,0
"Enschede","H","41","Besloten vennootschap met gewone structuur","45112","Handel/rep. personen-/lichte bedr.auto's","45111","Imp. nieuwe personen-/lichte bedr.auto's","","","J","N",20000731,20000731,20000803,20000731,20180801,0,0,"",2020,20210630
"Laren","H","41","Besloten vennootschap met gewone structuur","4618","HB gespecialiseerd in overige goederen","85592","Bedrijfsopleiding en -training","70221","Organisatie-adviesbureaus","N","N",20000802,20000802,20000803,20000802,20211028,0,0,"",2020,20210913
"Diepenveen","H","01","Eenmanszaak","47761","Winkels bloemen/planten/zaden/tuinbenod.","","","","","N","N",0,0,20000803,20000803,0,0,0,"",0,0
"Hoenderloo","H","41","Besloten vennootschap met gewone structuur","70221","Organisatie-adviesbureaus","","","","","N","N",20000731,20000731,20000803,20000731,0,0,0,"",2020,20211025
"Arnhem","H","11","Vennootschap onder firma","59111","Prod. films (geen televisiefilms)","6209","Ov. dienstv. act. ohgv informatietechn.","","","N","N",20060401,0,20011127,20000801,20140401,0,20060401,"",0,0
"Hoogeveen","H","41","Besloten vennootschap met gewone structuur","6420","Financiële holdings","","","","","","",20000803,20000803,20060626,20000803,20060623,0,0,"",2020,20211101
"Enter","","71","Vereniging met volledige rechtsbevoegdheid","94991","Gezelligheidsverenigingen","","","","","","",20000803,20000803,0,0,0,0,0,"",0,0
"Apeldoorn","H","01","Eenmanszaak","9511","Reparatie van computers/randapparatuur","4941","Goederenvervoer over weg (geen verhuiz.)","","","N","N",0,0,20000807,20000807,20181122,0,0,"",0,0
"Hengelo","H","01","Eenmanszaak","69203","Boekhoudkantoren","","","","","","",0,0,20000807,20000801,0,0,0,"",0,0
"Harderwijk","H","11","Vennootschap onder firma","43993","Metselen en voegen","","","","","N","N",20000814,0,20000807,20000814,20090116,0,0,"",0,0
"Nijmegen","H","41","Besloten vennootschap met gewone structuur","6831","Bemidd. bij handel/huur/verhuur onr.goed","","","","","N","N",20010319,20010319,20000804,20000530,20070529,0,20010319,"",2021,20220527
"Heelsum","H","41","Besloten vennootschap met gewone structuur","86929","Samenwerkingsorganen ohgv gez.zorg","74201","Fotografie","","","","",20000811,20000811,20000804,20000801,20000801,0,20000811,"",2020,20211101
"Heumen","H","01","Eenmanszaak","88103","Ondersteuning/begeleiding gehandicapten","88992","Maatschappelijk werk","9003","Schrijven en overige scheppende kunst","N","N",0,0,20000804,20000101,20181127,0,0,"",0,0
"Arnhem","","71","Vereniging met volledige rechtsbevoegdheid","94991","Gezelligheidsverenigingen","","","","","","",20000803,20000803,0,0,0,0,0,"",0,0
"Wijchen","H","01","Eenmanszaak","4332","Bouwtimmeren","4331","Stukadoren","","","","",0,0,20000807,20000814,0,0,0,"",0,0
"Varsseveld","H","41","Besloten vennootschap met gewone structuur","6420","Financiële holdings","","","","","","",20000803,20000803,20000807,20000803,20150721,0,0,"",2021,20210818
"Gennep","H","41","Besloten vennootschap met gewone structuur","6420","Financiële holdings","","","","","N","N",20000801,20000801,20030313,20000801,20081201,0,0,"",2020,20210331
"Winterswijk Corle","H","01","Eenmanszaak","4120","Algemene burgerlijke en utiliteitsbouw","","","","","","",0,0,20000807,20000815,20090101,0,0,"",0,0
"Ewijk","H","01","Eenmanszaak","4120","Algemene burgerlijke en utiliteitsbouw","","","","","","",0,0,20000807,20000724,20000724,0,0,"",0,0
"Wageningen","H","01","Eenmanszaak","85592","Bedrijfsopleiding en -training","","","","","","",0,0,20000807,19890601,0,0,20000807,"",0,0
"Zetten","H","41","Besloten vennootschap met gewone structuur","70102","Holdings (geen financiële)","","","","","","",20000807,20000807,20000807,20000807,20130508,0,0,"",2019,20210215
"Oud-Beijerland","H","41","Besloten vennootschap met gewone structuur","46497","GH papier-/kartonwaren(geen verpak.mat.)","46696","Groothandel in emballage","","","J","J",20000807,20000807,20141103,20000807,20190211,0,0,"",2020,20210825
"Wijk en Aalburg","H","01","Eenmanszaak","4120","Algemene burgerlijke en utiliteitsbouw","","","","","","",0,0,20100304,20000101,20100212,0,20080101,"",0,0
"Lienden","H","41","Besloten vennootschap met gewone structuur","6420","Financiële holdings","","","","","","",20000803,20000803,20000804,20000701,20160728,0,20000803,"",2018,20200110
"Ammerzoden","H","01","Eenmanszaak","4120","Algemene burgerlijke en utiliteitsbouw","","","","","N","N",0,0,20000807,20000814,20191201,0,0,"",0,0
"Amsterdam","H","41","Besloten vennootschap met gewone structuur","6420","Financiële holdings","","","","","N","N",20001023,20001023,20200114,20000615,20200113,0,20001023,"",2020,20211221
"Tiel","H","01","Eenmanszaak","43993","Metselen en voegen","4333","Afwerking van vloeren en wanden","","","","",0,0,20000807,20000815,20050620,0,0,"",0,0
"Tiel","H","11","Vennootschap onder firma","4331","Stukadoren","","","","","N","N",20030701,0,20141218,20000814,0,0,20030701,"",0,0
"Druten","H","01","Eenmanszaak","86919","Overige paramedische praktijken","","","","","","",0,0,20201009,20000807,20051027,0,0,"",0,0
"Venlo","H","41","Besloten vennootschap met gewone structuur","4773","Apotheken","","","","","","",19870530,19870530,20000804,19930401,0,0,20000401,"",2021,20210607
"Oostrum","H","41","Besloten vennootschap met gewone structuur","4941","Goederenvervoer over weg (geen verhuiz.)","45192","Handel/rep. zwaardere bedrijfsauto's","52291","Expediteurs/cargadoors/bevrachters e.d.","N","N",20010605,20010605,20000803,20000724,20211201,0,20010605,"",2020,20220428
"Sevenum","H","41","Besloten vennootschap met gewone structuur","6420","Financiële holdings","","","","","N","N",20000801,20000801,20000804,20000801,20171201,0,0,"",2020,20220308
"Roggel","","72","Vereniging met beperkte rechtsbevoegdheid","94991","Gezelligheidsverenigingen","","","","","","",19920715,0,0,0,0,0,0,"",0,0
"Oostrum","H","01","Eenmanszaak","85522","Kunstzinnige vorming voor amateurs","","","","","N","N",0,0,20000807,20000501,0,0,0,"",0,0
"Lelystad","H","01","Eenmanszaak","47916","Internethandel in vrijetijdsartikelen","","","","","N","N",0,0,20030306,20000807,20040209,0,0,"",0,0
"Meerssen","H","01","Eenmanszaak","71112","Interieurarchitecten","74101","Communicatie- en grafisch ontwerp","","","N","N",0,0,20000804,20000801,20170208,0,0,"",0,0
"Eys","H","01","Eenmanszaak","45112","Handel/rep. personen-/lichte bedr.auto's","46699","GH ov.mach./app./toeb. ind./handel","","","N","N",0,0,20000804,20000804,0,0,0,"",0,0
"Neeritter","","74","Stichting","94993","Steunfondsen (niet ohgv welzijnszorg)","","","","","","",20000524,20000524,0,0,0,0,0,"",0,0
"Kerkrade","H","11","Vennootschap onder firma","47713","Winkels in bovenkleding/mode-artikelen","","","","","J","N",20000801,0,20000807,19770328,0,0,20000801,"",0,0
"Born","H","41","Besloten vennootschap met gewone structuur","56101","Restaurants","","","","","N","N",20000728,20000728,20000807,20000728,0,0,0,"",2020,20211029
"Doenrade","H","01","Eenmanszaak","33121","Rep./onderh. mach. voor algemeen gebruik","","","","","N","N",0,0,20000807,20000808,0,0,0,"",0,0
"Merkelbeek","H","01","Eenmanszaak","0162","Dienstverl. voor fokken en houden dieren","","","","","N","N",0,0,20000807,20000801,20211201,0,0,"",0,0
"Helmond","H","41","Besloten vennootschap met gewone structuur","4391","Dakdekken en bouwen van dakconstructies","43999","Overige gespec. werkz. in de bouw (rest)","46738","Groothandel gespec. in overige bouwmat.","J","J",19741210,19741210,20000802,20000705,20200921,0,0,"",2020,20211229
"Westerhoven","","74","Stichting","9411","Bedrijfs- en werkgeversorganisaties","","","","","","",20000427,20000427,0,0,0,0,0,"",0,0
"Eindhoven","","74","Stichting","90012","Producenten van podiumkunst","","","","","","",20000705,20000705,0,0,0,0,0,"",0,0
"Deurne","H","41","Besloten vennootschap met gewone structuur","6420","Financiële holdings","","","","","N","N",20000731,20000731,20000802,20000731,0,0,0,"",2020,20210602
"'s-Hertogenbosch","H","41","Besloten vennootschap met gewone structuur","6420","Financiële holdings","69209","Overige administratiekantoren","","","","",20000727,20000727,20000803,20000727,20150201,0,0,"",2021,0
"Rosmalen","H","01","Eenmanszaak","70222","Advisering ohgv management/bedrijfsv.","","","","","","",0,0,20000803,20000802,0,0,0,"",0,0
"Bladel","H","11","Vennootschap onder firma","7112","Ingenieurs/overig techn. ontwerp/advies","","","","","J","J",20060101,0,20060918,20000701,20200921,0,20060101,"",0,0
"Nijmegen","H","41","Besloten vennootschap met gewone structuur","70221","Organisatie-adviesbureaus","","","","","","",20020326,20020326,20000905,20000801,20031001,0,20020326,"",2020,20220616
"'s-Hertogenbosch","H","01","Eenmanszaak","52242","Laad-/los-/oversl.ac. niet voor zeevaart","4120","Algemene burgerlijke en utiliteitsbouw","","","","",0,0,20000804,20000804,20220311,0,0,"",0,0
"Erp","H","41","Besloten vennootschap met gewone structuur","85592","Bedrijfsopleiding en -training","","","","","","",20000925,20000925,20000803,20000701,0,0,20000925,"",2020,20211217
"Ravenstein","H","21","Commanditaire vennootschap","4773","Apotheken","","","","","","",19990101,0,20000804,19870717,0,0,19990101,"",0,0
"Maren-Kessel","H","01","Eenmanszaak","6622","Assurantietussenpersonen","6831","Bemidd. bij handel/huur/verhuur onr.goed","","","","",0,0,20000804,20000801,20000801,0,0,"",0,0
"Veghel","H","41","Besloten vennootschap met gewone structuur","69203","Boekhoudkantoren","69204","Belastingconsulenten","","","N","N",20000908,20000908,20000803,20000701,20121010,0,20000908,"",2021,20220524
"Elshout","H","41","Besloten vennootschap met gewone structuur","6420","Financiële holdings","","","","","","",20000802,20000802,20000804,20000802,20070706,0,0,"",2019,20201231
"Bergeijk","H","01","Eenmanszaak","31011","Interieurbouw","","","","","","",0,0,20000807,20000814,20181008,0,0,"",0,0
"Erp","H","01","Eenmanszaak","96022","Schoonheidsverzorging/pedi-/manicures","","","","","N","N",0,0,20000804,20000701,20090120,0,0,"",0,0
"Boxtel","H","01","Eenmanszaak","43999","Overige gespec. werkz. in de bouw (rest)","","","","","N","N",0,0,20000807,20000814,20161201,0,0,"",0,0
"Eindhoven","","71","Vereniging met volledige rechtsbevoegdheid","49391","Ongeregeld personenvervoer over de weg","","","","","","",20000802,20000802,0,0,0,0,0,"",0,0
"Vught","H","41","Besloten vennootschap met gewone structuur","69201","Registeraccountants","69204","Belastingconsulenten","","","N","N",20000803,20000803,20000804,20000803,20081001,0,0,"",2020,20220429
"Veghel","H","41","Besloten vennootschap met gewone structuur","69203","Boekhoudkantoren","69204","Belastingconsulenten","","","","",20000908,20000908,20000803,20000701,20100805,0,20000908,"",2020,20210305
"Geffen","H","01","Eenmanszaak","4332","Bouwtimmeren","","","","","N","N",0,0,20000807,20000814,0,0,0,"",0,0
"Best","H","41","Besloten vennootschap met gewone structuur","6420","Financiële holdings","","","","","","",20000725,20000725,20000803,20000725,20121213,0,0,"",2013,20160711
"Bennekom","H","41","Besloten vennootschap met gewone structuur","2593","Verv. art. van draad/kettingen/veren","4652","GH elektronische/telecommunicatieapp.","","","","",20000803,20000803,20070326,20000803,20110624,0,0,"",2021,20220428
"Schijndel","H","41","Besloten vennootschap met gewone structuur","6420","Financiële holdings","69204","Belastingconsulenten","","","N","N",20000908,20000908,20000803,20000701,20201116,0,20000908,"",2020,20211229
"'s-Gravenhage","","71","Vereniging met volledige rechtsbevoegdheid","94997","Overige belangenbehartiging (rest)","","","","","","",19990502,20000727,0,0,0,0,0,"",0,0
"Tilburg","H","41","Besloten vennootschap met gewone structuur","46699","GH ov.mach./app./toeb. ind./handel","46695","Groothandel in meet- en regelapparaten","","","","",20010117,20010117,20000803,19910101,20110530,0,20010117,"",2020,20210528
"Tilburg","","74","Stichting","88993","Lokaal welzijnswerk","","","","","","",20000802,20000802,0,0,0,0,0,"",0,0
"Raamsdonksveer","H","41","Besloten vennootschap met gewone structuur","70102","Holdings (geen financiële)","","","","","","",20000803,20000803,20080707,20000803,20091101,0,0,"",2015,20170409
"Sprang-Capelle","","71","Vereniging met volledige rechtsbevoegdheid","64303","Beleggingsinst. met beperkte toetreding","","","","","","",19980901,20000731,0,0,0,0,0,"",0,0
"Oost West en Middelbeers","H","01","Eenmanszaak","4120","Algemene burgerlijke en utiliteitsbouw","78202","Uitleenbureaus","","","","",0,0,20000807,20000801,20080722,0,0,"",0,0
"Oosterhout","H","41","Besloten vennootschap met gewone structuur","70102","Holdings (geen financiële)","","","","","","",20031110,20031110,20000804,20000804,20200325,0,20031110,"",2019,20201026
"Roosendaal","H","01","Eenmanszaak","96021","Haarverzorging","","","","","","",0,0,20000807,20000807,0,0,0,"",0,0
"Waalwijk","H","01","Eenmanszaak","6201","Ontwikkelen/produceren/uitgeven software","6311","Gegevensverw./webhosting/aanverw. activ.","","","N","N",0,0,20080115,20000801,20080115,0,0,"",0,0
"Vlissingen","H","01","Eenmanszaak","6831","Bemidd. bij handel/huur/verhuur onr.goed","66193","Hypotheek-/kredietbem./bankagentschappen","70221","Organisatie-adviesbureaus","N","N",0,0,20000807,20000807,0,0,0,"",0,0
"Breda","H","41","Besloten vennootschap met gewone structuur","6420","Financiële holdings","","","","","","",20000807,20000807,20121203,20000725,20121127,0,20000807,"",2019,20210612
"Hendrik-Ido-Ambacht","H","41","Besloten vennootschap met gewone structuur","6420","Financiële holdings","","","","","N","N",20000801,20000801,20000804,20000801,20171130,0,0,"",2020,20211025
"Laren","H","41","Besloten vennootschap met gewone structuur","70102","Holdings (geen financiële)","","","","","N","N",20000802,20000802,20150715,20000802,20180123,0,0,"",2018,20191128
"'s-Gravenhage","H","41","Besloten vennootschap met gewone structuur","6420","Financiële holdings","","","","","","",20000908,20000908,20050914,20000715,20120904,0,20000908,"",2021,20220530
"Amsterdam","H","41","Besloten vennootschap met gewone structuur","6312","Webportals","","","","","N","N",20000908,20000908,20141027,20000715,20141027,0,20000908,"",2018,20201014
"Zuid-Beijerland","H","01","Eenmanszaak","45112","Handel/rep. personen-/lichte bedr.auto's","","","","","N","N",0,0,20000804,20000804,20110606,0,0,"",0,0
"Vught","H","41","Besloten vennootschap met gewone structuur","6420","Financiële holdings","","","","","N","N",20001103,20001103,20150402,20000801,20170130,0,20001103,"",2020,20211203
"'s-Gravenhage","H","74","Stichting","88992","Maatschappelijk werk","","","","","N","N",20000801,20000801,20211026,20211019,0,0,0,"",0,0
"Rotterdam","H","01","Eenmanszaak","4334","Schilderen en glaszetten","46734","Groothandel in vlakglas","","","N","N",0,0,20000804,20000801,20060228,0,0,"",0,0
"Dordrecht","H","01","Eenmanszaak","6209","Ov. dienstv. act. ohgv informatietechn.","","","","","N","N",0,0,20000804,20000701,20210505,0,0,"",0,0
"Utrecht","H","41","Besloten vennootschap met gewone structuur","4651","GH computers, randapparatuur en software","6202","Advisering ohgv informatietechnologie","78202","Uitleenbureaus","N","N",20001123,20001123,20111229,20000801,20211115,0,20001123,"",2021,20220506
"Oud Gastel","H","41","Besloten vennootschap met gewone structuur","6420","Financiële holdings","","","","","N","N",20000920,20000920,20220428,20000801,20220423,0,20000920,"",2020,20220505
"Schiedam","","74","Stichting","94911","Religieuze organisaties","","","","","","",20000802,20000802,0,0,0,0,0,"",0,0
"Rhoon","H","41","Besloten vennootschap met gewone structuur","6420","Financiële holdings","7320","Markt- en opinieonderzoekbureaus","","","N","N",20000719,20000719,20000807,20000719,20070101,0,0,"",2018,20200717
"Ottoland","","71","Vereniging met volledige rechtsbevoegdheid","86929","Samenwerkingsorganen ohgv gez.zorg","","","","","","",19511204,20000804,0,0,0,0,0,"",0,0
"Oud-Beijerland","H","01","Eenmanszaak","4334","Schilderen en glaszetten","","","","","","",0,0,20000807,20000807,0,0,0,"",0,0
"Spijkenisse","","71","Vereniging met volledige rechtsbevoegdheid","93141","Individuele zaalsport","","","","","","",20000804,20000804,0,0,0,0,0,"",0,0
"Barendrecht","H","41","Besloten vennootschap met gewone structuur","69102","Rechtskundige adviesbureaus","","","","","N","N",20000919,20000919,20000807,20000801,20180402,0,20000919,"",2020,20220112
"Capelle aan den IJssel","H","41","Besloten vennootschap met gewone structuur","45112","Handel/rep. personen-/lichte bedr.auto's","","","","","","",20000711,20000711,20000721,20000711,20021101,0,0,"",2019,20201001
"Nieuwerkerk ad IJssel","H","11","Vennootschap onder firma","90011","Beoefening van podiumkunst","59111","Prod. films (geen televisiefilms)","","","","",20080101,0,20000807,20000801,0,0,20080101,"",0,0
"Alkmaar","N","41","Besloten vennootschap met gewone structuur","47741","Winkels in drogisterij-artikelen","","","","","N","N",19860117,19860117,20000804,20000731,20030610,0,0,"",2020,20210326
"'s-Gravenhage","H","11","Vennootschap onder firma","47761","Winkels bloemen/planten/zaden/tuinbenod.","47891","Markthandel bloemen/planten/zaden/tuinb.","","","N","N",19980701,0,20000804,20000804,0,0,0,"",0,0
"De Lier","H","41","Besloten vennootschap met gewone structuur","2830","Verv. mach./werktuigen land- en bosbouw","","","","","N","N",20000801,20000801,20000802,20000801,20130617,0,0,"",2020,20211118
"'s-Gravenhage","H","41","Besloten vennootschap met gewone structuur","70102","Holdings (geen financiële)","","","","","N","N",20000727,20000727,20000803,20000727,20160725,0,0,"",2020,20210727
"'s-Gravenhage","H","01","Eenmanszaak","69202","Accountants-administratieconsulenten","","","","","N","N",0,0,20000803,20000101,20010109,0,0,"",0,0
"Bloemendaal","H","41","Besloten vennootschap met gewone structuur","70222","Advisering ohgv management/bedrijfsv.","","","","","N","N",20000731,20000731,20190129,20000731,20190129,0,0,"",2020,20211119
"'s-Gravenhage","H","41","Besloten vennootschap met gewone structuur","7112","Ingenieurs/overig techn. ontwerp/advies","","","","","","",20000727,20000727,20000803,20000727,20160725,0,0,"",2020,20210727
"'s-Gravenhage","H","01","Eenmanszaak","96022","Schoonheidsverzorging/pedi-/manicures","74103","Interieur- en ruimtelijk ontwerp","70221","Organisatie-adviesbureaus","N","N",0,0,20000803,20000726,20080201,0,0,"",0,0
"Gouderak","H","01","Eenmanszaak","7311","Reclamebureaus","","","","","N","N",0,0,20210114,20000801,20210102,0,0,"",0,0
"'s-Gravenhage","H","41","Besloten vennootschap met gewone structuur","64303","Beleggingsinst. met beperkte toetreding","","","","","N","N",20000728,20000728,20000801,20000728,0,0,0,"",2020,20210528
"De Lier","H","41","Besloten vennootschap met gewone structuur","01134","Teelt aardapp en ov. wortel/knolgewassen","46212","GH zaden, pootgoed en peulvruchten","52109","Opslag in distr.centra en overige opslag","N","N",20000717,20000717,20000804,20000717,0,0,0,"",2021,20211025
"Voorburg","H","41","Besloten vennootschap met gewone structuur","6420","Financiële holdings","","","","","N","N",20000802,20000802,20000804,20000802,20001201,0,0,"",2020,20220307
"De Lier","H","41","Besloten vennootschap met gewone structuur","46212","GH zaden, pootgoed en peulvruchten","","","","","J","J",20000717,20000717,20000804,20000717,0,0,0,"",2021,20211025
"Berkenwoude","H","01","Eenmanszaak","4120","Algemene burgerlijke en utiliteitsbouw","","","","","N","N",0,0,20191002,20000804,20191001,0,0,"",0,0
"Voorburg","H","01","Eenmanszaak","4332","Bouwtimmeren","","","","","N","N",0,0,20000804,20000801,20150601,0,0,"",0,0
"Barneveld","H","01","Eenmanszaak","7311","Reclamebureaus","","","","","N","N",0,0,20210126,20000804,20210125,0,0,"",0,0
"'s-Gravenhage","","71","Vereniging met volledige rechtsbevoegdheid","94997","Overige belangenbehartiging (rest)","","","","","","",20000801,20000801,0,0,0,0,0,"",0,0
"Driebergen-Rijsenburg","H","41","Besloten vennootschap met gewone structuur","6202","Advisering ohgv informatietechnologie","78202","Uitleenbureaus","","","N","N",20030304,20030304,20120712,20000801,20201201,0,20030304,"",2020,20210616
"Naaldwijk","H","01","Eenmanszaak","96021","Haarverzorging","","","","","N","N",0,0,20000804,20000804,0,0,0,"",0,0
"Voorburg","H","01","Eenmanszaak","6202","Advisering ohgv informatietechnologie","","","","","N","N",0,0,20000804,20000804,20141119,0,0,"",0,0
"Zoetermeer","H","01","Eenmanszaak","4334","Schilderen en glaszetten","","","","","N","N",0,0,20000804,20000811,20170825,0,0,"",0,0
"Zoetermeer","","71","Vereniging met volledige rechtsbevoegdheid","94997","Overige belangenbehartiging (rest)","","","","","","",20000801,20000801,0,0,0,0,0,"",0,0
"'s-Gravenhage","H","41","Besloten vennootschap met gewone structuur","70102","Holdings (geen financiële)","","","","","N","N",20001004,20001004,20000807,20000723,20161125,0,20001004,"",2020,20211222
"Leidschendam","H","01","Eenmanszaak","4721","Winkels in aardappelen/groenten/fruit","","","","","N","N",0,0,20000725,19601115,20180725,0,20000522,"",0,0
"'s-Gravenhage","H","41","Besloten vennootschap met gewone structuur","6420","Financiële holdings","","","","","N","N",20000802,20000802,20000807,20000802,20180108,0,0,"",2020,20210722
"'s-Gravenhage","","74","Stichting","94997","Overige belangenbehartiging (rest)","","","","","","",20000720,20000720,0,0,0,0,0,"",0,0
"'s-Gravenhage","H","01","Eenmanszaak","74201","Fotografie","","","","","N","N",0,0,20000807,20000101,20010601,0,0,"",0,0
"Voorburg","H","01","Eenmanszaak","4391","Dakdekken en bouwen van dakconstructies","","","","","N","N",0,0,20000807,20000808,20190405,0,0,"",0,0
"Harderwijk","H","01","Eenmanszaak","6399","Ov. dienstv. activ. opgv informatie","93129","Overige buitensport","","","N","N",0,0,20080212,20000814,20080101,0,0,"",0,0
"Nieuwkoop","H","01","Eenmanszaak","4331","Stukadoren","","","","","J","J",0,0,20000804,20000715,20090201,0,0,"",0,0
"Leiderdorp","H","41","Besloten vennootschap met gewone structuur","88101","Thuiszorg","","","","","N","N",20050531,20050531,20000804,20000701,20190601,0,20050531,"",2020,20210628
"Zoeterwoude","H","01","Eenmanszaak","4120","Algemene burgerlijke en utiliteitsbouw","78202","Uitleenbureaus","","","N","N",0,0,20000807,20000807,20160101,0,0,"",0,0
"Nieuwveen","H","41","Besloten vennootschap met gewone structuur","0161","Dienstverl. akker- en/of tuinbouw","7731","Verh./lease landbouwmachines/-werktuigen","","","N","N",20060929,20060929,20000807,20000807,0,0,20060929,"",2020,20220609
"Noordwijkerhout","H","41","Besloten vennootschap met gewone structuur","70102","Holdings (geen financiële)","","","","","N","N",20001002,20001002,20001010,20000801,0,0,20001002,"",2020,20210709
"Vianen","H","01","Eenmanszaak","33122","Rep./onderh. pneumatisch/elektr.gereeds.","","","","","","",0,0,20000804,20000804,20050401,0,0,"",0,0
"Maarn","H","41","Besloten vennootschap met gewone structuur","6201","Ontwikkelen/produceren/uitgeven software","8560","Dienstverlening voor het onderwijs","","","","",20000830,20000830,20200625,20000720,20200619,0,20000830,"",2021,20220428
"Veenendaal","H","01","Eenmanszaak","4120","Algemene burgerlijke en utiliteitsbouw","45112","Handel/rep. personen-/lichte bedr.auto's","","","","",0,0,20200615,20000801,20200519,0,0,"",0,0
"Houten","H","41","Besloten vennootschap met gewone structuur","6420","Financiële holdings","","","","","","",20000731,20000731,20000804,20000731,0,0,0,"",2020,20211025
"Utrecht","H","41","Besloten vennootschap met gewone structuur","47643","Winkels in sportart. (geen watersport)","46496","GH sportartikelen (geen watersport)","","","J","J",20000926,20000926,20000804,20000804,20000804,0,20000926,"",2020,20210607
"Houten","H","41","Besloten vennootschap met gewone structuur","6420","Financiële holdings","","","","","","",20000801,20000801,20000804,20000801,0,0,0,"",2021,20220309
"Nieuwegein","H","41","Besloten vennootschap met gewone structuur","6420","Financiële holdings","","","","","","",20000801,20000801,20000804,20000801,20170613,0,0,"",2021,20220302
"Utrecht","H","01","Eenmanszaak","45192","Handel/rep. zwaardere bedrijfsauto's","","","","","","",0,0,20000804,20000807,20010402,0,0,"",0,0
"Bunschoten-Spakenburg","H","41","Besloten vennootschap met gewone structuur","1085","Verv. kant-en-klaarmaaltijden en snacks","4639","GH voedings-/genotmiddelen algemeen ass.","","","","",20001019,20001019,20040902,20000801,20050201,0,20001019,"",2019,20201209
"Utrecht","","71","Vereniging met volledige rechtsbevoegdheid","94997","Overige belangenbehartiging (rest)","88993","Lokaal welzijnswerk","","","","",20000719,20000719,0,0,0,0,0,"",0,0
"Vleuten","H","01","Eenmanszaak","4334","Schilderen en glaszetten","","","","","","",0,0,20000807,20000814,20200601,0,0,"",0,0
"Driebergen-Rijsenburg","H","41","Besloten vennootschap met gewone structuur","70102","Holdings (geen financiële)","","","","","","",20000928,20000928,20000807,20000713,20220101,0,20000928,"",2020,20220330
"Vinkeveen","H","01","Eenmanszaak","9609","Overige dienstverlening (rest)","","","","","","",0,0,20000807,20000807,0,0,0,"",0,0
"'s-Gravenhage","H","41","Besloten vennootschap met gewone structuur","69203","Boekhoudkantoren","","","","","N","N",20070309,20070309,20030109,20000810,20091202,0,20070309,"",2021,20220104
"Zeist","H","41","Besloten vennootschap met gewone structuur","70221","Organisatie-adviesbureaus","7320","Markt- en opinieonderzoekbureaus","78202","Uitleenbureaus","N","N",20001130,20001130,20000807,20000801,20060224,0,20001130,"",2020,20210726
"Huizen","H","01","Eenmanszaak","96022","Schoonheidsverzorging/pedi-/manicures","88101","Thuiszorg","","","","",0,0,20050427,20000807,20201110,0,0,"",0,0
"Haarlem","H","01","Eenmanszaak","71112","Interieurarchitecten","71111","Architecten","74103","Interieur- en ruimtelijk ontwerp","N","N",0,0,20010724,20000801,20171001,0,0,"",0,0
"Bunschoten-Spakenburg","H","41","Besloten vennootschap met gewone structuur","6420","Financiële holdings","","","","","","",20000728,20000728,20000807,20000728,20130701,0,0,"",2018,20200709
"Rotterdam","H","01","Eenmanszaak","70221","Organisatie-adviesbureaus","46499","GH ov. consumentenart. (non-food) (rest)","","","N","N",0,0,20141031,19950124,20141031,0,0,"",0,0
"Amsterdam","H","41","Besloten vennootschap met gewone structuur","6202","Advisering ohgv informatietechnologie","78202","Uitleenbureaus","","","N","N",20000801,20000801,20220324,20000801,20220301,0,0,"",2021,20220325
"Amsterdam","H","41","Besloten vennootschap met gewone structuur","6420","Financiële holdings","","","","","N","N",20001027,20001027,20000807,20000712,20100104,0,20001027,"",2021,20220420
"Amsterdam","H","41","Besloten vennootschap met gewone structuur","70221","Organisatie-adviesbureaus","","","","","N","N",20000801,20000801,20000807,20000801,20210301,0,0,"",2020,20211104
"Bussum","H","41","Besloten vennootschap met gewone structuur","70221","Organisatie-adviesbureaus","64303","Beleggingsinst. met beperkte toetreding","","","N","N",20000801,20000801,20080101,20000801,20080101,0,0,"",2004,20070118
"Ouderkerk aan de Amstel","","74","Stichting","6420","Financiële holdings","","","","","","",20000728,20000728,0,0,0,0,0,"",0,0
"Amstelveen","H","41","Besloten vennootschap met gewone structuur","6420","Financiële holdings","","","","","N","N",20000728,20000728,20000803,20000728,20200701,0,0,"",2020,20211018
"Amsterdam","H","01","Eenmanszaak","96022","Schoonheidsverzorging/pedi-/manicures","","","","","N","N",0,0,20000803,20000808,0,0,0,"",0,0
"Overveen","H","11","Vennootschap onder firma","4634","Groothandel in dranken (geen zuivel)","47999","DH via overige distributievormen","","","N","N",20000701,20000701,20000804,20000701,0,0,0,"",0,0
"Amsterdam","H","01","Eenmanszaak","3109","Vervaardiging van overige meubels","68204","Verh. onroerend goed (niet v woonruimte)","","","N","N",0,0,20000804,20000628,0,0,0,"",0,0
"Lijnden","H","01","Eenmanszaak","4120","Algemene burgerlijke en utiliteitsbouw","","","","","N","N",0,0,20000804,20000804,0,0,0,"",0,0
"Hoofddorp","H","01","Eenmanszaak","6311","Gegevensverw./webhosting/aanverw. activ.","6209","Ov. dienstv. act. ohgv informatietechn.","","","N","N",0,0,20000804,20000801,20160808,0,0,"",0,0
"Amsterdam","H","41","Besloten vennootschap met gewone structuur","59111","Prod. films (geen televisiefilms)","9002","Dienstverlening voor uitvoerende kunst","","","N","N",20090529,20090529,20000804,20000804,20150701,0,20090529,"",2020,20210607
"Amsterdam","H","41","Besloten vennootschap met gewone structuur","7320","Markt- en opinieonderzoekbureaus","6202","Advisering ohgv informatietechnologie","","","N","N",20000928,20000928,20000807,20000301,20131220,0,20000928,"",2021,20220315
"Amsterdam","H","51","Naamloze vennootschap met gewone structuur","6611","Beheer van financiële markten","","","","","N","N",20000804,20000804,20000804,19301010,0,0,20020903,"",2020,0
"Baarn","H","41","Besloten vennootschap met gewone structuur","6420","Financiële holdings","7490","Overige special. zakelijke dienstverl.","6202","Advisering ohgv informatietechnologie","N","N",20000918,20000918,20090303,20000801,20090101,0,20000918,"",2020,20211125
"Enkhuizen","H","41","Besloten vennootschap met gewone structuur","7320","Markt- en opinieonderzoekbureaus","6420","Financiële holdings","70221","Organisatie-adviesbureaus","N","N",20000825,20000825,20090115,20000727,20090115,0,20000825,"",2020,20211122
"Eemnes","H","41","Besloten vennootschap met gewone structuur","6420","Financiële holdings","","","","","N","N",20000802,20000802,20081208,20000802,20151120,0,0,"",2020,20211111
"Amsterdam","H","41","Besloten vennootschap met gewone structuur","74102","Industrieel en productontwerp","74103","Interieur- en ruimtelijk ontwerp","","","J","J",20001201,20001201,20000804,20000601,20050201,0,20001201,"",2021,20220502
"IJmuiden","H","21","Commanditaire vennootschap","6201","Ontwikkelen/produceren/uitgeven software","6202","Advisering ohgv informatietechnologie","","","N","N",20070101,0,20120425,19980101,20200101,0,20070101,"",0,0
"Amsterdam","H","41","Besloten vennootschap met gewone structuur","64923","Participatiemaatschappijen","47918","Internethandel overige non-food","","","N","N",20000831,20000831,20000807,20000801,20191031,0,20000831,"",2020,20220106
"Bloemendaal","H","41","Besloten vennootschap met gewone structuur","70221","Organisatie-adviesbureaus","64303","Beleggingsinst. met beperkte toetreding","","","N","N",20000801,20000801,20000807,20000801,20110628,0,0,"",2018,20200117
"Haarlem","H","01","Eenmanszaak","4332","Bouwtimmeren","","","","","N","N",0,0,20000807,20000801,0,0,0,"",0,0
"Badhoevedorp","H","01","Eenmanszaak","7112","Ingenieurs/overig techn. ontwerp/advies","","","","","N","N",0,0,20000807,20000807,20060302,0,0,"",0,0
"Nieuw-Weerdinge","H","01","Eenmanszaak","4332","Bouwtimmeren","","","","","N","N",0,0,20170825,20000807,20170802,0,0,"",0,0
"Ter Aar","H","41","Besloten vennootschap met gewone structuur","69201","Registeraccountants","","","","","N","N",20000804,20000804,20040405,20000804,20040402,0,0,"",2020,20211229
"Amsterdam","H","41","Besloten vennootschap met gewone structuur","6420","Financiële holdings","","","","","N","N",20000919,20000919,20000807,20000724,20180406,0,20000919,"",2015,20161003
"Amsterdam","H","01","Eenmanszaak","56101","Restaurants","5621","Eventcatering","5630","Cafés","N","N",0,0,20000807,20000807,20020301,0,0,"",0,0
"Heemstede","H","41","Besloten vennootschap met gewone structuur","6201","Ontwikkelen/produceren/uitgeven software","6420","Financiële holdings","","","N","N",20000825,20000825,20000807,20000801,20191001,0,20000829,"",2017,20181116
"Haarlem","H","41","Besloten vennootschap met gewone structuur","6810","Handel in eigen onroerend goed","68203","Verhuur van overige woonruimte","","","N","N",20000817,20000817,20000823,20000801,20210406,0,20000817,"",2020,20211112
"Amsterdam","H","41","Besloten vennootschap met gewone structuur","6420","Financiële holdings","","","","","N","N",20001003,20001003,20000807,20000807,20211101,0,20001003,"",2020,20211031
"Amsterdam","H","01","Eenmanszaak","6201","Ontwikkelen/produceren/uitgeven software","47918","Internethandel overige non-food","6209","Ov. dienstv. act. ohgv informatietechn.","N","N",0,0,20000807,20000807,20011101,0,0,"",0,0
"Amsterdam","","71","Vereniging met volledige rechtsbevoegdheid","90011","Beoefening van podiumkunst","","","","","","",20000807,0,0,0,0,0,0,"",0,0
"Amstelveen","H","41","Besloten vennootschap met gewone structuur","6831","Bemidd. bij handel/huur/verhuur onr.goed","","","","","N","N",20000804,20000804,20000807,20000804,0,0,0,"",2020,20210526
"Beverwijk","H","41","Besloten vennootschap met gewone structuur","68203","Verhuur van overige woonruimte","","","","","N","N",19741014,19741014,20000804,20000101,20110801,0,0,"",2020,20220110
"Heiloo","H","01","Eenmanszaak","96022","Schoonheidsverzorging/pedi-/manicures","","","","","","",0,0,20000802,20000729,0,0,0,"",0,0
"Zaltbommel","","74","Stichting","94997","Overige belangenbehartiging (rest)","","","","","","",20000705,20000705,0,0,0,0,0,"",0,0
"Wieringerwaard","H","41","Besloten vennootschap met gewone structuur","35112","Prod. elektriciteit door windenergie","0161","Dienstverl. akker- en/of tuinbouw","01131","Teelt van groenten in de volle grond","N","N",20000731,20000731,20000802,20000731,20080303,0,0,"",2020,20220214
"Heerhugowaard","H","41","Besloten vennootschap met gewone structuur","6420","Financiële holdings","","","","","","",20000907,20000907,20000803,20000801,0,0,20000907,"",2020,20211123
"Zaandam","H","41","Besloten vennootschap met gewone structuur","6420","Financiële holdings","","","","","","",20000731,20000731,20070320,20000731,20070314,0,0,"",2020,20211123
"Castricum","H","41","Besloten vennootschap met gewone structuur","6202","Advisering ohgv informatietechnologie","86922","Arbobegeleiding en reïntegratie","","","N","N",20040325,20040325,20000804,20000101,0,0,20040325,"",2020,20210908
"Hoogkarspel","H","41","Besloten vennootschap met gewone structuur","70102","Holdings (geen financiële)","","","","","","",20000731,20000731,20000803,20000731,0,0,0,"",2020,20210319
"Heerhugowaard","H","01","Eenmanszaak","4332","Bouwtimmeren","","","","","N","N",0,0,20000804,20000804,20160508,0,0,"",0,0
"Opmeer","H","01","Eenmanszaak","7112","Ingenieurs/overig techn. ontwerp/advies","8553","Auto- en motorrijscholen","","","N","N",0,0,20000804,20000804,20130416,0,0,"",0,0
"Dronten","","72","Vereniging met beperkte rechtsbevoegdheid","0111","Teelt granen/peulvruchten/olieh. zaden","","","","","","",20000601,0,0,0,0,0,0,"",0,0
"Almere","H","41","Besloten vennootschap met gewone structuur","6201","Ontwikkelen/produceren/uitgeven software","6312","Webportals","","","N","N",20010612,20010612,20000807,20000801,20001201,0,20010612,"",2020,20220516
"Urk","H","11","Vennootschap onder firma","85592","Bedrijfsopleiding en -training","5813","Uitgeverijen van kranten","","","N","N",20050101,0,20000807,20000807,20190101,0,20050101,"",0,0
"Almere","H","01","Eenmanszaak","96021","Haarverzorging","","","","","N","N",0,0,20000807,20000807,20161201,0,0,"",0,0
"Koudum","N","41","Besloten vennootschap met gewone structuur","4932","Vervoer per taxi","78202","Uitleenbureaus","77111","Verh. personen-/lichte bedrijfsauto's","","",19960326,19960326,20000807,20000601,0,0,0,"",2020,20220224
"Akkrum","","74","Stichting","93299","Ov. recreatie (rest)(geen jachthavens)","7990","Info.verstr. ohgv toerisme/reservering","","","","",20000724,20000724,0,0,0,0,0,"",0,0
"Idzega","H","11","Vennootschap onder firma","5530","Kampeerterreinen","7721","Verhuur van sport- en recreatieartikelen","","","","",20000101,0,20000807,20000101,0,0,0,"",0,0
"Drachten","H","01","Eenmanszaak","2562","Algemene metaalbewerking","45202","Bandenservicebedrijven","45312","Groothandel/handelsbemiddeling in banden","N","N",0,0,20000808,20000808,20070801,0,0,"",0,0
"Lemmer","H","11","Vennootschap onder firma","45112","Handel/rep. personen-/lichte bedr.auto's","","","","","J","J",20000801,0,20000808,20000801,20020819,0,0,"",0,0
"Tolbert","","71","Vereniging met volledige rechtsbevoegdheid","90011","Beoefening van podiumkunst","","","","","","",19960407,20000803,0,0,0,0,0,"",0,0
"Hellum","","74","Stichting","88999","Overig maatsch.adv./gemeenschapshuizen","","","","","","",20000804,20000804,0,0,0,0,0,"",0,0
"Groningen","H","41","Besloten vennootschap met gewone structuur","4616","HB textiel/kleding/schoeisel/lederwaren","46421","Groothandel in bovenkleding","46425","Groothandel in mode-artikelen","","",20010514,20010514,20000808,20000805,20200501,0,20010514,"",2020,20211008
"Almelo","H","41","Besloten vennootschap met gewone structuur","70221","Organisatie-adviesbureaus","","","","","N","N",20000807,20000807,20041230,20000807,20120501,0,0,"",2020,20220120
"Assen","","74","Stichting","93195","Organiseren van sportevenementen","","","","","","",20000804,20000804,0,0,0,0,0,"",0,0
"Schoonebeek","H","11","Vennootschap onder firma","7311","Reclamebureaus","","","","","","J",20000814,0,20000808,19880108,20020801,0,20000814,"",0,0
"Wezep","H","41","Besloten vennootschap met gewone structuur","64303","Beleggingsinst. met beperkte toetreding","70222","Advisering ohgv management/bedrijfsv.","","","","",20000828,20000828,20010912,20000801,20010913,0,20000828,"",2020,20220330
"Genemuiden","H","41","Besloten vennootschap met gewone structuur","4120","Algemene burgerlijke en utiliteitsbouw","81229","Ov. Gespec. reiniging gebouw/industrieel","","","","",20050210,20050210,20000808,20000808,0,0,20050210,"",2020,20220103
"Holten","H","41","Besloten vennootschap met gewone structuur","6420","Financiële holdings","45112","Handel/rep. personen-/lichte bedr.auto's","","","N","N",20000804,20000804,20000807,20000804,0,0,0,"",2020,20210915
"Enschede","H","41","Besloten vennootschap met gewone structuur","6420","Financiële holdings","","","","","N","N",20000726,20000726,20000807,20000726,20150911,0,0,"",2012,20140610
"Brummen","H","41","Besloten vennootschap met gewone structuur","66292","Pensioenadv.bureaus/beheer pensioenverm.","","","","","N","N",20000804,20000804,20000807,20000804,0,0,0,"",2021,20220324
"Harderwijk","H","01","Eenmanszaak","70221","Organisatie-adviesbureaus","","","","","N","N",0,0,20000808,20000801,0,0,0,"",0,0
"Nieuwerkerk ad IJssel","H","41","Besloten vennootschap met gewone structuur","46779","GH overige oude materialen/afvalstoffen","4639","GH voedings-/genotmiddelen algemeen ass.","","","J","J",20000804,20000804,20200526,20000804,20200512,0,0,"",2021,20220422
"Deventer","H","01","Eenmanszaak","86919","Overige paramedische praktijken","7912","Reisorganisatie","","","N","N",0,0,20000808,20000806,20160316,0,0,"",0,0
"Tilburg","N","41","Besloten vennootschap met gewone structuur","46693","GH verbrandingsmotoren/pompen/compress.","","","","","J","",19900627,19900627,20000808,20000701,20140501,0,0,"",2020,20211201
"Oosterbeek","H","41","Besloten vennootschap met gewone structuur","6420","Financiële holdings","","","","","N","N",20000802,20000802,20000808,20000802,20000802,0,0,"",2020,20220203
"Ede","H","41","Besloten vennootschap met gewone structuur","46231","Groothandel in levend vee","","","","","N","J",20000907,20000907,20000808,20000701,20170823,0,20000907,"",2020,20211012
"Ede","","74","Stichting","94993","Steunfondsen (niet ohgv welzijnszorg)","","","","","","",20000803,20000803,0,0,0,0,0,"",0,0
"Nijmegen","H","41","Besloten vennootschap met gewone structuur","6420","Financiële holdings","","","","","","",20000727,20000727,20000808,20000727,20000727,0,0,"",2020,20211213
"Nijmegen","H","41","Besloten vennootschap met gewone structuur","7911","Reisbemiddeling","","","","","","",20000821,20000821,20000808,20000801,20000801,0,20000821,"",2021,20220523
"Hilversum","H","11","Vennootschap onder firma","90012","Producenten van podiumkunst","","","","","N","N",20000801,0,20011203,20000801,20140615,0,0,"",0,0
"Zelhem","H","01","Eenmanszaak","6202","Advisering ohgv informatietechnologie","","","","","","",0,0,20000808,20000807,20190529,0,0,"",0,0
"Ooij","H","01","Eenmanszaak","59111","Prod. films (geen televisiefilms)","2910","Vervaardiging van auto's","","","","",0,0,20000808,20000808,20150203,0,0,"",0,0
"Meerkerk","H","41","Besloten vennootschap met gewone structuur","70102","Holdings (geen financiële)","","","","","","",20000804,20000804,20000808,20000804,0,0,0,"",2014,20160127
"Swalmen","H","01","Eenmanszaak","0162","Dienstverl. voor fokken en houden dieren","","","","","N","N",0,0,20000808,20000808,20050101,0,0,"",0,0
"Hoensbroek","H","01","Eenmanszaak","2562","Algemene metaalbewerking","","","","","N","N",0,0,20000808,20000808,20040325,0,20040305,"",0,0
"Mill","","71","Vereniging met volledige rechtsbevoegdheid","94997","Overige belangenbehartiging (rest)","","","","","","",19530601,20000803,0,0,0,0,0,"",0,0
"Eindhoven","","71","Vereniging met volledige rechtsbevoegdheid","94991","Gezelligheidsverenigingen","","","","","","",20000802,20000802,0,0,0,0,0,"",0,0
"Oss","H","41","Besloten vennootschap met gewone structuur","69209","Overige administratiekantoren","","","","","N","N",20051129,20051129,20000808,20000501,0,0,20051129,"",2021,20220217
"Amsterdam","H","01","Eenmanszaak","7311","Reclamebureaus","7320","Markt- en opinieonderzoekbureaus","","","N","N",0,0,20001102,20000801,20191212,0,0,"",0,0
"Geldrop","H","41","Besloten vennootschap met gewone structuur","78202","Uitleenbureaus","78201","Uitzendbureaus","","","","",20000804,20000804,20000807,20000804,20210406,0,0,"",2019,20210228
"Schijndel","H","41","Besloten vennootschap met gewone structuur","6621","Risicoanalisten en schadetaxateurs","8030","Opsporing","","","N","N",20020226,20020226,20000808,20000701,20100101,0,20020226,"",2020,20211115
"Eindhoven","H","01","Eenmanszaak","7311","Reclamebureaus","","","","","","",0,0,20000808,20000801,20040204,0,0,"",0,0
"Oss","H","01","Eenmanszaak","4332","Bouwtimmeren","","","","","N","N",0,0,20000808,20000808,20051201,0,0,"",0,0
"Boxtel","H","01","Eenmanszaak","70221","Organisatie-adviesbureaus","","","","","N","N",0,0,20000808,20000808,0,0,0,"",0,0
"Beek en Donk","H","41","Besloten vennootschap met gewone structuur","56101","Restaurants","","","","","","",20080508,20080508,20000808,19991124,20190801,0,20080508,"",2019,20210126
"Tilburg","H","01","Eenmanszaak","4332","Bouwtimmeren","","","","","N","N",0,0,20000808,20000815,0,0,0,"",0,0
"Purmerend","H","41","Besloten vennootschap met gewone structuur","6420","Financiële holdings","","","","","N","N",20000901,20000901,20151111,20000801,20151008,0,20000901,"",2019,20210916
"Amsterdam","H","41","Besloten vennootschap met gewone structuur","69101","Advocatenkantoren, bewindv. en curatoren","","","","","N","N",20000901,20000901,20001114,20000801,20130401,0,20000901,"",2020,20210603
"Tilburg","H","41","Besloten vennootschap met gewone structuur","7490","Overige special. zakelijke dienstverl.","69102","Rechtskundige adviesbureaus","82999","Overige zakelijke dienstverlening (rest)","N","N",20001124,20001124,20000808,20000801,20150318,0,20001124,"",2020,20210701
"Wijk en Aalburg","H","11","Vennootschap onder firma","01411","Houden van melkvee","","","","","","",19990101,0,20000808,19970801,0,0,19990101,"",0,0
"Doetinchem","N","41","Besloten vennootschap met gewone structuur","47593","Winkels art. woninginrichting alg. ass.","","","","","","",19740620,19740620,20000808,20000614,0,0,0,"",2022,0
"Etten-Leur","H","41","Besloten vennootschap met gewone structuur","6420","Financiële holdings","","","","","","",20000802,20000802,20000808,20000802,0,0,0,"",2021,20220307
"Breda","H","01","Eenmanszaak","96021","Haarverzorging","","","","","","",0,0,20000808,19990531,20140828,0,20050101,"",0,0
"Breda","H","41","Besloten vennootschap met gewone structuur","6420","Financiële holdings","","","","","N","N",20010921,20010921,20150817,20000803,20150813,0,20010921,"",2021,20220426
"Bergen op Zoom","H","41","Besloten vennootschap met gewone structuur","6420","Financiële holdings","","","","","","",20000905,20000905,20000808,20000808,20180209,0,20000905,"",2020,20220525
"Kloosterzande","H","41","Besloten vennootschap met gewone structuur","68204","Verh. onroerend goed (niet v woonruimte)","4120","Algemene burgerlijke en utiliteitsbouw","","","N","N",20001207,20001207,20000808,20000728,20041015,0,20001207,"",2020,20210810
"Rotterdam","","74","Stichting","94993","Steunfondsen (niet ohgv welzijnszorg)","","","","","","",20000804,20000804,0,0,0,0,0,"",0,0
"ROTTERDAM","","71","Vereniging met volledige rechtsbevoegdheid","93211","Pret- en themaparken","","","","","","",20000701,20030212,0,0,0,0,0,"",0,0
"Bergen (NH)","H","01","Eenmanszaak","4614","HB mach./techn.ben./schepen/vliegtuigen","5030","Binnenvaart (passagiersvaart/veerd.)","7112","Ingenieurs/overig techn. ontwerp/advies","N","N",0,0,20121102,20000810,20120905,0,0,"",0,0
"Rotterdam","H","41","Besloten vennootschap met gewone structuur","6201","Ontwikkelen/produceren/uitgeven software","9002","Dienstverlening voor uitvoerende kunst","","","N","N",20080529,20080529,20160314,20000807,20160617,0,20080529,"",2020,20211105
"Sliedrecht","H","41","Besloten vennootschap met gewone structuur","4321","Elektrotechnische bouwinstallatie","","","","","N","N",20000912,20000912,20000808,20000601,20171107,0,20000912,"",2020,20211028
"Stellendam","H","41","Besloten vennootschap met gewone structuur","4332","Bouwtimmeren","4222","Leggen van elektr.-/telecom.kabels","","","N","N",20000825,20000825,20000808,20000701,20171221,0,20000825,"",2021,20220524
"Amsterdam","H","01","Eenmanszaak","93299","Ov. recreatie (rest)(geen jachthavens)","7911","Reisbemiddeling","47819","Markthandel overige voedings- en genotm.","N","N",0,0,20070315,20000101,20150708,0,0,"",0,0
"Leiden","H","41","Besloten vennootschap met gewone structuur","6420","Financiële holdings","","","","","N","N",20000801,20000801,20161118,20000801,20161101,0,0,"",2021,20211029
"Molenaarsgraaf","H","11","Vennootschap onder firma","94992","Hobbyclubs","8010","Particuliere beveiliging","","","N","N",20010301,0,20000808,20000801,0,0,20010301,"",0,0
"Klundert","H","41","Besloten vennootschap met gewone structuur","64303","Beleggingsinst. met beperkte toetreding","","","","","N","N",20000731,20000731,20001026,20000731,20150101,0,0,"",2014,20150623
"Amsterdam","","74","Stichting","94992","Hobbyclubs","88993","Lokaal welzijnswerk","","","","",20000807,20000807,0,0,0,0,0,"",0,0
"Haarlem","H","41","Besloten vennootschap met gewone structuur","70221","Organisatie-adviesbureaus","7021","Adviesbureaus publ. relations en comm.","78202","Uitleenbureaus","N","N",20010104,20010104,20170918,20000801,20170707,0,20010104,"",2019,20210331
"'s-Gravenhage","H","01","Eenmanszaak","7810","Arbeidsbemiddeling","7490","Overige special. zakelijke dienstverl.","86922","Arbobegeleiding en reïntegratie","N","N",0,0,20000808,20000808,0,0,0,"",0,0
"Delft","H","01","Eenmanszaak","77299","Verh. overige consumentenartikelen","78202","Uitleenbureaus","53202","Koeriers","N","N",0,0,20000808,20000815,20180808,0,0,"",0,0
"'s-Gravenhage","H","01","Eenmanszaak","6831","Bemidd. bij handel/huur/verhuur onr.goed","53202","Koeriers","","","N","N",0,0,20000808,20000808,20010228,0,0,"",0,0
"Sexbierum","H","41","Besloten vennootschap met gewone structuur","7490","Overige special. zakelijke dienstverl.","59111","Prod. films (geen televisiefilms)","74201","Fotografie","J","J",20001103,20001103,20010404,20000808,20090101,0,20001103,"",2020,20211012
"Hoogvliet Rotterdam","H","41","Besloten vennootschap met gewone structuur","6420","Financiële holdings","33121","Rep./onderh. mach. voor algemeen gebruik","","","J","J",20000725,20000725,20020912,20000725,20031106,0,0,"",2019,20210202
"Noordwijk","H","01","Eenmanszaak","47783","Winkels in schilderijen/kunstvoorwerpen","","","","","J","J",0,0,20000807,20000810,0,0,0,"",0,0
"Alphen aan den Rijn","H","01","Eenmanszaak","8292","Pakken, sorteren e.d. in loon","46696","Groothandel in emballage","","","N","N",0,0,20000808,20000808,20170301,0,0,"",0,0
"Elspeet","","74","Stichting","94911","Religieuze organisaties","","","","","","",20000211,20000211,0,0,0,0,0,"",0,0
"Langbroek","H","11","Vennootschap onder firma","47783","Winkels in schilderijen/kunstvoorwerpen","","","","","N","N",20010101,0,20010726,20000402,0,0,20010101,"",0,0
"Culemborg","H","01","Eenmanszaak","70221","Organisatie-adviesbureaus","","","","","","",0,0,20150708,20000101,20150706,0,0,"",0,0
"Alkmaar","H","41","Besloten vennootschap met gewone structuur","6420","Financiële holdings","","","","","","",20000731,20000731,20070705,20000731,20101101,0,0,"",2020,20210529
"De Meern","H","11","Vennootschap onder firma","70221","Organisatie-adviesbureaus","","","","","N","N",20100101,0,20000808,20000802,20150401,0,0,"",0,0
"Ellecom","H","01","Eenmanszaak","70221","Organisatie-adviesbureaus","6312","Webportals","","","N","N",0,0,20140807,20000808,20140807,0,0,"",0,0
"Houten","H","01","Eenmanszaak","56101","Restaurants","","","","","","",0,0,20000808,20000804,20001015,0,0,"",0,0
"Nieuwegein","H","11","Vennootschap onder firma","4725","Winkels in dranken","","","","","","",20020101,0,20000808,20000808,20020101,0,20020101,"",0,0
"Amersfoort","H","41","Besloten vennootschap met gewone structuur","6420","Financiële holdings","6209","Ov. dienstv. act. ohgv informatietechn.","70221","Organisatie-adviesbureaus","","",20001123,20001123,20210514,20000701,20210507,0,20001123,"",2020,20211206
"Amersfoort","H","01","Eenmanszaak","43221","Loodg.- en fitterswerk; inst. sanitair","","","","","","",0,0,20000808,20000815,20060619,0,0,"",0,0
"Weesp","H","41","Besloten vennootschap met gewone structuur","4321","Elektrotechnische bouwinstallatie","","","","","N","N",20100115,20100115,20100615,20000808,20100527,0,20100115,"",2020,20210818
"Soest","H","01","Eenmanszaak","4120","Algemene burgerlijke en utiliteitsbouw","","","","","","",0,0,20000808,20000808,20040226,0,0,"",0,0
"Wassenaar","H","01","Eenmanszaak","74103","Interieur- en ruimtelijk ontwerp","90012","Producenten van podiumkunst","47915","Internethandel huis- en tuinartikelen","","",0,0,20200506,19980601,20190830,0,20000701,"",0,0
"Ermelo","H","11","Vennootschap onder firma","69202","Accountants-administratieconsulenten","69204","Belastingconsulenten","70221","Organisatie-adviesbureaus","N","N",20030701,0,20060630,20000808,20220301,0,20030701,"",0,0
"Cromvoirt","H","41","Besloten vennootschap met gewone structuur","6202","Advisering ohgv informatietechnologie","","","","","","",20010724,20010724,20080924,20000808,20080901,0,20010724,"",2021,20220523
"Amsterdam","H","41","Besloten vennootschap met gewone structuur","7740","Lease niet-financiële immateriële activa","","","","","N","N",20000721,20000721,20000808,20000721,20120401,0,0,"",2020,20220524
"Amsterdam","H","01","Eenmanszaak","90011","Beoefening van podiumkunst","8230","Organiseren van congressen en beurzen","","","N","N",0,0,20000808,20000801,20211021,0,0,"",0,0
"Bergschenhoek","","74","Stichting","94997","Overige belangenbehartiging (rest)","","","","","","",20000705,20000705,0,0,0,0,0,"",0,0
"Haarlem","H","01","Eenmanszaak","96022","Schoonheidsverzorging/pedi-/manicures","","","","","N","N",0,0,20000808,20000801,20081101,0,0,"",0,0
"'s-Graveland","H","11","Vennootschap onder firma","4616","HB textiel/kleding/schoeisel/lederwaren","","","","","N","N",20030101,0,20051012,20000808,20110701,0,20030101,"",0,0
"Velserbroek","H","41","Besloten vennootschap met gewone structuur","6810","Handel in eigen onroerend goed","64303","Beleggingsinst. met beperkte toetreding","","","N","N",20000726,20000726,20000808,20000726,20190730,0,0,"",2020,20220322
"Hoofddorp","H","41","Besloten vennootschap met gewone structuur","4110","Projectontwikkeling","","","","","N","N",20000929,20000929,20000808,20000719,20181022,0,20000929,"",2021,20220324
"Lijnden","H","41","Besloten vennootschap met gewone structuur","6420","Financiële holdings","","","","","N","N",20010223,20010223,20020121,20000701,20181203,0,20010223,"",2020,20220307
"Hoofddorp","H","41","Besloten vennootschap met gewone structuur","4110","Projectontwikkeling","68203","Verhuur van overige woonruimte","6810","Handel in eigen onroerend goed","N","N",20000807,20000807,20000808,20000807,20200117,0,0,"",2020,20210705
"Almere","H","41","Besloten vennootschap met gewone structuur","93146","Sportscholen","","","","","N","N",20060530,20060530,20011212,20000808,20020411,0,20060530,"",2020,20211021
"Dronten","H","41","Besloten vennootschap met gewone structuur","46741","Groothandel in ijzer- en metaalwaren","","","","","J","J",20001207,20001207,20080111,20000801,20080111,0,20001207,"",2020,20211103
"Alkmaar","","74","Stichting","88999","Overig maatsch.adv./gemeenschapshuizen","","","","","","",20000803,20000803,0,0,0,0,0,"",0,0
"Warmenhuizen","","74","Stichting","94997","Overige belangenbehartiging (rest)","","","","","","",20000728,20000728,0,0,0,0,0,"",0,0
"Ilpendam","","74","Stichting","90012","Producenten van podiumkunst","","","","","","",20000727,20000727,0,0,0,0,0,"",0,0
"Echtenerbrug","H","01","Eenmanszaak","96021","Haarverzorging","","","","","","",0,0,20000808,20000815,0,0,0,"",0,0
"Moddergat","H","01","Eenmanszaak","70222","Advisering ohgv management/bedrijfsv.","","","","","","",0,0,20000809,20000801,20070313,0,0,"",0,0
"Schildwolde","H","41","Besloten vennootschap met gewone structuur","0150","Akker-/tuinbouw icm fokken/houden dieren","","","","","","",20000720,20000720,20000809,20000720,0,0,0,"",2020,20211231
"Uithuizermeeden","H","01","Eenmanszaak","96021","Haarverzorging","","","","","N","N",0,0,20000809,20000801,20020601,0,0,"",0,0
"Meppel","","74","Stichting","94993","Steunfondsen (niet ohgv welzijnszorg)","","","","","","",20000808,20000808,0,0,0,0,0,"",0,0
"Heino","","71","Vereniging met volledige rechtsbevoegdheid","94997","Overige belangenbehartiging (rest)","","","","","","",19910606,0,0,0,0,0,0,"",0,0
"Apeldoorn","H","41","Besloten vennootschap met gewone structuur","8541","Niet-universitair hoger onderwijs","94995","Overk. organen (niet ohgv welzijn/sport)","70221","Organisatie-adviesbureaus","N","N",20030115,20030115,20000808,20000815,20100712,0,20030115,"",2021,20220404
"Enschede","H","01","Eenmanszaak","6202","Advisering ohgv informatietechnologie","","","","","N","N",0,0,20000808,20000810,0,0,20010129,"",0,0
"Enschede","H","41","Besloten vennootschap met gewone structuur","7911","Reisbemiddeling","6420","Financiële holdings","","","N","N",20000803,20000803,20000808,20000803,0,0,0,"",2021,20220318
"Brummen","H","01","Eenmanszaak","85592","Bedrijfsopleiding en -training","","","","","N","N",0,0,20000809,20000815,0,0,0,"",0,0
"Lichtenvoorde","H","41","Besloten vennootschap met gewone structuur","4110","Projectontwikkeling","","","","","","",20000929,20000929,20000808,20000801,0,0,20001003,"",2020,20220313
"Arnhem","H","41","Besloten vennootschap met gewone structuur","64303","Beleggingsinst. met beperkte toetreding","","","","","","",20000731,20000731,20000808,20000731,0,0,0,"",2016,20180305
"Lievelde","H","74","Stichting","88999","Overig maatsch.adv./gemeenschapshuizen","","","","","N","N",20000704,20000704,20110526,20000704,0,0,0,"",0,0
"'s-Heerenberg","H","41","Besloten vennootschap met gewone structuur","3092","Verv. fietsen en invalidenwagens","","","","","","J",20010620,20010620,20000808,20000814,20040629,0,20010621,"",2021,20220604
"Zeist","H","41","Besloten vennootschap met gewone structuur","4651","GH computers, randapparatuur en software","78202","Uitleenbureaus","","","","",20020225,20020225,20200807,20000804,20200801,0,20020225,"",2021,20220511
"Nijmegen","H","41","Besloten vennootschap met gewone structuur","2016","Verv. kunststof in primaire vorm","","","","","","J",20000803,20000803,20000809,20000803,0,0,0,"",2019,0
"Nijmegen","H","61","Coöperatie","70221","Organisatie-adviesbureaus","","","","","","",20000706,20000706,20000809,20000706,20171030,0,0,"",2020,20220105
"Silvolde","H","01","Eenmanszaak","69203","Boekhoudkantoren","69204","Belastingconsulenten","","","","",0,0,20000809,20000101,0,0,0,"",0,0
"Zevenaar","H","01","Eenmanszaak","45112","Handel/rep. personen-/lichte bedr.auto's","93299","Ov. recreatie (rest)(geen jachthavens)","","","","",0,0,20000809,20000809,0,0,0,"",0,0
"Nieuwland","","71","Vereniging met volledige rechtsbevoegdheid","93299","Ov. recreatie (rest)(geen jachthavens)","","","","","","",19380423,19380423,0,0,0,0,0,"",0,0
"Geldermalsen","H","41","Besloten vennootschap met gewone structuur","6420","Financiële holdings","","","","","","",20000803,20000803,20150202,20000803,20150131,0,0,"",2020,20211206
"Reuver","","72","Vereniging met beperkte rechtsbevoegdheid","90011","Beoefening van podiumkunst","","","","","","",20000601,0,0,0,0,0,0,"",0,0
"Kessel","","72","Vereniging met beperkte rechtsbevoegdheid","94992","Hobbyclubs","","","","","","",20000401,0,0,0,0,0,0,"",0,0
"Maastricht","H","41","Besloten vennootschap met gewone structuur","69101","Advocatenkantoren, bewindv. en curatoren","","","","","N","N",20001027,20001027,20000809,20000801,20200201,0,20001027,"",2018,20191106
"Uden","","71","Vereniging met volledige rechtsbevoegdheid","94991","Gezelligheidsverenigingen","","","","","","",19591201,20000724,0,0,0,0,0,"",0,0
"Arnhem","H","41","Besloten vennootschap met gewone structuur","6201","Ontwikkelen/produceren/uitgeven software","","","","","","",20000908,20000908,20170127,20000801,20170101,0,20000908,"",2021,20220409
"Mariahout","H","01","Eenmanszaak","9003","Schrijven en overige scheppende kunst","","","","","N","N",0,0,20000809,20000809,0,0,20090327,"",0,0
"'s-Hertogenbosch","H","41","Besloten vennootschap met gewone structuur","6202","Advisering ohgv informatietechnologie","","","","","","",20071116,20071116,20051101,20000807,20060701,0,20071116,"",2020,20220103
"Veghel","H","01","Eenmanszaak","4321","Elektrotechnische bouwinstallatie","","","","","","",0,0,20000809,20000809,20210327,0,0,"",0,0
"Waalre","","74","Stichting","69209","Overige administratiekantoren","","","","","","",20000712,20000712,0,0,0,0,0,"",0,0
"Someren","H","41","Besloten vennootschap met gewone structuur","70221","Organisatie-adviesbureaus","","","","","N","N",20061129,20061129,20000809,20000815,20060701,0,20061129,"",2015,20170419
"Achtmaal","H","01","Eenmanszaak","5221","Dienstverlening voor vervoer over land","","","","","","",0,0,20000808,20000701,0,0,0,"",0,0
"Ulvenhout","H","41","Besloten vennootschap met gewone structuur","70221","Organisatie-adviesbureaus","85592","Bedrijfsopleiding en -training","","","","",20000804,20000804,20000809,20000804,20171107,0,0,"",2017,20190201
"Oudenbosch","H","41","Besloten vennootschap met gewone structuur","6420","Financiële holdings","6203","Beheer van computerfaciliteiten","70222","Advisering ohgv management/bedrijfsv.","N","N",20000726,20000726,20000809,20000726,20070601,0,0,"",2020,20211221
"Breda","H","41","Besloten vennootschap met gewone structuur","4619","Niet-gespecialiseerde handelsbemiddeling","46772","GH ijzer-/staalschroot/oude non.ferrom.","","","","",20001027,20001027,20000809,20000809,20100101,0,20001027,"",2020,20210414
"Bergen op Zoom","H","41","Besloten vennootschap met gewone structuur","52242","Laad-/los-/oversl.ac. niet voor zeevaart","52291","Expediteurs/cargadoors/bevrachters e.d.","","","N","N",20000803,20000803,20020826,20000803,20020701,0,0,"",2020,20220603
"Goes","","71","Vereniging met volledige rechtsbevoegdheid","9411","Bedrijfs- en werkgeversorganisaties","","","","","","",19990201,0,0,0,0,0,0,"",0,0
"Zierikzee","","71","Vereniging met volledige rechtsbevoegdheid","90011","Beoefening van podiumkunst","","","","","","",20000728,20000728,0,0,0,0,0,"",0,0
"Geersdijk","","71","Vereniging met volledige rechtsbevoegdheid","9411","Bedrijfs- en werkgeversorganisaties","","","","","","",18430000,0,0,0,0,0,0,"",0,0
"Rotterdam","H","41","Besloten vennootschap met gewone structuur","6420","Financiële holdings","","","","","N","N",20000616,20000616,20000809,20000616,20220223,0,0,"",2020,20220531
"Rotterdam","H","41","Besloten vennootschap met gewone structuur","70102","Holdings (geen financiële)","","","","","N","N",20000807,20000807,20000809,20000807,0,0,0,"",2020,20211022
"Rotterdam","H","01","Eenmanszaak","9609","Overige dienstverlening (rest)","47763","Winkels dier(benodigdhed)en/hengelsp.art","","","N","N",0,0,20000809,20000401,20160101,0,0,"",0,0
"'s-Gravendeel","H","01","Eenmanszaak","43222","Inst. verwarmings-/luchtbehandelingsapp.","43221","Loodg.- en fitterswerk; inst. sanitair","","","","",0,0,20000809,20000801,0,0,0,"",0,0
"Rotterdam","H","01","Eenmanszaak","66193","Hypotheek-/kredietbem./bankagentschappen","","","","","N","N",0,0,20000809,20000101,20110715,0,20011115,"",0,0
"Rotterdam","","74","Stichting","9002","Dienstverlening voor uitvoerende kunst","","","","","","",20000728,20000728,0,0,0,0,0,"",0,0
"Amsterdam","","74","Stichting","66191","Admin.kantoren voor aandelen/obligaties","","","","","","",20000224,20000224,0,0,0,0,0,"",0,0
"Utrecht","H","41","Besloten vennootschap met gewone structuur","6420","Financiële holdings","","","","","N","N",20010525,20010525,20050801,20000808,20050722,0,20010525,"",2008,0
"Ouddorp","","74","Stichting","6190","Overige telecommunicatie","","","","","","",20000807,20000807,0,0,0,0,0,"",0,0
"Rotterdam","H","41","Besloten vennootschap met gewone structuur","86102","Algemene ziekenhuizen","","","","","N","N",20000804,20000804,20000809,20000804,0,0,0,"",2022,0
"Rotterdam","H","41","Besloten vennootschap met gewone structuur","70221","Organisatie-adviesbureaus","7810","Arbeidsbemiddeling","78202","Uitleenbureaus","N","N",20001004,20001004,20000809,20000715,20160129,0,20001004,"",2020,20220516
"Papendrecht","H","41","Besloten vennootschap met gewone structuur","70222","Advisering ohgv management/bedrijfsv.","69203","Boekhoudkantoren","","","","",20000731,20000731,20000809,20000731,20020715,0,0,"",2020,20211105
"De Lier","H","41","Besloten vennootschap met gewone structuur","6420","Financiële holdings","","","","","","",20000801,20000801,20220610,20000801,20220608,0,0,"",2020,20211118
"Gouda","H","41","Besloten vennootschap met gewone structuur","6420","Financiële holdings","","","","","","",20000808,20000808,20000809,20000808,0,0,0,"",2021,20220509
"Bergambacht","H","41","Besloten vennootschap met gewone structuur","6420","Financiële holdings","","","","","","",20000705,20000705,20000809,20000705,20090817,0,0,"",2020,20210716
"Schiedam","H","41","Besloten vennootschap met gewone structuur","47999","DH via overige distributievormen","4637","GH koffie/thee/cacao/specer. (geen ruwe)","","","N","N",20050531,20050531,20000809,20000809,0,0,20050531,"",2021,20220513
"'s-Gravenhage","H","01","Eenmanszaak","0161","Dienstverl. akker- en/of tuinbouw","78201","Uitzendbureaus","","","N","N",0,0,20000809,20000809,20121025,0,0,"",0,0
"Zoetermeer","H","41","Besloten vennootschap met gewone structuur","6420","Financiële holdings","64301","Beleggingsinstell. in financiële activa","","","N","N",20000803,20000803,20160531,20000803,20160515,0,0,"",2020,20220511
"Veenendaal","H","41","Besloten vennootschap met gewone structuur","6420","Financiële holdings","","","","","N","N",20000803,20000803,20031210,20000803,20171205,0,0,"",2018,20191025
"Delft","H","11","Vennootschap onder firma","6201","Ontwikkelen/produceren/uitgeven software","","","","","N","N",20000809,0,20000809,20000809,20110322,0,0,"",0,0
"Bodegraven","","74","Stichting","7220","Speur-/ontw.werk ogv maats./geesteswet.","","","","","","",20000807,20000807,0,0,0,0,0,"",0,0
"Noordwijk","H","41","Besloten vennootschap met gewone structuur","78202","Uitleenbureaus","7490","Overige special. zakelijke dienstverl.","6499","Overige financiële intermediatie","N","J",20000726,20000726,20000809,20000726,20200919,0,0,"",2021,20220203
"Rijnsburg","H","01","Eenmanszaak","96021","Haarverzorging","","","","","N","N",0,0,20000809,20000815,0,0,0,"",0,0
"Leiden","H","41","Besloten vennootschap met gewone structuur","6420","Financiële holdings","","","","","N","N",20001013,20001013,20001023,20000725,20090625,0,20001013,"",2018,20200408
"Leiden","H","41","Besloten vennootschap met gewone structuur","70102","Holdings (geen financiële)","","","","","N","N",20001013,20001013,20001023,20000725,20080128,0,20001013,"",2020,20220615
"Maarssen","H","41","Besloten vennootschap met gewone structuur","6202","Advisering ohgv informatietechnologie","","","","","","",20020408,20020408,20200410,20000101,20200403,0,20020408,"",2019,20200701
"Utrecht","H","41","Besloten vennootschap met gewone structuur","70102","Holdings (geen financiële)","","","","","","",20001010,20001010,20100429,20000301,20140404,0,20001010,"",2021,20220525
"Mijdrecht","","71","Vereniging met volledige rechtsbevoegdheid","94997","Overige belangenbehartiging (rest)","","","","","","",19961119,19961119,0,0,0,0,0,"",0,0
"Bilthoven","H","41","Besloten vennootschap met gewone structuur","70102","Holdings (geen financiële)","","","","","","",20000807,20000807,20000809,20000807,20211111,0,0,"",2020,20210520
"Baarn","H","01","Eenmanszaak","6201","Ontwikkelen/produceren/uitgeven software","7311","Reclamebureaus","","","","",0,0,20170109,20000809,20161230,0,20050316,"",0,0
"Houten","H","41","Besloten vennootschap met gewone structuur","1512","Verv. koffers, tassen, zadels e.d.","2229","Verv. overige producten van kunststof","1399","Verv. overige textielproducten (rest)","J","J",20000803,20000803,20000809,20000803,20210601,0,0,"",2019,20210702
"Woudenberg","H","01","Eenmanszaak","4334","Schilderen en glaszetten","","","","","","",0,0,20000809,20000701,0,0,0,"",0,0
"Leiden","","71","Vereniging met volledige rechtsbevoegdheid","88993","Lokaal welzijnswerk","","","","","","",20000725,20000725,0,0,0,0,0,"",0,0
"Laren","H","41","Besloten vennootschap met gewone structuur","6420","Financiële holdings","","","","","","",20000808,20000808,20000809,20000808,20151002,0,0,"",2020,20211026
"Utrecht","H","41","Besloten vennootschap met gewone structuur","6420","Financiële holdings","","","","","N","N",20001127,20001127,20210804,20000801,20210804,0,20001127,"",2020,20210616
"Hilversum","H","41","Besloten vennootschap met gewone structuur","6420","Financiële holdings","","","","","","",20000531,20000531,20000809,20000531,20201101,0,0,"",2020,20211122
"Hilversum","H","41","Besloten vennootschap met gewone structuur","70102","Holdings (geen financiële)","","","","","","",20001124,20001124,20000809,20000701,20170728,0,20001124,"",2020,20211025
"Zeist","H","01","Eenmanszaak","7311","Reclamebureaus","74101","Communicatie- en grafisch ontwerp","6201","Ontwikkelen/produceren/uitgeven software","","",0,0,20060330,20000809,20060101,0,0,"",0,0
"Urk","N","41","Besloten vennootschap met gewone structuur","78201","Uitzendbureaus","","","","","N","",19860808,19860808,20000809,20000201,20161001,0,0,"",2019,0
"Capelle aan den IJssel","N","41","Besloten vennootschap met gewone structuur","78202","Uitleenbureaus","7810","Arbeidsbemiddeling","","","N","N",19980403,0,20000809,20000201,20180401,0,0,"",2019,0
"Soest","H","41","Besloten vennootschap met gewone structuur","6420","Financiële holdings","","","","","N","N",20000802,20000802,20070802,20000802,20120726,0,0,"",2021,20220408
"Amsterdam-Duivendrecht","H","41","Besloten vennootschap met gewone structuur","7740","Lease niet-financiële immateriële activa","85592","Bedrijfsopleiding en -training","70221","Organisatie-adviesbureaus","N","N",20001011,20001011,20000809,20000727,20061215,0,20001011,"",2020,20220130
"Amstelveen","H","01","Eenmanszaak","53202","Koeriers","","","","","N","N",0,0,20000809,20000809,20021125,0,0,"",0,0
"Amsterdam","H","41","Besloten vennootschap met gewone structuur","6420","Financiële holdings","","","","","N","N",20000919,20000919,20000809,20000801,20090201,0,20000919,"",2019,20210525
"Mijdrecht","","71","Vereniging met volledige rechtsbevoegdheid","94991","Gezelligheidsverenigingen","","","","","","",19641014,0,20220323,0,0,0,0,"",0,0
"IJmuiden","H","41","Besloten vennootschap met gewone structuur","46442","GH was-, poets- en reinigingsmiddelen","","","","","N","N",20001214,20001214,20000809,20000701,20060327,0,20001214,"",2020,20211231
"Middelie","","71","Vereniging met volledige rechtsbevoegdheid","90011","Beoefening van podiumkunst","","","","","","",20000808,20000808,0,0,0,0,0,"",0,0
"Halfweg","H","41","Besloten vennootschap met gewone structuur","6420","Financiële holdings","6810","Handel in eigen onroerend goed","","","N","N",20000821,20000821,20041026,20000801,20120806,0,20000821,"",2020,20210701
"'s-Gravenhage","H","41","Besloten vennootschap met gewone structuur","7810","Arbeidsbemiddeling","78202","Uitleenbureaus","","","N","N",20000803,20000803,20030101,20000803,20030101,0,0,"",2022,0
"'s-Gravenhage","H","41","Besloten vennootschap met gewone structuur","6420","Financiële holdings","","","","","N","N",20000803,20000803,20021017,20000803,20061023,0,0,"",2022,0
"Rotterdam","H","41","Besloten vennootschap met gewone structuur","6420","Financiële holdings","","","","","N","N",20000809,20000809,20060405,20000809,20200501,0,0,"",2021,20211013
"Diemen","H","11","Vennootschap onder firma","4120","Algemene burgerlijke en utiliteitsbouw","","","","","N","N",20000822,0,20000809,20000814,20060901,0,20000822,"",0,0
"Schagen","H","01","Eenmanszaak","45112","Handel/rep. personen-/lichte bedr.auto's","","","","","","",0,0,20000807,20000701,0,0,0,"",0,0
"Schagen","H","41","Besloten vennootschap met gewone structuur","6420","Financiële holdings","86923","Preventieve gezondh.zorg (geen arbobeg.)","","","N","N",20001121,20001121,20000809,20000801,20140701,0,20001121,"",2021,20220223
"Edam","H","41","Besloten vennootschap met gewone structuur","70102","Holdings (geen financiële)","","","","","","",20000803,20000803,20000809,20000803,20020715,0,0,"",2019,20210726
"Arcen","H","74","Stichting","6420","Financiële holdings","","","","","N","N",20000728,20000728,20211220,20000728,20211213,0,0,"",0,0
"Arcen","H","21","Commanditaire vennootschap","6202","Advisering ohgv informatietechnologie","","","","","N","N",20000728,0,20211220,20000728,20211213,0,0,"",0,0
"Schagen","H","01","Eenmanszaak","47527","Winkels gespec. in ov. doe-het-zelf-art.","47541","Winkels in witgoed","","","","",0,0,20000809,20000809,20190515,0,0,"",0,0
"Amsterdam","H","41","Besloten vennootschap met gewone structuur","6420","Financiële holdings","","","","","","",20000807,20000807,20130115,20000807,20131101,0,0,"",2015,20170421
"Biddinghuizen","H","01","Eenmanszaak","9524","Reparatie en stoffering van meubels","74201","Fotografie","","","N","N",0,0,20000809,20000801,0,0,0,"",0,0
"Dronten","H","01","Eenmanszaak","9609","Overige dienstverlening (rest)","","","","","N","N",0,0,20000809,20000809,20100105,0,0,"",0,0
"Almere","H","01","Eenmanszaak","4741","Winkels in computers/randapp./software","47432","Winkels alg. assortiment wit-/bruingoed","4120","Algemene burgerlijke en utiliteitsbouw","N","N",0,0,20000809,20000809,0,0,0,"",0,0
"It Heidenskip","H","01","Eenmanszaak","4120","Algemene burgerlijke en utiliteitsbouw","","","","","","",0,0,20000809,20000701,20040324,0,0,"",0,0
"Alphen aan den Rijn","H","01","Eenmanszaak","77399","Verh./lease ov.mach./werkt./ov. goederen","","","","","","",0,0,20180502,20000815,20180501,0,0,"",0,0
"Leeuwarden","H","01","Eenmanszaak","9609","Overige dienstverlening (rest)","46425","Groothandel in mode-artikelen","","","","",0,0,20000810,20000801,20190218,0,0,"",0,0
"Groningen","H","01","Eenmanszaak","70221","Organisatie-adviesbureaus","69203","Boekhoudkantoren","","","","",0,0,20000809,20000814,20061201,0,0,"",0,0
"Tynaarlo","H","41","Besloten vennootschap met gewone structuur","6420","Financiële holdings","","","","","","",20000809,20000809,20010702,20000809,20140422,0,0,"",2019,20210316
"Emmen","H","11","Vennootschap onder firma","74201","Fotografie","47781","Winkels in fotografische artikelen","","","","",20000809,0,20000810,19360301,0,0,20001001,"",0,0
"Dalen","H","01","Eenmanszaak","43999","Overige gespec. werkz. in de bouw (rest)","","","","","","",0,0,20000810,20000615,0,0,0,"",0,0
"Zwolle","N","11","Vennootschap onder firma","4652","GH elektronische/telecommunicatieapp.","4651","GH computers, randapparatuur en software","","","J","J",19970701,0,20000809,20000801,20010515,0,0,"",0,0
"Hasselt","H","01","Eenmanszaak","45112","Handel/rep. personen-/lichte bedr.auto's","","","","","","",0,0,20000810,20000701,0,0,0,"",0,0
"'t Harde","","72","Vereniging met beperkte rechtsbevoegdheid","94991","Gezelligheidsverenigingen","","","","","","",19601124,19601124,0,0,0,0,0,"",0,0
"Hengelo","H","41","Besloten vennootschap met gewone structuur","6831","Bemidd. bij handel/huur/verhuur onr.goed","6832","Beheer van onroerend goed","","","N","N",20000808,20000808,20000809,20000808,20001201,0,0,"",2020,20211229
"Ootmarsum","H","01","Eenmanszaak","70221","Organisatie-adviesbureaus","69203","Boekhoudkantoren","","","N","N",0,0,20000809,20000801,0,0,0,"",0,0
"Wierden","H","01","Eenmanszaak","7112","Ingenieurs/overig techn. ontwerp/advies","","","","","N","N",0,0,20000810,20000809,0,0,0,"",0,0
"Apeldoorn","H","41","Besloten vennootschap met gewone structuur","17211","Verv. verpakkingsmiddelen(papier/karton)","","","","","N","N",20000809,20000809,20000810,20000809,0,0,0,"",2020,20220610
"Barneveld","H","01","Eenmanszaak","4120","Algemene burgerlijke en utiliteitsbouw","","","","","N","N",0,0,20000810,20000701,20070701,0,0,"",0,0
"Oldenzaal","H","41","Besloten vennootschap met gewone structuur","46731","Groothandel in hout en plaatmateriaal","6420","Financiële holdings","","","J","N",20050519,20050519,20000810,20000810,20200201,0,20050519,"",2020,20211108
"Arnhem","","74","Stichting","66191","Admin.kantoren voor aandelen/obligaties","","","","","","",20000712,20000712,0,0,0,0,0,"",0,0
"Eerbeek","H","01","Eenmanszaak","0162","Dienstverl. voor fokken en houden dieren","","","","","","",0,0,20080409,20000701,20080401,0,0,"",0,0
"Ruurlo","H","01","Eenmanszaak","86919","Overige paramedische praktijken","","","","","","",0,0,20000810,20000801,20150901,0,0,"",0,0
"Winterswijk","H","41","Besloten vennootschap met gewone structuur","6420","Financiële holdings","4120","Algemene burgerlijke en utiliteitsbouw","","","","",20000807,20000807,20000810,20000807,20210526,0,0,"",2019,20210603
"Bronkhorst","H","01","Eenmanszaak","9002","Dienstverlening voor uitvoerende kunst","","","","","","",0,0,20110913,20000810,20140507,0,0,"",0,0
"Rotterdam","H","01","Eenmanszaak","70221","Organisatie-adviesbureaus","","","","","","",0,0,20210222,20000810,20210126,0,0,"",0,0
"Well L","H","01","Eenmanszaak","4120","Algemene burgerlijke en utiliteitsbouw","","","","","N","N",0,0,20000810,20000810,20111006,0,0,"",0,0
"Kerkrade","H","01","Eenmanszaak","96021","Haarverzorging","47717","Winkels in mode-artikelen","47789","Winkels gespec. in overige art. (rest)","N","N",0,0,20000810,20000801,20200330,0,0,"",0,0
"Vaals","H","41","Besloten vennootschap met gewone structuur","70221","Organisatie-adviesbureaus","69209","Overige administratiekantoren","","","N","N",20000830,20000830,20000810,20000801,20100101,0,20000830,"",2020,20211001
"Bunde","H","01","Eenmanszaak","8219","Secretariële dienstverlening","6832","Beheer van onroerend goed","","","N","N",0,0,20000810,20000815,20070515,0,0,"",0,0
"Tiel","N","41","Besloten vennootschap met gewone structuur","47713","Winkels in bovenkleding/mode-artikelen","","","","","","",19791219,19791219,20000809,20000720,0,0,0,"",2020,20220405
"Nuland","H","01","Eenmanszaak","45204","Carrosserieherstel","","","","","N","N",0,0,20000807,20000808,20080530,0,0,"",0,0
"Rotterdam","H","41","Besloten vennootschap met gewone structuur","72193","Speur-/ontw.werk ohgv gezondh./voeding","46383","Gesp. GH in ov. voedings- en genotm.","","","J","J",20000804,20000804,20130717,20000804,20130101,0,0,"",2020,20210429
"'s-Hertogenbosch","H","01","Eenmanszaak","6201","Ontwikkelen/produceren/uitgeven software","86919","Overige paramedische praktijken","","","","J",0,0,20000809,20000816,20201024,0,0,"",0,0
"Helmond","H","01","Eenmanszaak","6202","Advisering ohgv informatietechnologie","6203","Beheer van computerfaciliteiten","","","","",0,0,20000810,20000508,20201225,0,0,"",0,0
"Baarle-Nassau","H","01","Eenmanszaak","4331","Stukadoren","","","","","N","N",0,0,20071222,20000814,20051009,0,0,"",0,0
"Rijen","","74","Stichting","66191","Admin.kantoren voor aandelen/obligaties","","","","","","",20000712,20000712,0,0,0,0,0,"",0,0
"Udenhout","","74","Stichting","94993","Steunfondsen (niet ohgv welzijnszorg)","","","","","","",20000707,20000707,0,0,0,0,0,"",0,0
"Oudenbosch","H","41","Besloten vennootschap met gewone structuur","4941","Goederenvervoer over weg (geen verhuiz.)","52109","Opslag in distr.centra en overige opslag","52291","Expediteurs/cargadoors/bevrachters e.d.","","",20000807,20000807,20000810,20000807,20181124,0,0,"",2021,20220614
"Prinsenbeek","H","41","Besloten vennootschap met gewone structuur","4941","Goederenvervoer over weg (geen verhuiz.)","78202","Uitleenbureaus","","","","",20000807,20000807,20000810,20000807,20170214,0,0,"",2018,20200424
"Oudenbosch","H","41","Besloten vennootschap met gewone structuur","6201","Ontwikkelen/produceren/uitgeven software","","","","","N","N",20000726,20000726,20100106,20000726,20091228,0,0,"",2020,20211221
"Middelburg","","71","Vereniging met volledige rechtsbevoegdheid","9411","Bedrijfs- en werkgeversorganisaties","","","","","","",19990427,0,0,0,0,0,0,"",0,0
"Middelburg","H","41","Besloten vennootschap met gewone structuur","2561","Oppervlaktebeh. en bekleding van metaal","2511","Verv. metalen constr.werken/delen ervan","2550","Smeden/persen/stampen/profielwalsen e.d.","N","N",20000808,20000808,20000810,19690101,0,0,20000808,"",2021,20220224
"Terneuzen","","74","Stichting","94997","Overige belangenbehartiging (rest)","","","","","","",20000707,20000707,0,0,0,0,0,"",0,0
"Gouda","H","01","Eenmanszaak","43993","Metselen en voegen","","","","","N","N",0,0,20000810,20000815,20201101,0,0,"",0,0
"Alphen aan den Rijn","H","41","Besloten vennootschap met gewone structuur","6420","Financiële holdings","","","","","N","N",20000831,20000831,20040409,20000713,20040301,0,20000831,"",2019,20200813
"Giessenburg","H","41","Besloten vennootschap met gewone structuur","6420","Financiële holdings","78202","Uitleenbureaus","","","","",20001218,20001218,20000810,20000615,20150102,0,20001218,"",2020,20220209
"Capelle aan den IJssel","H","41","Besloten vennootschap met gewone structuur","6420","Financiële holdings","","","","","N","N",20000803,20000803,20000810,20000803,0,0,0,"",2021,20220505
"Vlaardingen","H","41","Besloten vennootschap met gewone structuur","66193","Hypotheek-/kredietbem./bankagentschappen","6420","Financiële holdings","64194","Algemene banken","N","N",20050331,20050331,20000810,20000810,20080101,0,20050331,"",2020,20210712
"Rotterdam","H","41","Besloten vennootschap met gewone structuur","6420","Financiële holdings","","","","","","",20041215,20041215,20041220,20000802,20170801,0,20041215,"",2021,20220426
"Zwijndrecht","H","41","Besloten vennootschap met gewone structuur","4120","Algemene burgerlijke en utiliteitsbouw","","","","","N","N",20070530,20070530,20000810,20000814,20180325,0,20070530,"",2020,20211105
"Capelle aan den IJssel","H","41","Besloten vennootschap met gewone structuur","6420","Financiële holdings","","","","","N","N",20001031,20001031,20000810,20000801,20170101,0,20001031,"",2019,20201109
"Bilthoven","H","41","Besloten vennootschap met gewone structuur","7112","Ingenieurs/overig techn. ontwerp/advies","78202","Uitleenbureaus","","","N","N",20000912,20000912,20120703,20000801,20120702,0,20000912,"",2018,20200420
"Nieuwerkerk ad IJssel","H","41","Besloten vennootschap met gewone structuur","6420","Financiële holdings","","","","","N","N",20000707,20000707,20000810,20000707,20190508,0,0,"",2020,20211222
"Rotterdam","H","41","Besloten vennootschap met gewone structuur","6420","Financiële holdings","","","","","N","N",20000913,20000913,20000810,20000809,0,0,20000913,"",2020,20211101
"Rotterdam","H","41","Besloten vennootschap met gewone structuur","86922","Arbobegeleiding en reïntegratie","","","","","N","N",20010515,20010515,20000810,20000801,0,0,20010515,"",2020,20211022
"Hendrik-Ido-Ambacht","H","41","Besloten vennootschap met gewone structuur","6420","Financiële holdings","","","","","N","N",20001018,20001018,20000810,20000801,20180928,0,20001018,"",2021,20220323
"Hendrik-Ido-Ambacht","H","41","Besloten vennootschap met gewone structuur","70221","Organisatie-adviesbureaus","78202","Uitleenbureaus","","","","",20001018,20001018,20000810,20000801,20180928,0,20001018,"",2021,20220323
"Alkmaar","H","41","Besloten vennootschap met gewone structuur","6420","Financiële holdings","","","","","N","N",20000809,20000809,20190805,20000809,20180803,0,0,"",2020,20220516
"'s-Gravenhage","H","41","Besloten vennootschap met gewone structuur","46682","GH machines voedings-/genotmiddelenindu.","","","","","N","N",20000728,20000728,20000809,20000728,20161101,0,0,"",2019,20201021
"Rijswijk","H","41","Besloten vennootschap met gewone structuur","70221","Organisatie-adviesbureaus","","","","","N","N",20000807,20000807,20000810,20000807,20040402,0,0,"",2020,20220208
"Santa Ana CA 92705","","74","Stichting","85599","Studiebegeleiding/vorming/onderwijs","","","","","","",20000802,20000802,0,0,0,0,0,"",0,0
"Rijswijk","","74","Stichting","94997","Overige belangenbehartiging (rest)","","","","","","",20000621,20000621,0,0,0,0,0,"",0,0
"De Lier","H","41","Besloten vennootschap met gewone structuur","69203","Boekhoudkantoren","69204","Belastingconsulenten","6209","Ov. dienstv. act. ohgv informatietechn.","N","N",20000803,20000803,20000810,20000803,20140101,0,0,"",2020,20211104
"Rotterdam","H","01","Eenmanszaak","69203","Boekhoudkantoren","","","","","N","N",0,0,20020807,20000810,20130325,0,20020730,"",0,0
"De Lier","H","11","Vennootschap onder firma","01132","Teelt van groenten onder glas","","","","","N","N",20000801,0,20000810,19820000,0,0,20000801,"",0,0
"Delft","H","41","Besloten vennootschap met gewone structuur","70102","Holdings (geen financiële)","","","","","N","N",20000803,20000803,20000810,20000803,20190304,0,0,"",2020,20211005
"De Lier","H","41","Besloten vennootschap met gewone structuur","70102","Holdings (geen financiële)","","","","","N","N",20000803,20000803,20000810,20000803,20140101,0,0,"",2020,20211005
"Wassenaar","H","01","Eenmanszaak","81221","Glazenwassen","78202","Uitleenbureaus","43993","Metselen en voegen","N","N",0,0,20000810,20000811,20160920,0,0,"",0,0
"Hoofddorp","H","41","Besloten vennootschap met gewone structuur","78201","Uitzendbureaus","78202","Uitleenbureaus","7810","Arbeidsbemiddeling","N","N",20030331,20030331,20011205,20000519,20060601,0,20030331,"",2021,0
"Leiden","","71","Vereniging met volledige rechtsbevoegdheid","94997","Overige belangenbehartiging (rest)","88993","Lokaal welzijnswerk","","","","",20000719,20000719,0,0,0,0,0,"",0,0
"Warmond","","74","Stichting","66191","Admin.kantoren voor aandelen/obligaties","","","","","","",20000731,20000731,0,0,0,0,0,"",0,0
"Leiden","H","01","Eenmanszaak","4120","Algemene burgerlijke en utiliteitsbouw","","","","","N","N",0,0,20000810,20000814,20020401,0,0,"",0,0
"Rotterdam","H","41","Besloten vennootschap met gewone structuur","7990","Info.verstr. ohgv toerisme/reservering","7810","Arbeidsbemiddeling","","","N","N",20010423,20010423,20010215,20000801,20101015,0,20010423,"",2021,20220119
"Katwijk","H","01","Eenmanszaak","45112","Handel/rep. personen-/lichte bedr.auto's","","","","","N","N",0,0,20000810,20000810,20190514,0,0,"",0,0
"Utrecht","H","01","Eenmanszaak","59112","Productie van televisieprogramma's","85592","Bedrijfsopleiding en -training","7721","Verhuur van sport- en recreatieartikelen","","",0,0,20211104,20000101,20211022,0,0,"",0,0
"Leersum","H","01","Eenmanszaak","9002","Dienstverlening voor uitvoerende kunst","","","","","","",0,0,20000810,19990101,0,0,0,"",0,0
"Lopik","H","01","Eenmanszaak","43999","Overige gespec. werkz. in de bouw (rest)","","","","","","",0,0,20000810,20000810,20060301,0,0,"",0,0
"Bunnik","","71","Vereniging met volledige rechtsbevoegdheid","93196","Overkoepelende organen e.d. (sport)","","","","","","",20000803,20000803,0,0,0,0,0,"",0,0
"Utrecht","H","01","Eenmanszaak","86929","Samenwerkingsorganen ohgv gez.zorg","","","","","","",0,0,20000810,20000810,0,0,0,"",0,0
"Maarssen","H","01","Eenmanszaak","4329","Overige bouwinstallatie","","","","","","",0,0,20000810,20000810,20141201,0,0,"",0,0
"Hoevelaken","H","41","Besloten vennootschap met gewone structuur","6420","Financiële holdings","","","","","","",20000613,20000613,20000810,20000613,20011122,0,0,"",2020,20220222
"Hilversum","H","01","Eenmanszaak","70221","Organisatie-adviesbureaus","85592","Bedrijfsopleiding en -training","","","","",0,0,20000810,20000801,20100717,0,0,"",0,0
"Overveen","H","41","Besloten vennootschap met gewone structuur","6810","Handel in eigen onroerend goed","","","","","N","N",20000905,20000905,20000809,20000601,20120305,0,20000905,"",2020,20220606
"Vaals","H","01","Eenmanszaak","9002","Dienstverlening voor uitvoerende kunst","","","","","N","N",0,0,20080827,20000101,20080609,0,0,"",0,0
"Amsterdam","H","01","Eenmanszaak","59112","Productie van televisieprogramma's","90011","Beoefening van podiumkunst","1629","Verv. overige art. van hout/kurk/riet","N","N",0,0,20000809,20000804,20160701,0,0,"",0,0
"Veenendaal","H","41","Besloten vennootschap met gewone structuur","46901","Niet-gespec. GH in consumentenartikelen","","","","","J","J",20010517,20010517,20160314,20000801,20180901,0,20010517,"",2020,20211230
"Hilversum","H","51","Naamloze vennootschap met gewone structuur","4110","Projectontwikkeling","","","","","N","N",20001206,20001206,20200113,20000705,20200301,0,20001206,"",2019,20201231
"Badhoevedorp","H","01","Eenmanszaak","4932","Vervoer per taxi","","","","","N","N",0,0,20000810,20000810,20210228,0,0,"",0,0
"Amsterdam","H","41","Besloten vennootschap met gewone structuur","7112","Ingenieurs/overig techn. ontwerp/advies","6202","Advisering ohgv informatietechnologie","","","N","N",20000804,20000804,20000810,20000804,20030704,0,0,"",2019,20210311
"Amsterdam","H","41","Besloten vennootschap met gewone structuur","6420","Financiële holdings","","","","","N","N",20010301,20010301,20071128,20000810,20140901,0,20010301,"",2019,20220120
"Amsterdam","H","11","Vennootschap onder firma","56101","Restaurants","","","","","N","N",20000807,0,20000810,19970930,0,0,20000807,"",0,0
"Amsterdam","","74","Stichting","90011","Beoefening van podiumkunst","","","","","","",20000728,20000728,0,0,0,0,0,"",0,0
"Hoorn","H","41","Besloten vennootschap met gewone structuur","6420","Financiële holdings","","","","","N","N",20000808,20000808,20000810,20000808,20010501,0,0,"",2020,20210322
"Almere","H","01","Eenmanszaak","42112","Stratenmaken","47911","Internethandel voeding en drogisterij","","","N","N",0,0,20000810,20000810,20060115,0,0,"",0,0
"Sneek","N","41","Besloten vennootschap met gewone structuur","47712","Winkels in dameskleding","","","","","","",19780227,19780227,20000810,19930607,0,0,20000801,"",2020,20211109
"Leeuwarden","H","74","Stichting","9103","Monumentenzorg","","","","","N","N",20000727,20000727,20110822,20000727,0,0,0,"",0,0
"Drachten","H","01","Eenmanszaak","45205","Overige gespec. reparatie/slepen auto's","","","","","","",0,0,20000811,20000811,20091001,0,0,"",0,0
"Amsterdam","H","01","Eenmanszaak","46429","GH textielwaren algemeen assortiment","46497","GH papier-/kartonwaren(geen verpak.mat.)","70221","Organisatie-adviesbureaus","J","J",0,0,20180206,20000701,20180205,0,0,"",0,0
"Franeker","","71","Vereniging met volledige rechtsbevoegdheid","94991","Gezelligheidsverenigingen","","","","","","",20000511,20000803,0,0,0,0,0,"",0,0
"Grootegast","H","41","Besloten vennootschap met gewone structuur","45202","Bandenservicebedrijven","45201","Auto-onderdelenservicebedrijven","","","N","N",20000810,20000810,20000811,19550810,20010202,0,20000810,"",2020,20210929
"Arnhem","H","41","Besloten vennootschap met gewone structuur","70221","Organisatie-adviesbureaus","70222","Advisering ohgv management/bedrijfsv.","7320","Markt- en opinieonderzoekbureaus","","",20001107,20001107,20190117,20000228,20181227,0,20001107,"",2018,20190728
"Gorredijk","H","41","Besloten vennootschap met gewone structuur","6831","Bemidd. bij handel/huur/verhuur onr.goed","","","","","N","N",20050714,20050714,20010102,20000701,20070601,0,20050714,"",2020,20211224
"Hoogezand","H","11","Vennootschap onder firma","55101","Hotel-restaurants","5630","Cafés","","","N","N",20000601,0,20000811,19000101,0,0,20000601,"",0,0
"Hooghalen","","74","Stichting","8129","Overige reiniging","","","","","","",20000810,20000810,0,0,0,0,0,"",0,0
"Beilen","","71","Vereniging met volledige rechtsbevoegdheid","94991","Gezelligheidsverenigingen","","","","","","",20000811,20000811,0,0,0,0,0,"",0,0
"Meppel","","74","Stichting","6420","Financiële holdings","","","","","","",20000810,20000810,0,0,0,0,0,"",0,0
"Zwolle","","71","Vereniging met volledige rechtsbevoegdheid","5630","Cafés","","","","","","",20000701,0,0,0,0,0,0,"",0,0
"Dalfsen","H","01","Eenmanszaak","8130","Landschapsverzorging","","","","","","",0,0,20000811,20000815,20120123,0,0,"",0,0
"Bruchterveld","","71","Vereniging met volledige rechtsbevoegdheid","86929","Samenwerkingsorganen ohgv gez.zorg","","","","","","",20000804,20000804,0,0,0,0,0,"",0,0
"Kampen","H","41","Besloten vennootschap met gewone structuur","46731","Groothandel in hout en plaatmateriaal","46741","Groothandel in ijzer- en metaalwaren","","","","",20010509,20010509,20000811,20000801,0,0,20010509,"",2021,0
"Noordwijk","H","01","Eenmanszaak","59111","Prod. films (geen televisiefilms)","","","","","","",0,0,20201006,20000822,20200901,0,0,"",0,0
"IJsselmuiden","H","01","Eenmanszaak","43993","Metselen en voegen","4331","Stukadoren","","","N","N",0,0,20060223,20000821,20201222,0,0,"",0,0
"Zwartsluis","H","01","Eenmanszaak","9313","Fitnesscentra","93146","Sportscholen","","","","",0,0,20000814,20000821,0,0,20100301,"",0,0
"Rijssen","H","41","Besloten vennootschap met gewone structuur","2712","Verv. schakel- en verdeelinrichtingen","","","","","N","N",20030528,20030528,20000811,20000811,20160901,0,20030528,"",2020,20210531
"Enschede","H","01","Eenmanszaak","69203","Boekhoudkantoren","","","","","N","N",0,0,20000811,20000715,20151027,0,0,"",0,0
"Barneveld","H","41","Besloten vennootschap met gewone structuur","70102","Holdings (geen financiële)","78202","Uitleenbureaus","","","N","N",20000731,20000731,20000814,20000731,20200606,0,0,"",2021,20220607
"Zwolle","N","41","Besloten vennootschap met gewone structuur","86913","Praktijken van psychotherapeuten/-logen","","","","","","",19981120,19981120,20000811,20000401,20050428,0,0,"",2020,20210601
"Emmen","N","42","Besloten vennootschap blijkens statuten structuurvennootschap","2060","Verv. synthetische en kunstmatige vezels","","","","","J","J",19991221,19991221,20000811,20000331,0,0,0,"",2021,0
"Farmsum","N","42","Besloten vennootschap blijkens statuten structuurvennootschap","2060","Verv. synthetische en kunstmatige vezels","","","","","","",19991221,19991221,20000811,20000331,0,0,0,"",2021,0
"Buren","H","01","Eenmanszaak","56101","Restaurants","","","","","","",0,0,20191119,20000811,20190701,0,0,"",0,0
"Wijchen","H","01","Eenmanszaak","4120","Algemene burgerlijke en utiliteitsbouw","88101","Thuiszorg","","","","",0,0,20000814,20000821,20100701,0,0,"",0,0
"Zevenaar","H","01","Eenmanszaak","0129","Teelt van overige meerjarige gewassen","46696","Groothandel in emballage","01193","Teelt van voedergewassen","N","N",0,0,20000814,20000801,0,0,20090911,"",0,0
"Hardinxveld-Giessendam","H","41","Besloten vennootschap met gewone structuur","85592","Bedrijfsopleiding en -training","","","","","","",20020423,20020423,20020318,20000801,20210113,0,20020423,"",2021,20220530
"Culemborg","H","11","Vennootschap onder firma","88992","Maatschappelijk werk","86221","Praktijken medisch spec./med. dagbehand.","","","N","N",20000101,0,20140412,20000101,20080901,0,0,"",0,0
"Schinveld","","74","Stichting","94911","Religieuze organisaties","","","","","","",19560128,19560128,0,0,0,0,0,"",0,0
"Maastricht","H","41","Besloten vennootschap met gewone structuur","8010","Particuliere beveiliging","","","","","N","N",20000807,20000807,20000810,20000807,0,0,0,"",2020,20211229
"Mheer","","74","Stichting","94997","Overige belangenbehartiging (rest)","","","","","","",20000802,20000802,0,0,0,0,0,"",0,0
"Susteren","H","41","Besloten vennootschap met gewone structuur","46461","Groothandel in farmaceutische producten","","","","","N","N",20001109,20001109,20000810,20000301,20100801,0,20001109,"",2020,20211029
"Susteren","H","41","Besloten vennootschap met gewone structuur","46461","Groothandel in farmaceutische producten","","","","","N","N",20001109,20001109,20000810,20000301,20100801,0,20001109,"",2020,20211029
"Nuth","H","41","Besloten vennootschap met gewone structuur","7112","Ingenieurs/overig techn. ontwerp/advies","74103","Interieur- en ruimtelijk ontwerp","","","N","N",20041222,20041222,20000810,20000701,20070901,0,20041222,"",2020,20211108
"Urmond","","71","Vereniging met volledige rechtsbevoegdheid","93149","Overige binnensport en omnisport","","","","","","",20000809,20000809,0,0,0,0,0,"",0,0
"Simpelveld","","71","Vereniging met volledige rechtsbevoegdheid","94992","Hobbyclubs","","","","","","",19540801,20000808,0,0,0,0,0,"",0,0
"Beek","H","01","Eenmanszaak","47761","Winkels bloemen/planten/zaden/tuinbenod.","47591","Winkels in meubels","47991","Colportage","N","N",0,0,20000811,20000811,20210801,0,0,"",0,0
"Sittard","H","11","Vennootschap onder firma","47789","Winkels gespec. in overige art. (rest)","4777","Winkels in juweliersartikelen/uurwerken","47722","Winkels in lederwaren en reisartikelen","N","N",20050701,0,20000811,20000811,0,0,20050701,"",0,0
"Venlo","H","01","Eenmanszaak","96022","Schoonheidsverzorging/pedi-/manicures","","","","","N","N",0,0,20000811,20000811,20190528,0,0,"",0,0
"Tilburg","H","41","Besloten vennootschap met gewone structuur","69101","Advocatenkantoren, bewindv. en curatoren","","","","","","",20000801,20000801,20020912,20000801,20080701,0,0,"",2021,20220518
"Wijchen","H","41","Besloten vennootschap met gewone structuur","46499","GH ov. consumentenart. (non-food) (rest)","1729","Verv. overige papier- en kartonwaren","","","N","N",20000825,20000825,20051010,20000809,20051010,0,20000825,"",2021,20220225
"Helmond","H","41","Besloten vennootschap met gewone structuur","4652","GH elektronische/telecommunicatieapp.","","","","","J","J",20000808,20000808,20000810,20000808,20130917,0,0,"",2020,20211112
"Schijndel","H","41","Besloten vennootschap met gewone structuur","70222","Advisering ohgv management/bedrijfsv.","78202","Uitleenbureaus","","","","",20000807,20000807,20000809,20000807,20071203,0,0,"",2020,20211025
"Helmond","H","41","Besloten vennootschap met gewone structuur","46471","Groothandel in huismeubilair","","","","","J","N",20000802,20000802,20000810,20000802,20220409,0,0,"",2020,20220127
"Aarle-Rixtel","H","41","Besloten vennootschap met gewone structuur","6420","Financiële holdings","","","","","","",20000726,20000726,20000809,20000726,20041123,0,0,"",2020,20211228
"Geldrop","H","41","Besloten vennootschap met gewone structuur","6420","Financiële holdings","","","","","","",20000804,20000804,20000809,20000804,20071113,0,0,"",2021,20220518
"'s-Hertogenbosch","H","01","Eenmanszaak","7112","Ingenieurs/overig techn. ontwerp/advies","","","","","N","N",0,0,20000811,20000811,20120810,0,0,"",0,0
"Sint-Michielsgestel","H","41","Besloten vennootschap met gewone structuur","70221","Organisatie-adviesbureaus","","","","","N","N",20001012,20001012,20000811,20000811,20110101,0,20001012,"",2020,20220531
"Veghel","H","01","Eenmanszaak","4333","Afwerking van vloeren en wanden","","","","","N","N",0,0,20000814,20000814,0,0,0,"",0,0
"Sint-Michielsgestel","H","01","Eenmanszaak","8219","Secretariële dienstverlening","4618","HB gespecialiseerd in overige goederen","","","N","N",0,0,20000814,20000815,20151030,0,0,"",0,0
"Luyksgestel","H","01","Eenmanszaak","4941","Goederenvervoer over weg (geen verhuiz.)","53202","Koeriers","4120","Algemene burgerlijke en utiliteitsbouw","","",0,0,20000814,20000814,20041206,0,0,"",0,0
"Zaltbommel","H","01","Eenmanszaak","90011","Beoefening van podiumkunst","85599","Studiebegeleiding/vorming/onderwijs","","","N","N",0,0,20190409,20000814,20190314,0,0,"",0,0
"Sint Hubert","H","01","Eenmanszaak","8130","Landschapsverzorging","","","","","N","N",0,0,20000814,20000814,0,0,0,"",0,0
"Nuenen","H","01","Eenmanszaak","9609","Overige dienstverlening (rest)","","","","","","",0,0,20000814,20000801,20160801,0,0,"",0,0
"Raamsdonksveer","H","41","Besloten vennootschap met gewone structuur","64303","Beleggingsinst. met beperkte toetreding","","","","","","",20000710,20000710,20071222,20000710,0,0,0,"",2020,20220110
"Tilburg","H","01","Eenmanszaak","56102","Fastfoodrest, cafet, ijssal, eetkr e.d.","","","","","","",0,0,20000811,20000804,20200401,0,0,"",0,0
"Nieuwendijk","H","41","Besloten vennootschap met gewone structuur","70102","Holdings (geen financiële)","69203","Boekhoudkantoren","70221","Organisatie-adviesbureaus","","",20001213,20001213,20000811,20000701,20090101,0,20001213,"",2020,20210805
"Tilburg","H","41","Besloten vennootschap met gewone structuur","7490","Overige special. zakelijke dienstverl.","","","","","","",20001113,20001113,20000811,20000801,0,0,20001113,"",2020,20210609
"Tilburg","H","01","Eenmanszaak","70221","Organisatie-adviesbureaus","","","","","","",0,0,20000811,20000818,0,0,0,"",0,0
"Ulvenhout AC","H","01","Eenmanszaak","8130","Landschapsverzorging","0161","Dienstverl. akker- en/of tuinbouw","","","","",0,0,20071222,20000814,0,0,0,"",0,0
"Hoeven","H","61","Coöperatie","94997","Overige belangenbehartiging (rest)","","","","","","",20000331,20000331,20000811,20000331,20030101,0,0,"",2020,20211026
"St. Willebrord","H","01","Eenmanszaak","4120","Algemene burgerlijke en utiliteitsbouw","","","","","","",0,0,20000811,20000817,20020506,0,0,"",0,0
"Oudenbosch","H","01","Eenmanszaak","46494","Groothandel in speelgoed","47999","DH via overige distributievormen","","","J","J",0,0,20000811,20000807,20020514,0,0,"",0,0
"Breda","H","01","Eenmanszaak","5920","Maken en uitgeven van geluidsopnamen","","","","","","",0,0,20000814,20000814,20161223,0,0,"",0,0
"St. Willebrord","H","01","Eenmanszaak","70221","Organisatie-adviesbureaus","7112","Ingenieurs/overig techn. ontwerp/advies","85592","Bedrijfsopleiding en -training","","",0,0,20000814,20000801,20200703,0,0,"",0,0
"Breda","","74","Stichting","91021","Musea","","","","","","",20000707,20000707,0,0,0,0,0,"",0,0
"Kwadendamme","N","11","Vennootschap onder firma","1071","Verv. brood en vers banketbakkerswerk","","","","","N","N",19980101,0,20000811,19510903,0,0,20000701,"",0,0
"Terneuzen","","71","Vereniging met volledige rechtsbevoegdheid","90011","Beoefening van podiumkunst","","","","","","",20000712,20000712,0,0,0,0,0,"",0,0
"Rotterdam","H","41","Besloten vennootschap met gewone structuur","64303","Beleggingsinst. met beperkte toetreding","6420","Financiële holdings","","","N","N",20000803,20000803,20000811,20000803,20220103,0,0,"",2021,20220502
"Rotterdam","H","41","Besloten vennootschap met gewone structuur","66193","Hypotheek-/kredietbem./bankagentschappen","","","","","N","N",20001025,20001025,20000811,20000801,20121029,0,20001025,"",2020,20210518
"Rotterdam","H","41","Besloten vennootschap met gewone structuur","46311","Groothandel in groenten en fruit","","","","","J","J",20011010,20011010,20000811,20000801,20000801,0,20011010,"",2020,20211229
"Ridderkerk","H","01","Eenmanszaak","7490","Overige special. zakelijke dienstverl.","86919","Overige paramedische praktijken","","","N","N",0,0,20050708,20000801,20140305,0,0,"",0,0
"Barendrecht","H","01","Eenmanszaak","7500","Veterinaire dienstverlening","","","","","N","N",0,0,20000811,20000811,0,0,0,"",0,0
"Rotterdam","H","01","Eenmanszaak","6202","Advisering ohgv informatietechnologie","85599","Studiebegeleiding/vorming/onderwijs","","","N","N",0,0,20000811,20000811,20210402,0,0,"",0,0
"Zwijndrecht","","74","Stichting","68204","Verh. onroerend goed (niet v woonruimte)","","","","","","",20000810,20000810,0,0,0,0,0,"",0,0
"Culemborg","H","01","Eenmanszaak","9002","Dienstverlening voor uitvoerende kunst","","","","","N","N",0,0,20131211,20000811,20131121,0,20030630,"",0,0
"Rotterdam","H","01","Eenmanszaak","6201","Ontwikkelen/produceren/uitgeven software","78201","Uitzendbureaus","78202","Uitleenbureaus","N","N",0,0,20000814,20000815,20120630,0,0,"",0,0
"Vlaardingen","","74","Stichting","94997","Overige belangenbehartiging (rest)","","","","","","",20000808,20000808,0,0,0,0,0,"",0,0
"Rotterdam","H","01","Eenmanszaak","5222","Dienstverlening voor vervoer over water","","","","","N","N",0,0,20000814,20000725,0,0,0,"",0,0
"Rotterdam","H","01","Eenmanszaak","5222","Dienstverlening voor vervoer over water","","","","","N","N",0,0,20000814,20000810,0,0,0,"",0,0
"Rotterdam","H","41","Besloten vennootschap met gewone structuur","5630","Cafés","5621","Eventcatering","56101","Restaurants","N","N",20000728,20000728,20000814,20000728,20210501,0,0,"",2020,20220213
"Gouda","","71","Vereniging met volledige rechtsbevoegdheid","93141","Individuele zaalsport","","","","","","",20000531,20000810,0,0,0,0,0,"",0,0
"Bodegraven","H","01","Eenmanszaak","4332","Bouwtimmeren","","","","","","",0,0,20070102,20000821,20070101,0,0,"",0,0
"Dordrecht","H","11","Vennootschap onder firma","4120","Algemene burgerlijke en utiliteitsbouw","","","","","N","N",20000821,0,20000814,20000821,20100122,0,0,"",0,0
"Hardinxveld-Giessendam","H","01","Eenmanszaak","46499","GH ov. consumentenart. (non-food) (rest)","4339","Overige afwerking van gebouwen","47999","DH via overige distributievormen","","",0,0,20000814,20000814,20200101,0,0,"",0,0
"Amsterdam","H","41","Besloten vennootschap met gewone structuur","6420","Financiële holdings","","","","","N","N",20000803,20000803,20070306,20000803,20080229,0,0,"",2020,20211229
"'S-GRAVENHAGE","H","01","Eenmanszaak","86913","Praktijken van psychotherapeuten/-logen","","","","","N","N",0,0,20000809,20000101,20190901,0,0,"",0,0
"Nootdorp","","74","Stichting","93195","Organiseren van sportevenementen","","","","","","",20000807,20000807,0,0,0,0,0,"",0,0
"'s-Gravenhage","","74","Stichting","64301","Beleggingsinstell. in financiële activa","","","","","","",20000724,20000724,0,0,0,0,0,"",0,0
"'s-Gravenhage","H","41","Besloten vennootschap met gewone structuur","20149","Verv. overige organ. basischemicaliën","","","","","N","N",20000711,20000711,20000811,20000711,0,0,0,"",2020,20211020
"Ioannina","","74","Stichting","85599","Studiebegeleiding/vorming/onderwijs","","","","","","",20000802,20000802,0,0,0,0,0,"",0,0
"Monster","H","01","Eenmanszaak","46699","GH ov.mach./app./toeb. ind./handel","","","","","J","J",0,0,20000811,20000801,20140901,0,0,"",0,0
"'s-Gravenhage","H","01","Eenmanszaak","4332","Bouwtimmeren","","","","","N","N",0,0,20000811,20000814,20051121,0,0,"",0,0
"Leidschendam","H","11","Vennootschap onder firma","92009","Exploitatie amusements-/speelautomaten","4120","Algemene burgerlijke en utiliteitsbouw","","","N","N",20000811,0,20000811,20000811,20080301,0,0,"",0,0
"De Lier","H","11","Vennootschap onder firma","69203","Boekhoudkantoren","","","","","N","N",20020901,0,20000811,20000809,20020703,0,20020901,"",0,0
"Rijswijk","H","41","Besloten vennootschap met gewone structuur","8553","Auto- en motorrijscholen","","","","","N","N",20001106,20001106,20000814,20000726,20080201,0,20001106,"",2020,20210312
"'s-Gravenhage","H","01","Eenmanszaak","7311","Reclamebureaus","93125","Paardensport en maneges","8891","Kinderopvang","N","N",0,0,20000814,20000814,20080416,0,0,"",0,0
"De Lier","","74","Stichting","9002","Dienstverlening voor uitvoerende kunst","","","","","","",20000811,20000811,0,0,0,0,0,"",0,0
"'s-Gravenhage","H","01","Eenmanszaak","31011","Interieurbouw","","","","","N","N",0,0,20000814,20000814,20210831,0,0,"",0,0
"Rijswijk","H","01","Eenmanszaak","4120","Algemene burgerlijke en utiliteitsbouw","43221","Loodg.- en fitterswerk; inst. sanitair","","","N","N",0,0,20000814,20000801,20150501,0,0,"",0,0
"Halfweg","H","41","Besloten vennootschap met gewone structuur","6190","Overige telecommunicatie","4222","Leggen van elektr.-/telecom.kabels","","","N","N",20000814,20000814,20001122,20000814,20160425,0,0,"",2020,20210715
"Zoetermeer","H","41","Besloten vennootschap met gewone structuur","46435","Groothandel in beeld- en geluidsdragers","","","","","J","J",20001213,20001213,20000814,20000814,0,0,20001213,"",2020,20220309
"Leiden","","74","Stichting","66191","Admin.kantoren voor aandelen/obligaties","","","","","","",20000731,20000731,0,0,0,0,0,"",0,0
"Alphen aan den Rijn","H","01","Eenmanszaak","4120","Algemene burgerlijke en utiliteitsbouw","","","","","N","N",0,0,20000811,20000811,0,0,0,"",0,0
"Amsterdam","H","41","Besloten vennootschap met gewone structuur","70221","Organisatie-adviesbureaus","","","","","N","N",20030521,20030521,20030501,20000811,20180101,0,20030521,"",2020,20220314
"Alphen aan den Rijn","H","01","Eenmanszaak","93212","Kermisattracties","47591","Winkels in meubels","56102","Fastfoodrest, cafet, ijssal, eetkr e.d.","N","N",0,0,20070124,20000401,20060705,0,20060705,"",0,0
"Nieuw-Vennep","H","01","Eenmanszaak","43993","Metselen en voegen","","","","","N","N",0,0,20011116,20000821,20171213,0,0,"",0,0
"Leiderdorp","H","01","Eenmanszaak","43992","Vlechten van betonstaal","","","","","N","N",0,0,20000814,20000821,20201024,0,0,"",0,0
"Blaricum","H","01","Eenmanszaak","70221","Organisatie-adviesbureaus","","","","","","",0,0,20210609,20000801,20210609,0,0,"",0,0
"Wijk bij Duurstede","H","41","Besloten vennootschap met gewone structuur","70101","Concerndiensten binnen eigen concern","","","","","","",20001005,20001005,20050419,20000801,20161001,0,20001005,"",2020,20211101
"Maarn","H","01","Eenmanszaak","7112","Ingenieurs/overig techn. ontwerp/advies","85592","Bedrijfsopleiding en -training","59111","Prod. films (geen televisiefilms)","","",0,0,20000811,20000801,20160401,0,0,"",0,0
"Doorn","H","01","Eenmanszaak","70221","Organisatie-adviesbureaus","","","","","","",0,0,20000811,20000811,20080801,0,0,"",0,0
"Woerden","H","01","Eenmanszaak","4120","Algemene burgerlijke en utiliteitsbouw","","","","","","",0,0,20000811,20000814,20200103,0,0,"",0,0
"Werkhoven","H","41","Besloten vennootschap met gewone structuur","72193","Speur-/ontw.werk ohgv gezondh./voeding","","","","","","",20000921,20000921,20090903,20000301,20090903,0,20000921,"",2020,20211209
"Utrecht","H","01","Eenmanszaak","5811","Uitgeverijen van boeken","","","","","","",0,0,20000811,20000811,0,0,0,"",0,0
"Zeist","H","41","Besloten vennootschap met gewone structuur","4120","Algemene burgerlijke en utiliteitsbouw","","","","","","",20000821,20000821,20000814,20000804,20080929,0,20000821,"",2021,20220302
"Bosch en Duin","H","41","Besloten vennootschap met gewone structuur","6612","Commissionairs/makelaars in effecten ed","","","","","","",20010109,20010109,20000814,20000605,20070901,0,20010109,"",2018,20200506
"IJsselstein","H","41","Besloten vennootschap met gewone structuur","6832","Beheer van onroerend goed","","","","","","",20010110,20010110,20000814,20000605,20101203,0,20010110,"",2020,20211129
"Utrecht","H","41","Besloten vennootschap met gewone structuur","43222","Inst. verwarmings-/luchtbehandelingsapp.","70102","Holdings (geen financiële)","","","","",20001114,20001114,20000814,20000101,20130101,0,20001114,"",2021,20220519
"Oudewater","H","01","Eenmanszaak","4120","Algemene burgerlijke en utiliteitsbouw","47999","DH via overige distributievormen","","","","",0,0,20000814,20000814,20050913,0,0,"",0,0
"Bilthoven","H","01","Eenmanszaak","9609","Overige dienstverlening (rest)","","","","","","",0,0,20000814,20000821,20130625,0,0,"",0,0
"Vianen","H","01","Eenmanszaak","8121","Interieurreiniging van gebouwen","","","","","N","N",0,0,20000814,20000814,0,0,0,"",0,0
"IJsselstein","H","01","Eenmanszaak","4932","Vervoer per taxi","","","","","","",0,0,20000814,20000811,20060524,0,0,"",0,0
"IJsselstein","H","01","Eenmanszaak","70222","Advisering ohgv management/bedrijfsv.","","","","","","",0,0,20000814,20000814,0,0,0,"",0,0
"Abcoude","H","41","Besloten vennootschap met gewone structuur","6832","Beheer van onroerend goed","","","","","","",20000918,20000918,20000814,20000803,0,0,20000918,"",2020,20210407
"Utrecht","H","41","Besloten vennootschap met gewone structuur","66191","Admin.kantoren voor aandelen/obligaties","","","","","","",20000803,20000803,20000814,20000803,20150706,0,0,"",2020,20210621
"Bussum","H","01","Eenmanszaak","46699","GH ov.mach./app./toeb. ind./handel","","","","","","",0,0,20000811,20000815,0,0,0,"",0,0
"Zoetermeer","H","11","Vennootschap onder firma","8560","Dienstverlening voor het onderwijs","","","","","N","N",20000810,0,20001103,20000810,20000913,0,0,"",0,0
"Warffum","H","01","Eenmanszaak","9003","Schrijven en overige scheppende kunst","85592","Bedrijfsopleiding en -training","","","","",0,0,20170403,20000701,20170322,0,0,"",0,0
"Soest","H","41","Besloten vennootschap met gewone structuur","64303","Beleggingsinst. met beperkte toetreding","6630","Vermogensbeheer","","","N","N",20090331,20090331,20000811,20000801,20110601,0,20090331,"",2020,20211108
"Soest","H","01","Eenmanszaak","96022","Schoonheidsverzorging/pedi-/manicures","","","","","","",0,0,20000811,20000811,20200101,0,0,"",0,0
"Huizen","H","41","Besloten vennootschap met gewone structuur","6420","Financiële holdings","65111","Levensverzekeringen (geen herverzekeren)","","","","",20001128,20001128,20000811,20000801,20200401,0,20001128,"",2020,20220429
"Baarn","H","41","Besloten vennootschap met gewone structuur","6420","Financiële holdings","","","","","","",20000802,20000802,20000811,20000802,0,0,0,"",2020,20220107
"Leusden","H","41","Besloten vennootschap met gewone structuur","70221","Organisatie-adviesbureaus","","","","","","",20000810,20000810,20000811,20000810,0,0,0,"",2020,20211222
"'s-Gravenhage","","74","Stichting","66191","Admin.kantoren voor aandelen/obligaties","","","","","","",20000802,20000802,0,0,0,0,0,"",0,0
"Alphen aan den Rijn","H","41","Besloten vennootschap met gewone structuur","6810","Handel in eigen onroerend goed","","","","","","",20000804,20000804,20001009,20000804,20171101,0,0,"",2020,20220124
"Amersfoort","H","01","Eenmanszaak","46741","Groothandel in ijzer- en metaalwaren","46693","GH verbrandingsmotoren/pompen/compress.","46694","GH appendages/technische toebehoren e.d.","","",0,0,20000811,20000811,20030926,0,0,"",0,0
"Amersfoort","H","41","Besloten vennootschap met gewone structuur","6420","Financiële holdings","","","","","","",20000801,20000801,20000814,20000801,20090101,0,0,"",2020,20211202
"Amersfoort","H","41","Besloten vennootschap met gewone structuur","69203","Boekhoudkantoren","","","","","N","N",20000801,20000801,20030602,20000801,20160930,0,0,"",2020,20220513
"Amsterdam","H","41","Besloten vennootschap met gewone structuur","6420","Financiële holdings","","","","","N","N",20000801,20000801,20151001,20000801,20200801,0,0,"",2020,20210602
"Naarden","","74","Stichting","66191","Admin.kantoren voor aandelen/obligaties","","","","","","",20000517,20000517,0,0,0,0,0,"",0,0
"Huizen","H","01","Eenmanszaak","4332","Bouwtimmeren","","","","","","",0,0,20000814,20000821,20041231,0,0,"",0,0
"Amersfoort","H","01","Eenmanszaak","90011","Beoefening van podiumkunst","","","","","N","N",0,0,20000814,20000814,20140701,0,0,"",0,0
"Woudenberg","H","41","Besloten vennootschap met gewone structuur","47593","Winkels art. woninginrichting alg. ass.","46472","GH woningtextiel en vloerbedekking","","","N","N",20030528,20030528,20000814,20000815,20200525,0,20030528,"",2020,20211207
"Amsterdam","H","41","Besloten vennootschap met gewone structuur","7112","Ingenieurs/overig techn. ontwerp/advies","4652","GH elektronische/telecommunicatieapp.","6209","Ov. dienstv. act. ohgv informatietechn.","N","N",19980723,19980723,20000811,19971101,20140901,0,0,"",2021,20220422
"Amsterdam","H","41","Besloten vennootschap met gewone structuur","46421","Groothandel in bovenkleding","","","","","N","N",20000728,20000728,20000811,20000728,20000728,0,0,"",2017,20180607
"Ouderkerk aan de Amstel","H","41","Besloten vennootschap met gewone structuur","6420","Financiële holdings","","","","","N","N",20000630,20000630,20000811,20000630,20090101,0,0,"",2020,20220215
"Alkmaar","H","41","Besloten vennootschap met gewone structuur","6420","Financiële holdings","","","","","N","N",20000803,20000803,20060130,20000803,20060301,0,0,"",2020,20210531
"Amsterdam","H","01","Eenmanszaak","59111","Prod. films (geen televisiefilms)","90012","Producenten van podiumkunst","","","N","N",0,0,20000811,20000811,0,0,0,"",0,0
"Alkmaar","H","41","Besloten vennootschap met gewone structuur","6420","Financiële holdings","64303","Beleggingsinst. met beperkte toetreding","","","N","N",20000807,20000807,20151211,20000807,20151201,0,0,"",2020,20220613
"Amsterdam","H","41","Besloten vennootschap met gewone structuur","6420","Financiële holdings","64303","Beleggingsinst. met beperkte toetreding","","","N","N",20000807,20000807,20000811,20000807,20151201,0,0,"",2020,20220613
"Schiphol-Rijk","H","94","Buitenl. EG-venn. met onderneming in Nederland","4652","GH elektronische/telecommunicatieapp.","4651","GH computers, randapparatuur en software","","","N","N",0,0,20000811,20000701,20160101,0,0,"",0,0
"Haarlem","H","01","Eenmanszaak","69101","Advocatenkantoren, bewindv. en curatoren","85592","Bedrijfsopleiding en -training","","","N","N",0,0,20000811,20000615,20090225,0,0,"",0,0
"Wormer","H","01","Eenmanszaak","47761","Winkels bloemen/planten/zaden/tuinbenod.","74103","Interieur- en ruimtelijk ontwerp","","","N","N",0,0,20000811,20000801,0,0,0,"",0,0
"Amsterdam","","74","Stichting","69209","Overige administratiekantoren","","","","","","",20000728,20000728,0,0,0,0,0,"",0,0
"IJmuiden","H","01","Eenmanszaak","43221","Loodg.- en fitterswerk; inst. sanitair","","","","","N","N",0,0,20000811,20000801,20211125,0,0,"",0,0
"Amsterdam","H","51","Naamloze vennootschap met gewone structuur","6420","Financiële holdings","","","","","N","N",20000803,20000803,20000811,20000803,20181001,0,0,"",2020,20220428
"Hoorn","H","01","Eenmanszaak","4331","Stukadoren","","","","","N","N",0,0,20150728,20000807,20150728,0,0,"",0,0
"Tuitjenhorn","H","41","Besloten vennootschap met gewone structuur","4120","Algemene burgerlijke en utiliteitsbouw","","","","","N","N",20001101,20001101,20110128,20000727,20200301,0,20001101,"",2020,20210326
"Amsterdam","H","01","Eenmanszaak","74103","Interieur- en ruimtelijk ontwerp","7490","Overige special. zakelijke dienstverl.","","","N","N",0,0,20000811,20000811,20150311,0,0,"",0,0
"Utrecht","H","41","Besloten vennootschap met gewone structuur","6202","Advisering ohgv informatietechnologie","","","","","N","N",20001120,20001120,20050415,20000811,20130701,0,20001120,"",2019,20210521
"Uitgeest","H","01","Eenmanszaak","4333","Afwerking van vloeren en wanden","47999","DH via overige distributievormen","5912","Facilitaire activ. voor film-/tv-prod.","N","N",0,0,20000811,20000811,20200411,0,0,"",0,0
"Amsterdam","H","11","Vennootschap onder firma","90012","Producenten van podiumkunst","","","","","N","N",20000401,0,20000814,20000401,0,0,0,"",0,0
"Amsterdam","H","41","Besloten vennootschap met gewone structuur","6420","Financiële holdings","","","","","N","N",20000919,20000919,20000814,20000803,20080715,0,20000919,"",2020,20211206
"Santpoort-Noord","H","01","Eenmanszaak","69203","Boekhoudkantoren","","","","","N","N",0,0,20000814,20000821,20040501,0,0,"",0,0
"Amstelveen","H","01","Eenmanszaak","7021","Adviesbureaus publ. relations en comm.","70221","Organisatie-adviesbureaus","85592","Bedrijfsopleiding en -training","N","N",0,0,20000814,20000814,0,0,0,"",0,0
"Aalsmeer","H","41","Besloten vennootschap met gewone structuur","52109","Opslag in distr.centra en overige opslag","52291","Expediteurs/cargadoors/bevrachters e.d.","","","N","N",20070904,20070904,20000814,20000814,20210201,0,20070904,"",2019,20200713
"Westzaan","","74","Stichting","64301","Beleggingsinstell. in financiële activa","","","","","","",20000807,20000807,0,0,0,0,0,"",0,0
"Hoofddorp","H","41","Besloten vennootschap met gewone structuur","70221","Organisatie-adviesbureaus","6311","Gegevensverw./webhosting/aanverw. activ.","78201","Uitzendbureaus","N","N",20000929,20000929,20000814,20000801,0,0,20000929,"",2020,20220519
"Koog aan de Zaan","H","01","Eenmanszaak","4332","Bouwtimmeren","","","","","N","N",0,0,20000814,20000814,20160803,0,0,"",0,0
"Amsterdam","H","01","Eenmanszaak","7311","Reclamebureaus","","","","","N","N",0,0,20000814,20000814,20080226,0,0,"",0,0
"Amsterdam","H","41","Besloten vennootschap met gewone structuur","6420","Financiële holdings","","","","","N","N",20000808,20000808,20000814,20000808,20150201,0,0,"",2020,20211125
"Amsterdam","H","41","Besloten vennootschap met gewone structuur","6420","Financiële holdings","","","","","N","N",20000809,20000809,20220119,20000809,20211231,0,0,"",2020,20211220
"Haarlem","H","01","Eenmanszaak","96021","Haarverzorging","","","","","N","N",0,0,20000814,20000814,20001014,0,0,"",0,0
"Westbeemster","H","11","Vennootschap onder firma","0111","Teelt granen/peulvruchten/olieh. zaden","4332","Bouwtimmeren","","","N","N",19980101,0,20000810,19800101,0,0,19980101,"",0,0
"Graft","H","01","Eenmanszaak","4312","Grondverzet","0162","Dienstverl. voor fokken en houden dieren","","","N","N",0,0,20000811,20000812,20140805,0,0,"",0,0
"Julianadorp","","74","Stichting","94997","Overige belangenbehartiging (rest)","","","","","","",20000712,20000712,0,0,0,0,0,"",0,0
"Slootdorp","H","01","Eenmanszaak","0161","Dienstverl. akker- en/of tuinbouw","","","","","","",0,0,20000811,20000811,0,0,0,"",0,0
"Oudega","H","01","Eenmanszaak","4332","Bouwtimmeren","4321","Elektrotechnische bouwinstallatie","","","N","N",0,0,20071126,20000814,20071029,0,20060101,"",0,0
"Edam","H","41","Besloten vennootschap met gewone structuur","70102","Holdings (geen financiële)","","","","","N","N",20000918,20000918,20000814,20000814,0,0,20000918,"",2021,20220330
"Alphen aan den Rijn","H","41","Besloten vennootschap met gewone structuur","70102","Holdings (geen financiële)","6420","Financiële holdings","5812","Databanken","","",20000828,20000828,20201201,20000713,20201201,0,20000828,"",2019,20200813
"Almere","","74","Stichting","94997","Overige belangenbehartiging (rest)","","","","","","",20000728,20000728,0,0,0,0,0,"",0,0
"Rotterdam","H","41","Besloten vennootschap met gewone structuur","6201","Ontwikkelen/produceren/uitgeven software","78202","Uitleenbureaus","6202","Advisering ohgv informatietechnologie","N","N",20000828,20000828,20220401,20000501,20220331,0,20000828,"",2021,20220224
"Emmeloord","H","41","Besloten vennootschap met gewone structuur","47793","Winkels tweedeh. goederen (geen kleding)","","","","","N","N",20000904,20000904,20000811,20000701,20031105,0,20000904,"",2020,20211231
"Eindhoven","H","01","Eenmanszaak","4120","Algemene burgerlijke en utiliteitsbouw","","","","","","",0,0,20190215,20000811,20190207,0,0,"",0,0
"Almere","H","01","Eenmanszaak","4120","Algemene burgerlijke en utiliteitsbouw","4332","Bouwtimmeren","","","N","N",0,0,20000814,20000814,0,0,0,"",0,0
"Almere","H","01","Eenmanszaak","4120","Algemene burgerlijke en utiliteitsbouw","4332","Bouwtimmeren","","","N","N",0,0,20000814,20000814,0,0,0,"",0,0
"Almere","H","01","Eenmanszaak","96021","Haarverzorging","","","","","","",0,0,20000814,20000814,0,0,0,"",0,0
"Wjelsryp","H","01","Eenmanszaak","4120","Algemene burgerlijke en utiliteitsbouw","78202","Uitleenbureaus","","","N","N",0,0,20000815,20000821,20030601,0,0,"",0,0
"Groningen","H","41","Besloten vennootschap met gewone structuur","43999","Overige gespec. werkz. in de bouw (rest)","7112","Ingenieurs/overig techn. ontwerp/advies","","","N","N",20070309,20070309,20031024,20000821,20180101,0,20070309,"",2016,20171123
"Drachten","H","41","Besloten vennootschap met gewone structuur","5914","Bioscopen","","","","","N","N",20081230,20081230,20000814,20000801,0,0,20081230,"",2020,20220113
"Dronryp","","74","Stichting","94993","Steunfondsen (niet ohgv welzijnszorg)","","","","","","",15110101,15110101,0,0,0,0,0,"",0,0
"Hoogezand","N","11","Vennootschap onder firma","47763","Winkels dier(benodigdhed)en/hengelsp.art","","","","","N","N",19970101,0,20000815,19990101,0,0,0,"",0,0
"Veendam","H","01","Eenmanszaak","4723","Winkels in vis","47819","Markthandel overige voedings- en genotm.","","","","",0,0,20000815,20000101,20060501,0,0,"",0,0
"Hoogeveen","","74","Stichting","69209","Overige administratiekantoren","","","","","","",20000808,20000808,0,0,0,0,0,"",0,0
"Beilen","H","01","Eenmanszaak","4332","Bouwtimmeren","","","","","","",0,0,20000815,20000801,0,0,0,"",0,0
"Assen","H","41","Besloten vennootschap met gewone structuur","6831","Bemidd. bij handel/huur/verhuur onr.goed","64922","Volkskredietbanken/commerciële financ.","64301","Beleggingsinstell. in financiële activa","","",20090529,20090529,20000815,20000815,20120611,0,20090529,"",2020,20210608
"'s-Heerenberg","H","41","Besloten vennootschap met gewone structuur","85522","Kunstzinnige vorming voor amateurs","","","","","N","N",20010521,20010521,20010904,20000701,20010901,0,20010521,"",2020,20211106
"Enter","H","41","Besloten vennootschap met gewone structuur","6420","Financiële holdings","","","","","N","N",20000810,20000810,20000814,20000810,20191101,0,0,"",2020,20210602
"Rotterdam","H","41","Besloten vennootschap met gewone structuur","6201","Ontwikkelen/produceren/uitgeven software","7740","Lease niet-financiële immateriële activa","","","N","N",20000809,20000809,20200804,20000809,20200801,0,0,"",2019,20200527
"Putten","H","01","Eenmanszaak","43222","Inst. verwarmings-/luchtbehandelingsapp.","","","","","N","N",0,0,20000814,20000821,0,0,0,"",0,0
"'s-Gravenhage","H","01","Eenmanszaak","6201","Ontwikkelen/produceren/uitgeven software","6312","Webportals","","","N","N",0,0,20160112,20000814,20190106,0,0,"",0,0
"Ede","H","41","Besloten vennootschap met gewone structuur","6420","Financiële holdings","","","","","","",20010326,20010326,20000814,20000101,20000101,0,20010326,"",2020,20211013
"Ede","H","41","Besloten vennootschap met gewone structuur","6420","Financiële holdings","","","","","","",20010326,20010326,20000814,20000101,20210401,0,20010326,"",2020,20211027
"Oosterbeek","","74","Stichting","6612","Commissionairs/makelaars in effecten ed","","","","","","",20000810,20000810,0,0,0,0,0,"",0,0
"Ede","H","41","Besloten vennootschap met gewone structuur","6420","Financiële holdings","","","","","","",20010326,20010326,20000814,20000101,20000101,0,20010326,"",2020,20211013
"Ede","H","41","Besloten vennootschap met gewone structuur","6622","Assurantietussenpersonen","70221","Organisatie-adviesbureaus","","","","",20010326,20010326,20000814,20000101,20000101,0,20010326,"",2020,20211013
"Brakel","H","01","Eenmanszaak","2562","Algemene metaalbewerking","4120","Algemene burgerlijke en utiliteitsbouw","","","","",0,0,20000815,20000815,20100417,0,0,"",0,0
"Utrecht","H","41","Besloten vennootschap met gewone structuur","7320","Markt- en opinieonderzoekbureaus","","","","","","",20000814,20000814,20001023,20000814,20120323,0,0,"",2020,20211206
"Horst","","74","Stichting","88993","Lokaal welzijnswerk","","","","","","",20000809,20000809,0,0,0,0,0,"",0,0
"Siebengewald","H","01","Eenmanszaak","2562","Algemene metaalbewerking","0161","Dienstverl. akker- en/of tuinbouw","","","N","N",0,0,20000815,20000801,0,0,0,"",0,0
"Roermond","H","11","Vennootschap onder firma","4711","Supermarkten e.d. winkels alg.ass.v.gm.","","","","","N","N",20000816,20000816,20000815,20000816,0,0,0,"",0,0
"Maastricht","","74","Stichting","94911","Religieuze organisaties","","","","","","",20000814,20000814,0,0,0,0,0,"",0,0
"Eygelshoven","H","01","Eenmanszaak","45112","Handel/rep. personen-/lichte bedr.auto's","","","","","N","N",0,0,20000815,20000815,20060901,0,0,"",0,0
"Berkel-Enschot","H","11","Vennootschap onder firma","56102","Fastfoodrest, cafet, ijssal, eetkr e.d.","","","","","","",19960104,0,20001103,19940204,20200301,0,20000815,"",0,0
"Lith","H","41","Besloten vennootschap met gewone structuur","49391","Ongeregeld personenvervoer over de weg","7911","Reisbemiddeling","","","N","N",20000807,20000807,20000810,20000807,20210701,0,0,"",2020,20210630
"Lith","H","41","Besloten vennootschap met gewone structuur","6420","Financiële holdings","","","","","N","N",20000807,20000807,20000810,20000807,0,0,0,"",2020,20211120
"Muiden","H","41","Besloten vennootschap met gewone structuur","2120","Verv. farmaceutische producten","","","","","N","N",20000807,20000807,20101130,20000807,20101118,0,0,"",2019,20211126
"Lith","H","41","Besloten vennootschap met gewone structuur","6420","Financiële holdings","","","","","","",20000807,20000807,20000810,20000807,20201028,0,0,"",2020,20211117
"Zeeland","H","11","Vennootschap onder firma","01411","Houden van melkvee","","","","","","",20000101,0,20000810,19800101,0,0,20000101,"",0,0
"Sambeek","","71","Vereniging met volledige rechtsbevoegdheid","94997","Overige belangenbehartiging (rest)","","","","","","",19570129,20000809,0,0,0,0,0,"",0,0
"Oirschot","H","41","Besloten vennootschap met gewone structuur","68204","Verh. onroerend goed (niet v woonruimte)","","","","","","",20000815,20000815,20000815,20000815,20210302,0,0,"",2020,20210628
"Berghem","H","01","Eenmanszaak","85522","Kunstzinnige vorming voor amateurs","","","","","N","N",0,0,20000815,20000815,0,0,0,"",0,0
"Uden","H","41","Besloten vennootschap met gewone structuur","4617","HB in voedings- en genotmiddelen","4618","HB gespecialiseerd in overige goederen","47911","Internethandel voeding en drogisterij","J","J",20000721,20000721,20000815,19810301,0,0,20000721,"",2020,20210920
"Vinkel","H","41","Besloten vennootschap met gewone structuur","46735","Groothandel in zand en grind","","","","","N","N",20001024,20001024,20000815,19620401,0,0,20001024,"",2020,20210721
"Geldrop","H","01","Eenmanszaak","74201","Fotografie","","","","","","",0,0,20000815,20000815,20030226,0,0,"",0,0
"Uden","H","01","Eenmanszaak","81221","Glazenwassen","","","","","","",0,0,20000815,20000817,20210315,0,0,"",0,0
"Tilburg","H","01","Eenmanszaak","47591","Winkels in meubels","","","","","J","",0,0,20000815,20000815,20091201,0,20000901,"",0,0
"Tilburg","","74","Stichting","70221","Organisatie-adviesbureaus","","","","","","",20000711,20000711,0,0,0,0,0,"",0,0
"De Heen","H","01","Eenmanszaak","0161","Dienstverl. akker- en/of tuinbouw","0150","Akker-/tuinbouw icm fokken/houden dieren","","","","",0,0,20000815,20000601,20150408,0,0,"",0,0
"Breda","H","01","Eenmanszaak","7490","Overige special. zakelijke dienstverl.","","","","","","",0,0,20000815,20000101,0,0,0,"",0,0
"Sprundel","H","41","Besloten vennootschap met gewone structuur","01305","Teelt boomkwekerijgewassen volle grond","","","","","","",20000811,20000811,20000815,20000811,20121001,0,0,"",2021,20220320
"Oosterhout","H","01","Eenmanszaak","4334","Schilderen en glaszetten","9002","Dienstverlening voor uitvoerende kunst","","","","",0,0,20000815,20000815,0,0,20040101,"",0,0
"St. Willebrord","H","01","Eenmanszaak","96022","Schoonheidsverzorging/pedi-/manicures","","","","","","",0,0,20000815,20000815,20050510,0,0,"",0,0
"Fijnaart","H","01","Eenmanszaak","7490","Overige special. zakelijke dienstverl.","","","","","","",0,0,20000815,20000810,0,0,0,"",0,0
"Oostburg","H","01","Eenmanszaak","6622","Assurantietussenpersonen","52291","Expediteurs/cargadoors/bevrachters e.d.","52109","Opslag in distr.centra en overige opslag","N","N",0,0,20000815,20000815,20040709,0,0,"",0,0
"Vogelwaarde","H","01","Eenmanszaak","8291","Kredietinformatie- en incassobureaus","69203","Boekhoudkantoren","","","N","N",0,0,20000815,20000815,20200630,0,20060101,"",0,0
"Yerseke","H","41","Besloten vennootschap met gewone structuur","6420","Financiële holdings","","","","","N","N",20000814,20000814,20000815,20000814,20211018,0,0,"",2020,20211027
"Papendrecht","H","41","Besloten vennootschap met gewone structuur","6420","Financiële holdings","","","","","","",20000808,20000808,20000814,20000808,20050501,0,0,"",2020,20210714
"Berkel en Rodenrijs","H","41","Besloten vennootschap met gewone structuur","6420","Financiële holdings","","","","","N","N",20011018,20011018,20070705,20000815,20070522,0,20011018,"",2020,20211212
"Ermelo","H","41","Besloten vennootschap met gewone structuur","70222","Advisering ohgv management/bedrijfsv.","","","","","N","N",20001019,20001019,20191118,20000815,20190902,0,20001019,"",2020,20220419
"Gouda","H","01","Eenmanszaak","47999","DH via overige distributievormen","","","","","","",0,0,20000815,20000815,0,0,20061120,"",0,0
"Sliedrecht","H","01","Eenmanszaak","4761","Winkels in boeken","","","","","N","N",0,0,20110826,20000815,20110801,0,0,"",0,0
"Sommelsdijk","H","41","Besloten vennootschap met gewone structuur","68204","Verh. onroerend goed (niet v woonruimte)","","","","","","",20000811,20000811,20000815,20000811,20001128,0,0,"",2021,20220504
"Dordrecht","H","01","Eenmanszaak","31011","Interieurbouw","","","","","N","N",0,0,20000815,20000815,20170112,0,0,"",0,0
"Rotterdam","H","01","Eenmanszaak","4932","Vervoer per taxi","","","","","N","N",0,0,20000815,20000815,20080101,0,0,"",0,0
"Naaldwijk","H","41","Besloten vennootschap met gewone structuur","6420","Financiële holdings","","","","","N","N",20000811,20000811,20000814,20000811,0,0,0,"",2020,20211220
"Elim","H","41","Besloten vennootschap met gewone structuur","46499","GH ov. consumentenart. (non-food) (rest)","6420","Financiële holdings","","","N","N",20001228,20001228,20070515,20000801,20070515,0,20001228,"",2020,20211124
"Hoek van Holland","H","41","Besloten vennootschap met gewone structuur","6831","Bemidd. bij handel/huur/verhuur onr.goed","","","","","N","N",20001218,20001218,20200318,20000601,20200301,0,20001218,"",2020,20210608
"Nootdorp","H","01","Eenmanszaak","47789","Winkels gespec. in overige art. (rest)","71203","Overige keuring en controle","81221","Glazenwassen","J","J",0,0,20000815,20000815,20210615,0,0,"",0,0
"'s-Gravenzande","H","01","Eenmanszaak","4120","Algemene burgerlijke en utiliteitsbouw","4332","Bouwtimmeren","","","N","N",0,0,20000815,20000818,20051101,0,0,"",0,0
"Oegstgeest","H","41","Besloten vennootschap met gewone structuur","70221","Organisatie-adviesbureaus","64923","Participatiemaatschappijen","6420","Financiële holdings","N","N",20000802,20000802,20000814,20000802,20140615,0,0,"",2019,20210722
"Haarlem","H","41","Besloten vennootschap met gewone structuur","7112","Ingenieurs/overig techn. ontwerp/advies","78202","Uitleenbureaus","","","N","N",20000928,20000928,20020103,20000815,20150420,0,20000928,"",2020,20210621
"Houten","H","41","Besloten vennootschap met gewone structuur","32502","Verv. medische instr./hulpmiddelen","","","","","","",20001113,20001113,20000814,20000811,0,0,20001113,"",2021,20220408
"Capelle Aan Den IJssel","H","41","Besloten vennootschap met gewone structuur","7810","Arbeidsbemiddeling","","","","","","",20000913,20000913,20101014,20000809,20160216,0,20000913,"",2020,20210519
"Eindhoven","","74","Stichting","86923","Preventieve gezondh.zorg (geen arbobeg.)","","","","","","",19991102,19991102,20121210,0,0,0,0,"",0,0
"Muiden","H","01","Eenmanszaak","9003","Schrijven en overige scheppende kunst","","","","","","",0,0,20150202,20000815,20150201,0,0,"",0,0
"Woerdense Verlaat","H","41","Besloten vennootschap met gewone structuur","6420","Financiële holdings","","","","","N","N",20030528,20030528,20030610,20000801,20160622,0,20030528,"",2021,20220505
"Woerden","H","01","Eenmanszaak","85592","Bedrijfsopleiding en -training","","","","","","",0,0,20000815,20000814,0,0,0,"",0,0
"Veenendaal","H","41","Besloten vennootschap met gewone structuur","6420","Financiële holdings","","","","","","",20000804,20000804,20000815,20000804,0,0,0,"",2021,20220310
"Ankeveen","H","41","Besloten vennootschap met gewone structuur","66191","Admin.kantoren voor aandelen/obligaties","","","","","","",20000728,20000728,20050330,20000728,20050330,0,0,"",2019,20210125
"IJsselstein","H","01","Eenmanszaak","7311","Reclamebureaus","85522","Kunstzinnige vorming voor amateurs","2369","Verv.overige prod. van beton/gips/cement","","",0,0,20000815,20000821,0,0,0,"",0,0
"Nijkerk","","74","Stichting","91042","Natuurbehoud","","","","","","",20000616,20000616,0,0,0,0,0,"",0,0
"Baarn","H","41","Besloten vennootschap met gewone structuur","66191","Admin.kantoren voor aandelen/obligaties","","","","","","",20000807,20000807,20000814,20000807,20060101,0,0,"",2020,20211217
"Dronten","","71","Vereniging met volledige rechtsbevoegdheid","94997","Overige belangenbehartiging (rest)","","","","","","",20000801,20000801,0,0,0,0,0,"",0,0
"Loosdrecht","H","01","Eenmanszaak","86923","Preventieve gezondh.zorg (geen arbobeg.)","70221","Organisatie-adviesbureaus","4618","HB gespecialiseerd in overige goederen","","",0,0,20000815,20000815,20020522,0,0,"",0,0
"Lisse","H","01","Eenmanszaak","45112","Handel/rep. personen-/lichte bedr.auto's","","","","","N","N",0,0,20060110,20000815,20051201,0,0,"",0,0
"Cruquius","H","41","Besloten vennootschap met gewone structuur","6420","Financiële holdings","","","","","N","N",20001016,20001016,20000815,20000815,20180504,0,20001016,"",2021,20220315
"Hoofddorp","H","01","Eenmanszaak","45311","GH/HB auto-ond./-access. (geen banden)","45112","Handel/rep. personen-/lichte bedr.auto's","","","N","N",0,0,20000815,20000815,20051112,0,0,"",0,0
"Hoofddorp","H","41","Besloten vennootschap met gewone structuur","6420","Financiële holdings","","","","","N","N",20001124,20001124,20000815,20000801,20190605,0,20001124,"",2019,20200928
"Reuver","H","41","Besloten vennootschap met gewone structuur","6420","Financiële holdings","69202","Accountants-administratieconsulenten","","","N","N",20000831,20000831,20070105,20000701,20090225,0,20000831,"",2021,20220110
"Bergen (NH)","H","11","Vennootschap onder firma","6209","Ov. dienstv. act. ohgv informatietechn.","","","","","N","N",20000815,0,20191218,20000815,20191218,0,0,"",0,0
"Heerhugowaard","H","41","Besloten vennootschap met gewone structuur","71202","Keuring/controle mach./app./materialen","78202","Uitleenbureaus","7112","Ingenieurs/overig techn. ontwerp/advies","N","N",20000901,20000901,20200102,20000803,20200101,0,20000901,"",2021,20220506
"Zevenhuizen","H","41","Besloten vennootschap met gewone structuur","01131","Teelt van groenten in de volle grond","","","","","N","N",20000927,20000927,20170202,20000701,20141212,0,20000927,"",2020,20210716
"Amstelveen","H","41","Besloten vennootschap met gewone structuur","69209","Overige administratiekantoren","69204","Belastingconsulenten","70221","Organisatie-adviesbureaus","N","N",20000815,20000815,20000815,20000815,0,0,0,"",2020,20210624
"Edam","H","11","Vennootschap onder firma","01411","Houden van melkvee","5530","Kampeerterreinen","8211","Brede administratieve dienstverlening","N","N",20060501,0,20000810,19940501,20110318,0,20060501,"",0,0
"Enkhuizen","H","11","Vennootschap onder firma","7490","Overige special. zakelijke dienstverl.","31011","Interieurbouw","","","N","N",20000501,0,20000810,19720401,20220101,0,20000501,"",0,0
"Heerhugowaard","H","41","Besloten vennootschap met gewone structuur","64923","Participatiemaatschappijen","","","","","","",20000808,20000808,20000811,20000808,20220124,0,0,"",2019,20210217
"Tilburg","H","41","Besloten vennootschap met gewone structuur","64301","Beleggingsinstell. in financiële activa","7721","Verhuur van sport- en recreatieartikelen","85592","Bedrijfsopleiding en -training","N","N",20000705,20000705,20081230,20000705,20110101,0,0,"",2020,20210701
"Edam","H","11","Vennootschap onder firma","1413","Vervaardiging van overige bovenkleding","","","","","","",20000821,0,20000814,20000821,20000821,0,0,"",0,0
"Luttelgeest","","72","Vereniging met beperkte rechtsbevoegdheid","94997","Overige belangenbehartiging (rest)","","","","","","",20000801,0,0,0,0,0,0,"",0,0
"Grootebroek","H","01","Eenmanszaak","4333","Afwerking van vloeren en wanden","","","","","N","N",0,0,20000815,20000821,20170301,0,0,"",0,0
"Amersfoort","H","41","Besloten vennootschap met gewone structuur","7112","Ingenieurs/overig techn. ontwerp/advies","46473","Groothandel in verlichtingsartikelen","2740","Verv. elektr. lampen en verlichtingsapp.","J","J",20000810,20000810,20130726,20000810,20130603,0,0,"",2020,20211105
"Den Burg","H","01","Eenmanszaak","47242","Winkels in chocolade en suikerwerk","","","","","N","N",0,0,20000815,20000801,0,0,0,"",0,0
"Alkmaar","H","94","Buitenl. EG-venn. met onderneming in Nederland","45401","GH en HB in motorfiets(onderdel)en","","","","","J","N",19910711,19910711,20000815,20000801,20040701,0,0,"",0,0
"Lelystad","H","74","Stichting","8720","Huizen/dagverbl. verstandelijk gehand.","","","","","N","N",20000814,20000814,20190708,20000814,0,0,0,"",0,0
"Harlingen","","74","Stichting","94994","Vriendenkringen ohgv cultuur / fanclubs","5030","Binnenvaart (passagiersvaart/veerd.)","","","","",20000714,20000714,0,0,0,0,0,"",2015,20161221
"Burgum","H","01","Eenmanszaak","4120","Algemene burgerlijke en utiliteitsbouw","","","","","","",0,0,20000816,20000814,20121101,0,0,"",0,0
"Groningen","H","01","Eenmanszaak","5920","Maken en uitgeven van geluidsopnamen","6201","Ontwikkelen/produceren/uitgeven software","","","N","N",0,0,20000816,19980101,20111220,0,0,"",0,0
"Noordbroek","","74","Stichting","9002","Dienstverlening voor uitvoerende kunst","","","","","","",20000804,20000804,0,0,0,0,0,"",0,0
"Hellendoorn","H","01","Eenmanszaak","6201","Ontwikkelen/produceren/uitgeven software","","","","","N","N",0,0,20000815,20000815,20160421,0,0,"",0,0
"Zevenaar","H","01","Eenmanszaak","0161","Dienstverl. akker- en/of tuinbouw","","","","","N","N",0,0,20001215,20000814,20001211,0,0,"",0,0
"Rijssen","H","11","Vennootschap onder firma","7311","Reclamebureaus","","","","","N","N",20030701,0,20000816,20000816,20030701,0,20030701,"",0,0
"Kootwijkerbroek","H","11","Vennootschap onder firma","4332","Bouwtimmeren","","","","","N","N",20000816,0,20000816,20000816,0,0,20000816,"",0,0
"Diepenheim","H","01","Eenmanszaak","7311","Reclamebureaus","70221","Organisatie-adviesbureaus","","","J","N",0,0,20000816,20000816,20180813,0,0,"",0,0
"Enschede","H","41","Besloten vennootschap met gewone structuur","7112","Ingenieurs/overig techn. ontwerp/advies","6420","Financiële holdings","","","N","N",20000926,20000926,20000816,20000815,20190211,0,20000926,"",2020,20210701
"Hengelo","H","01","Eenmanszaak","6190","Overige telecommunicatie","6110","Draadgebonden telecommunicatie","6120","Draadloze telecommunicatie","N","N",0,0,20000816,20000816,20161101,0,0,"",0,0
"Ede","H","41","Besloten vennootschap met gewone structuur","4941","Goederenvervoer over weg (geen verhuiz.)","","","","","N","N",20080425,20080425,20000815,20000815,20061218,0,20080425,"",2020,20210907
"Ede","H","01","Eenmanszaak","6622","Assurantietussenpersonen","","","","","","",0,0,20000816,20000815,20120705,0,20020101,"",0,0
"Winterswijk","H","41","Besloten vennootschap met gewone structuur","52291","Expediteurs/cargadoors/bevrachters e.d.","4618","HB gespecialiseerd in overige goederen","","","N","N",20001009,20001009,20080102,20000810,20071231,0,20001009,"",2022,0
"Doorn","H","41","Besloten vennootschap met gewone structuur","6420","Financiële holdings","","","","","","",20000814,20000814,20000816,20000814,20160708,0,0,"",2020,20211221
"Maria Hoop","","71","Vereniging met volledige rechtsbevoegdheid","93125","Paardensport en maneges","","","","","","",20000816,20000816,0,0,0,0,0,"",0,0
"Zaltbommel","H","41","Besloten vennootschap met gewone structuur","4651","GH computers, randapparatuur en software","9511","Reparatie van computers/randapparatuur","6202","Advisering ohgv informatietechnologie","N","N",20000804,20000804,20120425,20000804,20120401,0,0,"",2020,0
"Voerendaal","H","01","Eenmanszaak","7311","Reclamebureaus","85592","Bedrijfsopleiding en -training","7320","Markt- en opinieonderzoekbureaus","N","N",0,0,20000816,20000815,20160430,0,0,"",0,0
"Sittard","","71","Vereniging met volledige rechtsbevoegdheid","59111","Prod. films (geen televisiefilms)","5912","Facilitaire activ. voor film-/tv-prod.","","","","",19980101,20000815,0,0,0,0,0,"",0,0
"Boekel","H","11","Vennootschap onder firma","01463","Gesloten/deels gesloten varkensbedrijven","0150","Akker-/tuinbouw icm fokken/houden dieren","","","","",20000101,0,20000814,20000101,20050901,0,0,"",0,0
"Bergeijk","H","01","Eenmanszaak","4120","Algemene burgerlijke en utiliteitsbouw","","","","","","",0,0,20000815,20000101,0,0,0,"",0,0
"Oost West en Middelbeers","H","41","Besloten vennootschap met gewone structuur","6420","Financiële holdings","","","","","","",20000809,20000809,20000815,20000809,0,0,0,"",2021,20220603
"Veghel","H","41","Besloten vennootschap met gewone structuur","6420","Financiële holdings","","","","","N","N",20000810,20000810,20000815,20000810,0,0,0,"",2020,20210719
"Sint Hubert","H","41","Besloten vennootschap met gewone structuur","0150","Akker-/tuinbouw icm fokken/houden dieren","","","","","N","N",20000810,20000810,20000815,20000810,0,0,0,"",2020,20220126
"Heesch","H","01","Eenmanszaak","93146","Sportscholen","","","","","N","N",0,0,20000815,20000601,20120214,0,20031208,"",0,0
"Uden","H","11","Vennootschap onder firma","4648","GH juweliersartikelen en uurwerken","","","","","J","N",20010101,0,20000815,20000815,20210701,0,20010101,"",0,0
"Heesch","H","41","Besloten vennootschap met gewone structuur","2899","Verv. ov.machines/app./werkt. specifiek","2611","Verv. elektronische componenten","7490","Overige special. zakelijke dienstverl.","J","J",20000721,20000721,20000815,20000721,20200728,0,0,"",2020,20220301
"Bladel","H","41","Besloten vennootschap met gewone structuur","4332","Bouwtimmeren","43221","Loodg.- en fitterswerk; inst. sanitair","78202","Uitleenbureaus","","",20010123,20010123,20000816,20000816,20071220,0,20010123,"",2020,20210520
"Sterksel","H","01","Eenmanszaak","8130","Landschapsverzorging","","","","","","",0,0,20000816,20000101,20171017,0,0,"",0,0
"Tilburg","H","01","Eenmanszaak","85599","Studiebegeleiding/vorming/onderwijs","","","","","N","N",0,0,20000816,20000816,20191001,0,0,"",0,0
"Waalwijk","H","01","Eenmanszaak","5630","Cafés","","","","","N","N",0,0,20000816,19910701,0,0,20000801,"",0,0
"Rheden","H","01","Eenmanszaak","4652","GH elektronische/telecommunicatieapp.","46473","Groothandel in verlichtingsartikelen","","","J","N",0,0,20201222,20000816,20210416,0,0,"",0,0
"Sleeuwijk","H","01","Eenmanszaak","43999","Overige gespec. werkz. in de bouw (rest)","4120","Algemene burgerlijke en utiliteitsbouw","","","","",0,0,20000816,20000816,0,0,0,"",0,0
"Breda","H","01","Eenmanszaak","85592","Bedrijfsopleiding en -training","","","","","","",0,0,20000816,20000101,0,0,0,"",0,0
"Breda","H","01","Eenmanszaak","46491","Groothandel in fietsen en bromfietsen","47641","Winkels in fietsen en bromfietsen","7721","Verhuur van sport- en recreatieartikelen","N","N",0,0,20000816,20000816,20080901,0,0,"",0,0
"Nisse","H","41","Besloten vennootschap met gewone structuur","4941","Goederenvervoer over weg (geen verhuiz.)","","","","","N","N",20001113,20001113,20000816,20000809,20080131,0,20001113,"",2020,20220426
"Kloosterzande","","72","Vereniging met beperkte rechtsbevoegdheid","86929","Samenwerkingsorganen ohgv gez.zorg","","","","","","",19381009,0,0,0,0,0,0,"",0,0
"Middelburg","","71","Vereniging met volledige rechtsbevoegdheid","94991","Gezelligheidsverenigingen","","","","","","",20000731,20000731,0,0,0,0,0,"",0,0
"Sint Philipsland","H","11","Vennootschap onder firma","50401","Binnenvaart (vrachtvaart)","","","","","N","N",20000824,0,20000816,20000824,20150901,0,0,"",0,0
"Rotterdam","H","41","Besloten vennootschap met gewone structuur","70102","Holdings (geen financiële)","","","","","N","N",20000804,20000804,20000816,20000804,0,0,0,"",2021,20220503
"Barendrecht","H","41","Besloten vennootschap met gewone structuur","6420","Financiële holdings","","","","","N","N",20000810,20000810,20170601,20000810,20170401,0,0,"",2021,20220302
"Hoogvliet Rotterdam","H","41","Besloten vennootschap met gewone structuur","6420","Financiële holdings","","","","","N","N",20000802,20000802,20000816,20000802,20220401,0,0,"",2020,20211020
"Heerjansdam","","71","Vereniging met volledige rechtsbevoegdheid","64303","Beleggingsinst. met beperkte toetreding","","","","","","",19910101,20000628,0,0,0,0,0,"",0,0
"Rhoon","H","41","Besloten vennootschap met gewone structuur","4711","Supermarkten e.d. winkels alg.ass.v.gm.","","","","","N","N",20000531,20000531,20000816,19080000,20130911,0,20000531,"",2020,20211029
"Sliedrecht","H","41","Besloten vennootschap met gewone structuur","70102","Holdings (geen financiële)","","","","","N","N",20000901,20000901,20000816,20000726,20050713,0,20000901,"",2020,20220228
"Sliedrecht","H","41","Besloten vennootschap met gewone structuur","6420","Financiële holdings","","","","","","",20000901,20000901,20000816,20000726,20190312,0,20000901,"",2020,20220331
"Sliedrecht","H","41","Besloten vennootschap met gewone structuur","6420","Financiële holdings","","","","","","",20000901,20000901,20000816,20000726,20160601,0,20000901,"",2020,20220206
"Sliedrecht","H","41","Besloten vennootschap met gewone structuur","6420","Financiële holdings","","","","","","",20000814,20000814,20000816,20000814,20210928,0,0,"",2020,20211001
"Schoonhoven","H","01","Eenmanszaak","96021","Haarverzorging","","","","","N","N",0,0,20000816,20000801,0,0,0,"",0,0
"Schiedam","","74","Stichting","9002","Dienstverlening voor uitvoerende kunst","","","","","","",20000815,20000815,0,0,0,0,0,"",0,0
"Rotterdam","H","41","Besloten vennootschap met gewone structuur","9609","Overige dienstverlening (rest)","7810","Arbeidsbemiddeling","","","N","N",20001116,20001116,20000816,20000801,20220315,0,20001116,"",2020,20210929
"Dordrecht","H","41","Besloten vennootschap met gewone structuur","6420","Financiële holdings","6202","Advisering ohgv informatietechnologie","","","N","N",20081223,20081223,20000816,20000816,20180801,0,20081223,"",2020,20220427
"Rotterdam","H","01","Eenmanszaak","74103","Interieur- en ruimtelijk ontwerp","31011","Interieurbouw","9002","Dienstverlening voor uitvoerende kunst","N","N",0,0,20000816,20000816,20030304,0,0,"",0,0
"'s-Gravenhage","H","41","Besloten vennootschap met gewone structuur","46682","GH machines voedings-/genotmiddelenindu.","4637","GH koffie/thee/cacao/specer. (geen ruwe)","","","J","N",20000728,20000728,20000814,19800901,20161101,0,20000728,"",2019,20201021
"'s-Gravenhage","H","01","Eenmanszaak","69204","Belastingconsulenten","","","","","N","N",0,0,20000816,20000816,20041015,0,0,"",0,0
"Roelofarendsveen","H","01","Eenmanszaak","4312","Grondverzet","4222","Leggen van elektr.-/telecom.kabels","","","N","N",0,0,20000814,20000801,0,0,0,"",0,0
"Giethoorn","H","41","Besloten vennootschap met gewone structuur","7311","Reclamebureaus","85592","Bedrijfsopleiding en -training","94996","Overige ideële organisaties (rest)","N","N",20061219,20061219,20181116,20000821,20181022,0,20061231,"",2020,20220603
"Katwijk","H","41","Besloten vennootschap met gewone structuur","6420","Financiële holdings","","","","","N","N",20001107,20001107,20001218,20000815,0,0,20001107,"",2020,20210415
"Hillegom","H","41","Besloten vennootschap met gewone structuur","46736","Groothandel in tegels en plavuizen","","","","","N","N",20001109,20001109,20001114,20000814,20140401,0,20001109,"",2015,20170512
"Leiden","H","01","Eenmanszaak","7311","Reclamebureaus","","","","","N","N",0,0,20000816,20000815,0,0,0,"",0,0
"Utrecht","H","61","Coöperatie","6810","Handel in eigen onroerend goed","","","","","","",20000810,20000810,20000816,20000810,20040301,0,0,"",2020,20210615
"Woerden","H","41","Besloten vennootschap met gewone structuur","66191","Admin.kantoren voor aandelen/obligaties","","","","","","",20000801,20000801,20000816,20000801,20090403,0,0,"",2018,20200618
"Zwolle","H","01","Eenmanszaak","7311","Reclamebureaus","","","","","","",0,0,20100325,20000814,20220105,0,0,"",0,0
"Mijdrecht","H","01","Eenmanszaak","56102","Fastfoodrest, cafet, ijssal, eetkr e.d.","","","","","","",0,0,20000816,19931201,20200901,0,20000815,"",0,0
"Naarden","H","41","Besloten vennootschap met gewone structuur","6420","Financiële holdings","","","","","","",20000817,20000817,20010222,20000815,20050214,0,20000817,"",2020,20211227
"Huizen","H","01","Eenmanszaak","5912","Facilitaire activ. voor film-/tv-prod.","","","","","","",0,0,20000816,20000816,20131101,0,0,"",0,0
"Amersfoort","H","41","Besloten vennootschap met gewone structuur","6831","Bemidd. bij handel/huur/verhuur onr.goed","","","","","","",20000925,20000925,20000816,20000801,20130416,0,20000925,"",2020,20210611
"Arnhem","H","01","Eenmanszaak","70221","Organisatie-adviesbureaus","","","","","","",0,0,20171229,20000801,20201005,0,0,"",0,0
"Hilversum","H","41","Besloten vennootschap met gewone structuur","70222","Advisering ohgv management/bedrijfsv.","8211","Brede administratieve dienstverlening","","","","",20001102,20001102,20000816,20000801,20081001,0,20001102,"",2019,20220325
"Amersfoort","","74","Stichting","66191","Admin.kantoren voor aandelen/obligaties","","","","","","",20000628,20000628,0,0,0,0,0,"",0,0
"Blaricum","H","41","Besloten vennootschap met gewone structuur","70221","Organisatie-adviesbureaus","7311","Reclamebureaus","","","N","N",20000928,20000928,20201127,20000816,20060309,0,20000928,"",2018,20190606
"Blaricum","H","41","Besloten vennootschap met gewone structuur","70221","Organisatie-adviesbureaus","64923","Participatiemaatschappijen","","","N","N",20000928,20000928,20201127,20000816,20060309,0,20000928,"",2018,20190606
"Amsterdam","H","51","Naamloze vennootschap met gewone structuur","7112","Ingenieurs/overig techn. ontwerp/advies","6420","Financiële holdings","","","N","N",20000714,20000714,20000816,20000128,20031126,0,20070920,"",2020,20210618
"Amsterdam","H","41","Besloten vennootschap met gewone structuur","6420","Financiële holdings","","","","","N","N",20000801,20000801,20000816,20000801,0,0,0,"",2020,20211029
"Amsterdam","","74","Stichting","69209","Overige administratiekantoren","","","","","","",20000712,20000712,0,0,0,0,0,"",0,0
"Amsterdam","","72","Vereniging met beperkte rechtsbevoegdheid","9412","Beroepsorganisaties","","","","","","",19550422,0,0,0,0,0,0,"",0,0
"Amsterdam","H","01","Eenmanszaak","46383","Gesp. GH in ov. voedings- en genotm.","","","","","N","N",0,0,20000816,20000101,0,0,0,"",0,0
"Amsterdam","H","01","Eenmanszaak","93299","Ov. recreatie (rest)(geen jachthavens)","85519","Overig sport- en recreatieonderwijs","","","N","N",0,0,20000816,20000816,20080117,0,20040701,"",0,0
"Nieuw-Vennep","H","01","Eenmanszaak","4321","Elektrotechnische bouwinstallatie","77299","Verh. overige consumentenartikelen","90013","Circus en variété","N","N",0,0,20000816,20000814,20140103,0,0,"",0,0
"Badhoevedorp","H","01","Eenmanszaak","4120","Algemene burgerlijke en utiliteitsbouw","","","","","N","N",0,0,20000816,20000823,0,0,0,"",0,0
"Amsterdam","H","41","Besloten vennootschap met gewone structuur","6420","Financiële holdings","","","","","N","N",20000804,20000804,20000816,20000804,20121224,0,0,"",2020,20210825
"Haarlem","H","41","Besloten vennootschap met gewone structuur","7740","Lease niet-financiële immateriële activa","","","","","J","N",20000817,20000817,20000816,20000810,20071201,0,20000817,"",2020,20211221
"Ilpendam","H","01","Eenmanszaak","7311","Reclamebureaus","","","","","N","N",0,0,20010307,20000816,20010217,0,0,"",0,0
"Rotterdam","H","41","Besloten vennootschap met gewone structuur","6420","Financiële holdings","","","","","N","N",20001004,20001004,20010209,20000601,20200511,0,20001004,"",2020,20211218
"Amsterdam","","74","Stichting","6420","Financiële holdings","","","","","","",20000816,20000816,0,0,0,0,0,"",0,0
"Alphen aan den Rijn","H","41","Besloten vennootschap met gewone structuur","6201","Ontwikkelen/produceren/uitgeven software","6202","Advisering ohgv informatietechnologie","","","N","N",20001006,20001006,20030901,20000809,20070201,0,20001006,"",2019,20200813
"Lisserbroek","H","41","Besloten vennootschap met gewone structuur","6420","Financiële holdings","","","","","N","N",20000831,20000831,20000907,20000801,20161216,0,20000831,"",2020,20210823
"Den Helder","H","41","Besloten vennootschap met gewone structuur","47431","Winkels in audio- en videoapparatuur","6209","Ov. dienstv. act. ohgv informatietechn.","47918","Internethandel overige non-food","N","N",20000830,20000830,20000811,20000701,20190103,0,20000830,"",2010,20110519
"Alkmaar","H","01","Eenmanszaak","4120","Algemene burgerlijke en utiliteitsbouw","","","","","N","N",0,0,20000816,20000816,20190509,0,0,"",0,0
"Eindhoven","H","11","Vennootschap onder firma","85522","Kunstzinnige vorming voor amateurs","6831","Bemidd. bij handel/huur/verhuur onr.goed","47915","Internethandel huis- en tuinartikelen","J","J",20040101,0,20150728,20000816,20191001,0,20040101,"",0,0
"Hilversum","H","01","Eenmanszaak","4333","Afwerking van vloeren en wanden","47526","Winkels in parket-/laminaat-/kurkvloeren","","","","",0,0,20000816,20000815,20190101,0,0,"",0,0
"Lelystad","H","01","Eenmanszaak","2562","Algemene metaalbewerking","","","","","N","N",0,0,20000816,20000816,20130426,0,0,"",0,0
"Zeewolde","H","01","Eenmanszaak","70221","Organisatie-adviesbureaus","","","","","N","N",0,0,20000816,20000816,20150201,0,0,"",0,0
"Dwingeloo","H","01","Eenmanszaak","70221","Organisatie-adviesbureaus","55201","Verh. vakantiehuisjes en appartementen","","","","",0,0,20000817,20000101,20150226,0,0,"",0,0
"Wierden","H","41","Besloten vennootschap met gewone structuur","6810","Handel in eigen onroerend goed","6420","Financiële holdings","","","","",20000925,20000925,20001103,20000701,20170901,0,20000925,"",2021,20220409
"Ommen","H","01","Eenmanszaak","4120","Algemene burgerlijke en utiliteitsbouw","8130","Landschapsverzorging","","","","",0,0,20000816,20000701,20040220,0,0,"",0,0
"Wanneperveen","H","01","Eenmanszaak","96021","Haarverzorging","","","","","","",0,0,20000816,20000816,20171010,0,0,"",0,0
"Zwolle","H","11","Vennootschap onder firma","7311","Reclamebureaus","7112","Ingenieurs/overig techn. ontwerp/advies","9003","Schrijven en overige scheppende kunst","","",20060101,0,20000817,20000101,20060807,0,20060101,"",0,0
"Enschede","","71","Vereniging met volledige rechtsbevoegdheid","88999","Overig maatsch.adv./gemeenschapshuizen","88993","Lokaal welzijnswerk","","","","",20000815,20000815,0,0,0,0,0,"",0,0
"48531 Nordhorn","","74","Stichting","94996","Overige ideële organisaties (rest)","","","","","","",20000717,20000717,0,0,0,0,0,"",0,0
"Deventer","H","41","Besloten vennootschap met gewone structuur","6420","Financiële holdings","","","","","N","N",20000907,20000907,20000816,20000815,20070701,0,20000907,"",2016,20180214
"Apeldoorn","","74","Stichting","69209","Overige administratiekantoren","","","","","","",20000815,20000815,0,0,0,0,0,"",0,0
"Hengelo","H","41","Besloten vennootschap met gewone structuur","70221","Organisatie-adviesbureaus","7320","Markt- en opinieonderzoekbureaus","","","N","N",20000815,20000815,20000817,20000815,20110101,0,0,"",2020,20211228
"Brummen","H","01","Eenmanszaak","7490","Overige special. zakelijke dienstverl.","","","","","N","N",0,0,20070903,20000101,20120112,0,0,"",0,0
"Dieren","H","01","Eenmanszaak","70221","Organisatie-adviesbureaus","","","","","","",0,0,20000817,20000627,0,0,0,"",0,0
"Beneden-Leeuwen","H","11","Vennootschap onder firma","7311","Reclamebureaus","6201","Ontwikkelen/produceren/uitgeven software","","","","",20080422,0,20140412,20000815,20120326,0,20080501,"",0,0
"Zaltbommel","H","11","Vennootschap onder firma","70221","Organisatie-adviesbureaus","69102","Rechtskundige adviesbureaus","","","N","N",20020101,0,20000817,20000801,20220502,0,20020101,"",0,0
"Noordeloos","H","01","Eenmanszaak","4120","Algemene burgerlijke en utiliteitsbouw","","","","","N","N",0,0,20000817,20000817,0,0,0,"",0,0
"Grubbenvorst","H","41","Besloten vennootschap met gewone structuur","6420","Financiële holdings","","","","","N","N",20000825,20000825,20000817,20000814,0,0,20000825,"",2020,20211108
"Zundert","H","41","Besloten vennootschap met gewone structuur","6420","Financiële holdings","","","","","N","N",20000825,20000825,20210903,20000814,20210901,0,20000825,"",2020,20210901
"Sittard","H","01","Eenmanszaak","47999","DH via overige distributievormen","47918","Internethandel overige non-food","6201","Ontwikkelen/produceren/uitgeven software","N","N",0,0,20000817,20000821,20110215,0,0,"",0,0
"Hooge Mierde","H","01","Eenmanszaak","70221","Organisatie-adviesbureaus","70222","Advisering ohgv management/bedrijfsv.","7490","Overige special. zakelijke dienstverl.","","",0,0,20000814,20000101,0,0,0,"",0,0
"Eersel","H","41","Besloten vennootschap met gewone structuur","6420","Financiële holdings","70221","Organisatie-adviesbureaus","","","N","N",20000811,20000811,20000815,20000811,20090701,0,0,"",2019,20210105
"Sint-Oedenrode","H","41","Besloten vennootschap met gewone structuur","70222","Advisering ohgv management/bedrijfsv.","","","","","N","N",20001011,20001011,20000815,20000728,0,0,20001011,"",2020,20211230
"Budel","","71","Vereniging met volledige rechtsbevoegdheid","94991","Gezelligheidsverenigingen","","","","","","",20000714,20000714,0,0,0,0,0,"",0,0
"Linden","","74","Stichting","93299","Ov. recreatie (rest)(geen jachthavens)","","","","","","",20000717,20000717,0,0,0,0,0,"",0,0
"Asten","","74","Stichting","93299","Ov. recreatie (rest)(geen jachthavens)","","","","","","",20000815,20000815,0,0,0,0,0,"",0,0
"Eindhoven","H","41","Besloten vennootschap met gewone structuur","6420","Financiële holdings","","","","","N","N",20000814,20000814,20000816,20000814,0,0,0,"",2012,20140718
"Aarle-Rixtel","H","41","Besloten vennootschap met gewone structuur","4634","Groothandel in dranken (geen zuivel)","","","","","N","N",20010509,20010509,20000817,20000701,0,0,20010509,"",2020,20210802
"Elshout","H","01","Eenmanszaak","4321","Elektrotechnische bouwinstallatie","","","","","","",0,0,20000818,20000817,20180916,0,0,"",0,0
"Helmond","H","41","Besloten vennootschap met gewone structuur","2229","Verv. overige producten van kunststof","","","","","","",20041028,20041028,20000817,19851231,20200101,0,20041028,"",2019,20201230
"Eindhoven","H","11","Vennootschap onder firma","7311","Reclamebureaus","","","","","","",20000817,0,20000817,20000817,20050302,0,0,"",0,0
"Eindhoven","","74","Stichting","78201","Uitzendbureaus","","","","","","",20000816,20000816,0,0,0,0,0,"",0,0
"Rossum","H","41","Besloten vennootschap met gewone structuur","70221","Organisatie-adviesbureaus","","","","","","",20010531,20010531,20200820,20000817,20200801,0,20010531,"",2020,20210630
"Eindhoven","H","11","Vennootschap onder firma","56101","Restaurants","","","","","N","N",20000818,0,20000817,20000818,20010109,0,0,"",0,0
"'s-Hertogenbosch","H","01","Eenmanszaak","46462","GH med./tandheelk.instr./verpl.art. e.d.","","","","","","J",0,0,20000817,20000817,20211005,0,0,"",0,0
"Oisterwijk","H","41","Besloten vennootschap met gewone structuur","70102","Holdings (geen financiële)","","","","","","",20001102,20001102,20000816,20000701,20130301,0,20001102,"",2020,20220303
"Rijen","H","01","Eenmanszaak","85522","Kunstzinnige vorming voor amateurs","","","","","","",0,0,20000817,20000817,20220512,0,0,"",0,0
"Veen","H","01","Eenmanszaak","4120","Algemene burgerlijke en utiliteitsbouw","2229","Verv. overige producten van kunststof","47911","Internethandel voeding en drogisterij","J","N",0,0,20000817,20000814,20160215,0,0,"",0,0
"Udenhout","H","01","Eenmanszaak","9003","Schrijven en overige scheppende kunst","","","","","","",0,0,20000817,19990101,0,0,20000817,"",0,0
"Goirle","H","01","Eenmanszaak","70221","Organisatie-adviesbureaus","","","","","","",0,0,20000817,20000817,0,0,0,"",0,0
"Roosendaal","H","11","Vennootschap onder firma","01411","Houden van melkvee","0150","Akker-/tuinbouw icm fokken/houden dieren","","","","",20000101,0,20000817,19000000,0,0,20000101,"",0,0
"Bergen op Zoom","H","01","Eenmanszaak","96021","Haarverzorging","","","","","","",0,0,20000817,20000817,0,0,0,"",0,0
"Koewacht","H","01","Eenmanszaak","47915","Internethandel huis- en tuinartikelen","","","","","J","N",0,0,20000817,20000701,20011012,0,0,"",0,0
"Dordrecht","","41","Besloten vennootschap met gewone structuur","","","","","","","","",19860926,19860926,0,0,0,0,0,"",1998,19990706
"Dordrecht","","74","Stichting","9103","Monumentenzorg","","","","","","",20000814,20000814,0,0,0,0,0,"",0,0
"Nieuwerkerk ad IJssel","H","41","Besloten vennootschap met gewone structuur","64303","Beleggingsinst. met beperkte toetreding","","","","","N","N",20001031,20001031,20000817,20000101,0,0,20001031,"",2020,20211111
"Gouda","","71","Vereniging met volledige rechtsbevoegdheid","93143","Kracht- en vechtsport","","","","","","",20000815,20000815,0,0,0,0,0,"",0,0
"'s-Gravenhage","H","41","Besloten vennootschap met gewone structuur","6420","Financiële holdings","","","","","N","N",20000814,20000814,20030318,20000814,20171120,0,0,"",2020,20220228
"Roosendaal","H","41","Besloten vennootschap met gewone structuur","4941","Goederenvervoer over weg (geen verhuiz.)","78202","Uitleenbureaus","","","N","N",20000922,20000922,20040824,20000814,20170501,0,20000922,"",2020,20220505
"Hoogvliet Rotterdam","H","01","Eenmanszaak","43222","Inst. verwarmings-/luchtbehandelingsapp.","","","","","N","N",0,0,20000817,20000821,20060105,0,0,"",0,0
"Rotterdam","H","41","Besloten vennootschap met gewone structuur","52291","Expediteurs/cargadoors/bevrachters e.d.","46751","GH chem.grondst./chemicaliën ind.toep.","","","N","N",20010323,20010323,20000817,20000801,20190307,0,20010323,"F",2017,20180531
"Lelystad","H","01","Eenmanszaak","6201","Ontwikkelen/produceren/uitgeven software","","","","","N","N",0,0,20190415,20000817,20190415,0,0,"",0,0
"Monster","H","41","Besloten vennootschap met gewone structuur","45311","GH/HB auto-ond./-access. (geen banden)","4636","GH suiker, chocolade en suikerwerk","6420","Financiële holdings","","",20040326,20040326,20000817,20000101,0,0,20040326,"",2020,20210909
"Leidschendam","H","01","Eenmanszaak","96022","Schoonheidsverzorging/pedi-/manicures","86913","Praktijken van psychotherapeuten/-logen","86919","Overige paramedische praktijken","N","N",0,0,20000817,20000817,20191101,0,0,"",0,0
"Hillegom","H","41","Besloten vennootschap met gewone structuur","70102","Holdings (geen financiële)","68204","Verh. onroerend goed (niet v woonruimte)","","","N","N",20000815,20000815,20000817,20000815,20090101,0,0,"",2020,20220428
"Hillegom","H","41","Besloten vennootschap met gewone structuur","70102","Holdings (geen financiële)","","","","","N","N",20000815,20000815,20000817,20000815,20090101,0,0,"",2021,20220106
"Hazerswoude-Dorp","","74","Stichting","93195","Organiseren van sportevenementen","","","","","","",20000811,20000811,0,0,0,0,0,"",0,0
"'s-Gravenhage","H","01","Eenmanszaak","4332","Bouwtimmeren","4333","Afwerking van vloeren en wanden","","","N","N",0,0,20010201,20000808,20110101,0,0,"",0,0
"Leiden","","71","Vereniging met volledige rechtsbevoegdheid","90011","Beoefening van podiumkunst","","","","","","",20000719,20000719,0,0,0,0,0,"",0,0
"Leiden","H","01","Eenmanszaak","6831","Bemidd. bij handel/huur/verhuur onr.goed","6201","Ontwikkelen/produceren/uitgeven software","","","N","N",0,0,20000817,20000101,20111201,0,0,"",0,0
"Hoofddorp","","74","Stichting","64301","Beleggingsinstell. in financiële activa","","","","","","",20000710,20000710,20121206,0,0,0,0,"",0,0
"Sassenheim","H","01","Eenmanszaak","47591","Winkels in meubels","47717","Winkels in mode-artikelen","","","N","N",0,0,20000817,20000817,20180131,0,0,"",0,0
"Utrecht","H","11","Vennootschap onder firma","69203","Boekhoudkantoren","","","","","","",19860201,0,20000817,19800902,20110728,0,0,"",0,0
"Laag-Soeren","H","11","Vennootschap onder firma","6201","Ontwikkelen/produceren/uitgeven software","","","","","","",20050502,0,20210129,20000401,20210129,0,20050502,"",0,0
"Sleen","","72","Vereniging met beperkte rechtsbevoegdheid","94997","Overige belangenbehartiging (rest)","","","","","","",20000817,20000817,0,0,0,0,0,"",0,0
"IJsselstein","H","11","Vennootschap onder firma","56102","Fastfoodrest, cafet, ijssal, eetkr e.d.","","","","","","",20080101,0,20000817,20000817,0,0,20080101,"",0,0
"Utrecht","H","01","Eenmanszaak","85592","Bedrijfsopleiding en -training","85599","Studiebegeleiding/vorming/onderwijs","","","","",0,0,20000817,20000701,0,0,0,"",0,0
"Kortenhoef","H","41","Besloten vennootschap met gewone structuur","70102","Holdings (geen financiële)","","","","","","",20000802,20000802,20000817,20000802,20060418,0,0,"",2021,20220422
"Weesp","H","41","Besloten vennootschap met gewone structuur","4645","Groothandel in parfums en cosmetica","","","","","","",20000804,20000804,20180226,20000804,20180215,0,0,"",2018,20220126
"Amersfoort","H","41","Besloten vennootschap met gewone structuur","6420","Financiële holdings","66292","Pensioenadv.bureaus/beheer pensioenverm.","","","","",20000925,20000925,20000817,20000801,20081015,0,20000925,"",2020,20210712
"Domburg","H","01","Eenmanszaak","7311","Reclamebureaus","70221","Organisatie-adviesbureaus","","","","",0,0,20161229,20000601,20161218,0,0,"",0,0
"Soest","H","01","Eenmanszaak","31011","Interieurbouw","","","","","","",0,0,20000817,20000817,0,0,0,"",0,0
"Soest","H","41","Besloten vennootschap met gewone structuur","70221","Organisatie-adviesbureaus","7320","Markt- en opinieonderzoekbureaus","","","N","N",20001027,20001027,20050407,20000724,20150816,0,20001027,"",2020,20210923
"Almere","","71","Vereniging met volledige rechtsbevoegdheid","94997","Overige belangenbehartiging (rest)","","","","","","",20000809,20000809,0,0,0,0,0,"",0,0
"Amsterdam","H","41","Besloten vennootschap met gewone structuur","6399","Ov. dienstv. activ. opgv informatie","6420","Financiële holdings","6209","Ov. dienstv. act. ohgv informatietechn.","N","N",20000803,20000803,20000817,20000803,20070701,0,0,"",2020,20211231
"Amsterdam","H","41","Besloten vennootschap met gewone structuur","6420","Financiële holdings","6810","Handel in eigen onroerend goed","","","N","N",20000807,20000807,20000817,20000807,20150101,0,0,"",2020,20210810
"Amsterdam","H","41","Besloten vennootschap met gewone structuur","6420","Financiële holdings","","","","","N","N",20001114,20001114,20000817,20000801,20070521,0,20001114,"",2020,20211216
"Amsterdam","","74","Stichting","94992","Hobbyclubs","","","","","","",20000809,20000809,0,0,0,0,0,"",0,0
"Alkmaar","H","01","Eenmanszaak","7021","Adviesbureaus publ. relations en comm.","","","","","N","N",0,0,20020130,20000701,20011001,0,0,"",0,0
"Haarlem","H","01","Eenmanszaak","2313","Vervaardiging van holglas","9003","Schrijven en overige scheppende kunst","","","N","N",0,0,20000817,20000817,20030312,0,0,"",0,0
"Haarlem","H","41","Besloten vennootschap met gewone structuur","5621","Eventcatering","85592","Bedrijfsopleiding en -training","93299","Ov. recreatie (rest)(geen jachthavens)","J","N",20070530,20070530,20000817,19780505,20220401,0,20070530,"",2020,20211104
"Amsterdam","H","01","Eenmanszaak","7912","Reisorganisatie","7990","Info.verstr. ohgv toerisme/reservering","","","N","N",0,0,20000817,20000817,20020801,0,0,"",0,0
"Amsterdam","H","41","Besloten vennootschap met gewone structuur","68203","Verhuur van overige woonruimte","4110","Projectontwikkeling","","","N","N",20000811,20000811,20000817,20000811,20010401,0,0,"",2020,20220615
"Zuid-Scharwoude","H","41","Besloten vennootschap met gewone structuur","6420","Financiële holdings","","","","","","",20000814,20000814,20000816,20000814,20150727,0,0,"",2020,20210514
"Oudkarspel","H","41","Besloten vennootschap met gewone structuur","6420","Financiële holdings","","","","","N","N",20000814,20000814,20000816,20000814,20220510,0,0,"",2020,20210514
"Oudkarspel","H","41","Besloten vennootschap met gewone structuur","6420","Financiële holdings","","","","","","",20000814,20000814,20000816,20000814,20220516,0,0,"",2020,20210514
"Purmerend","H","01","Eenmanszaak","4332","Bouwtimmeren","46741","Groothandel in ijzer- en metaalwaren","","","","",0,0,20000817,20000817,0,0,0,"",0,0
"Winkel","H","41","Besloten vennootschap met gewone structuur","6420","Financiële holdings","","","","","N","N",20001215,20001215,20000817,20000401,20020306,0,20001215,"",2020,20210621
"Alkmaar","H","01","Eenmanszaak","4331","Stukadoren","","","","","N","N",0,0,20000817,20000817,20060531,0,0,"",0,0
"Biddinghuizen","H","01","Eenmanszaak","9529","Reparatie van overige consumentenart.","4120","Algemene burgerlijke en utiliteitsbouw","","","N","N",0,0,20000817,20000817,20170428,0,20000821,"",0,0
"Spaarndam","H","41","Besloten vennootschap met gewone structuur","6420","Financiële holdings","","","","","N","N",20001009,20001009,20110328,20000815,20201101,0,20001009,"",2020,20220208
"Almere","H","41","Besloten vennootschap met gewone structuur","6420","Financiële holdings","","","","","N","N",20011106,20011106,20140423,20000701,20190308,0,20011106,"",2020,20210602
"Almere","H","41","Besloten vennootschap met gewone structuur","69202","Accountants-administratieconsulenten","","","","","N","N",20011106,20011106,20140423,20000701,20190308,0,20011106,"",2020,20210223
"Goutum","","72","Vereniging met beperkte rechtsbevoegdheid","93144","Bowlen, kegelen, biljarten e.d.","","","","","","",19880620,0,0,0,0,0,0,"",0,0
"Augustinusga","H","01","Eenmanszaak","4120","Algemene burgerlijke en utiliteitsbouw","","","","","","",0,0,20000818,20000821,20051101,0,0,"",0,0
"Berltsum","H","01","Eenmanszaak","4616","HB textiel/kleding/schoeisel/lederwaren","","","","","","",0,0,20000818,20000818,20120701,0,0,"",0,0
"Berltsum","H","01","Eenmanszaak","4120","Algemene burgerlijke en utiliteitsbouw","","","","","","",0,0,20000818,20000612,20000612,0,0,"",0,0
"Leeuwarden","H","01","Eenmanszaak","7311","Reclamebureaus","85522","Kunstzinnige vorming voor amateurs","74103","Interieur- en ruimtelijk ontwerp","J","J",0,0,20000818,20000101,20151020,0,0,"",0,0
"Wons","H","01","Eenmanszaak","3011","Bouw van schepen en drijvend materieel","","","","","","",0,0,20000821,20000821,0,0,0,"",0,0
"Wolvega","","74","Stichting","01411","Houden van melkvee","","","","","","",20000727,20000727,0,0,0,0,0,"",0,0
"Kropswolde","H","41","Besloten vennootschap met gewone structuur","6420","Financiële holdings","","","","","","",20000331,20000331,20000818,20000331,20010101,0,0,"",2020,20211201
"Haarlem","","71","Vereniging met volledige rechtsbevoegdheid","85522","Kunstzinnige vorming voor amateurs","","","","","","",20000817,20000817,0,0,0,0,0,"",0,0
"Tolbert","H","41","Besloten vennootschap met gewone structuur","6420","Financiële holdings","","","","","N","N",20000331,20000331,20000818,20000331,20211108,0,0,"",2016,20180205
"Meerstad","H","01","Eenmanszaak","46498","GH boeken/tijdschriften/overig drukwerk","74201","Fotografie","","","","",0,0,20000818,19970101,20220509,0,0,"",0,0
"Hoogeveen","H","01","Eenmanszaak","4332","Bouwtimmeren","45112","Handel/rep. personen-/lichte bedr.auto's","","","","",0,0,20000818,20000821,20110101,0,20080101,"",0,0
"Zwolle","H","01","Eenmanszaak","47891","Markthandel bloemen/planten/zaden/tuinb.","","","","","","",0,0,20000818,20000826,20020411,0,0,"",0,0
"Rouveen","H","01","Eenmanszaak","4120","Algemene burgerlijke en utiliteitsbouw","","","","","","",0,0,20000818,20000801,20081117,0,0,"",0,0
"Utrecht","H","41","Besloten vennootschap met gewone structuur","70221","Organisatie-adviesbureaus","","","","","N","N",20000801,20000801,20071224,20000801,20151101,0,0,"",2020,20211115
"Schiedam","H","01","Eenmanszaak","47643","Winkels in sportart. (geen watersport)","","","","","N","N",0,0,20150701,20000816,20150701,0,0,"",0,0
"Apeldoorn","H","01","Eenmanszaak","4651","GH computers, randapparatuur en software","4618","HB gespecialiseerd in overige goederen","","","N","N",0,0,20000818,20000801,20021028,0,0,"",0,0
"Colmschate","H","01","Eenmanszaak","96022","Schoonheidsverzorging/pedi-/manicures","","","","","J","N",0,0,20000818,20000817,20061001,0,0,"",0,0
"Borne","H","41","Besloten vennootschap met gewone structuur","69105","Octrooibureaus","70222","Advisering ohgv management/bedrijfsv.","","","N","N",20010119,20010119,20000818,20000815,0,0,20010119,"",2020,20211201
"Rijssen","H","01","Eenmanszaak","4120","Algemene burgerlijke en utiliteitsbouw","","","","","N","N",0,0,20000818,20000821,0,0,0,"",0,0
"Almelo","","74","Stichting","94919","Over. levensbeschouwelijke organisaties","","","","","","",20000809,20000809,0,0,0,0,0,"",0,0
"Epe","H","41","Besloten vennootschap met gewone structuur","6420","Financiële holdings","","","","","N","N",20000817,20000817,20000818,20000817,20210101,0,0,"",2021,20220517
"Beekbergen","H","41","Besloten vennootschap met gewone structuur","7112","Ingenieurs/overig techn. ontwerp/advies","","","","","N","N",20040102,20040102,20000818,20000818,20171218,0,20040102,"",2021,20220325
"Elspeet","H","01","Eenmanszaak","96022","Schoonheidsverzorging/pedi-/manicures","","","","","N","N",0,0,20000818,20000818,20001101,0,0,"",0,0
"Epe","H","01","Eenmanszaak","4332","Bouwtimmeren","7311","Reclamebureaus","","","N","N",0,0,20000821,20000822,20090901,0,0,"",0,0
"Uddel","H","01","Eenmanszaak","4120","Algemene burgerlijke en utiliteitsbouw","","","","","N","N",0,0,20000821,20000821,20071116,0,0,"",0,0
"Zevenaar","H","01","Eenmanszaak","77292","Verh. kleding/huishoudelijke artikelen","9002","Dienstverlening voor uitvoerende kunst","7311","Reclamebureaus","","",0,0,20000817,20000701,0,0,0,"",0,0
"Voorthuizen","H","01","Eenmanszaak","43993","Metselen en voegen","","","","","N","N",0,0,20010212,19920801,20010101,0,20000814,"",0,0
"Arnhem","H","41","Besloten vennootschap met gewone structuur","6420","Financiële holdings","","","","","","",20000817,20000817,20000818,20000817,20110609,0,0,"",2020,20220411
"Arnhem","H","01","Eenmanszaak","7112","Ingenieurs/overig techn. ontwerp/advies","","","","","","",0,0,20000818,20000818,20050825,0,0,"",0,0
"Nijmegen","H","01","Eenmanszaak","86919","Overige paramedische praktijken","","","","","","",0,0,20000818,20000818,20000818,0,0,"",0,0
"Amsterdam","H","01","Eenmanszaak","9003","Schrijven en overige scheppende kunst","","","","","N","N",0,0,20041201,20000821,20150101,0,0,"",0,0
"Angerlo","H","41","Besloten vennootschap met gewone structuur","6420","Financiële holdings","","","","","","",20000816,20000816,20000821,20000816,0,0,0,"",2020,20211124
"Altforst","H","11","Vennootschap onder firma","7490","Overige special. zakelijke dienstverl.","","","","","","",20000821,0,20180501,20000821,20180501,0,0,"",0,0
"Lunteren","H","01","Eenmanszaak","7112","Ingenieurs/overig techn. ontwerp/advies","","","","","","",0,0,20000821,20000815,20000815,0,0,"",0,0
"Zelhem","H","41","Besloten vennootschap met gewone structuur","2572","Vervaardiging van hang- en sluitwerk","2573","Vervaardiging van gereedschap","","","J","J",20000811,20000811,20080117,20000811,20080604,0,0,"",2020,20210722
"Nijmegen","H","01","Eenmanszaak","4120","Algemene burgerlijke en utiliteitsbouw","","","","","","",0,0,20000821,20000829,20000829,0,0,"",0,0
"Culemborg","N","41","Besloten vennootschap met gewone structuur","77111","Verh. personen-/lichte bedrijfsauto's","","","","","","",19791029,19791029,20000821,20000802,0,0,0,"",2020,20220324
"Dodewaard","H","41","Besloten vennootschap met gewone structuur","6832","Beheer van onroerend goed","","","","","","",20000817,20000817,20000818,20000817,0,0,0,"",2021,20220323
"Geldermalsen","H","01","Eenmanszaak","86919","Overige paramedische praktijken","","","","","N","N",0,0,20140412,19990901,20030901,0,0,"",0,0
"Tiel","H","01","Eenmanszaak","96022","Schoonheidsverzorging/pedi-/manicures","","","","","","",0,0,20000818,20000801,20090101,0,0,"",0,0
"Druten","H","01","Eenmanszaak","43999","Overige gespec. werkz. in de bouw (rest)","","","","","N","N",0,0,20140412,20000821,20060315,0,0,"",0,0
"Lienden","H","41","Besloten vennootschap met gewone structuur","70102","Holdings (geen financiële)","","","","","","",20000818,20000818,20000821,20000818,20070430,0,0,"",2020,20220429
"Culemborg","H","41","Besloten vennootschap met gewone structuur","6832","Beheer van onroerend goed","","","","","","",20000818,20000818,20000821,20000818,20070109,0,0,"",2020,20211103
"Tegelen","N","41","Besloten vennootschap met gewone structuur","47292","Winkels in natuurvoeding/reformartikelen","","","","","N","N",20000406,20000406,20000818,20000818,0,0,0,"",2021,20220607
"Ottersum","H","41","Besloten vennootschap met gewone structuur","7021","Adviesbureaus publ. relations en comm.","","","","","N","N",20010529,20010529,20000818,20000101,0,0,20010529,"",2020,20211105
"Venray","H","01","Eenmanszaak","7430","Vertalers en tolken","","","","","N","N",0,0,20000821,20000301,0,0,0,"",0,0
"Belfeld","H","01","Eenmanszaak","96022","Schoonheidsverzorging/pedi-/manicures","","","","","N","N",0,0,20000821,20000801,20210307,0,0,"",0,0
"Heerlen","H","41","Besloten vennootschap met gewone structuur","64923","Participatiemaatschappijen","","","","","N","N",20000810,20000810,20000817,20000810,0,0,0,"",2021,20220530
"Geleen","","71","Vereniging met volledige rechtsbevoegdheid","94991","Gezelligheidsverenigingen","","","","","","",20000529,20000529,0,0,0,0,0,"",0,0
"Amstenrade","H","01","Eenmanszaak","9525","Reparatie van uurwerken en juweliersart.","","","","","N","N",0,0,20000818,20000818,20130801,0,0,"",0,0
"Heerlen","H","41","Besloten vennootschap met gewone structuur","92009","Exploitatie amusements-/speelautomaten","","","","","N","N",20000815,20000815,20000818,20000815,0,0,0,"",2020,20210729
"Beek","H","41","Besloten vennootschap met gewone structuur","4651","GH computers, randapparatuur en software","4652","GH elektronische/telecommunicatieapp.","","","J","J",20000816,20000816,20000821,20000816,20181001,0,0,"",2020,20211216
"Brunssum","H","01","Eenmanszaak","4941","Goederenvervoer over weg (geen verhuiz.)","29201","Carrosseriebouw","","","N","N",0,0,20000821,20000821,0,0,0,"",0,0
"Oss","H","41","Besloten vennootschap met gewone structuur","70222","Advisering ohgv management/bedrijfsv.","","","","","","",20000811,20000811,20000815,20000811,0,0,0,"",2021,20220307
"'s-Hertogenbosch","H","41","Besloten vennootschap met gewone structuur","70222","Advisering ohgv management/bedrijfsv.","6420","Financiële holdings","66292","Pensioenadv.bureaus/beheer pensioenverm.","","",20001103,20001103,20011205,20000626,20220501,0,20001103,"",2020,20210830
"Zeeland","","74","Stichting","88999","Overig maatsch.adv./gemeenschapshuizen","","","","","","",20000809,20000809,0,0,0,0,0,"",0,0
"Budel","H","41","Besloten vennootschap met gewone structuur","4120","Algemene burgerlijke en utiliteitsbouw","","","","","J","N",20040528,20040528,20000817,20000815,20210412,0,20040528,"",2020,20220221
"Someren","H","01","Eenmanszaak","8010","Particuliere beveiliging","78202","Uitleenbureaus","","","N","N",0,0,20030731,20000818,20050405,0,0,"",0,0
"'s Gravenmoer","H","41","Besloten vennootschap met gewone structuur","86922","Arbobegeleiding en reïntegratie","","","","","","",20000918,20000918,20040402,20000701,20080201,0,20000918,"",2020,20210924
"Eindhoven","H","01","Eenmanszaak","6201","Ontwikkelen/produceren/uitgeven software","","","","","","",0,0,20000818,20000801,0,0,0,"",0,0
"Boxtel","H","01","Eenmanszaak","6201","Ontwikkelen/produceren/uitgeven software","","","","","","",0,0,20000818,20000818,20180404,0,0,"",0,0
"Veldhoven","H","41","Besloten vennootschap met gewone structuur","6420","Financiële holdings","","","","","","",20000918,20000918,20040302,20000727,20070301,0,20000918,"",2019,20201228
"Boxmeer","H","41","Besloten vennootschap met gewone structuur","4652","GH elektronische/telecommunicatieapp.","","","","","J","J",20000815,20000815,20000816,20000815,20120406,0,0,"",2020,20210831
"Schaijk","H","01","Eenmanszaak","4332","Bouwtimmeren","3102","Vervaardiging van keukenmeubels","","","","",0,0,20000817,20000807,0,0,0,"",0,0
"Eindhoven","H","41","Besloten vennootschap met gewone structuur","6209","Ov. dienstv. act. ohgv informatietechn.","6201","Ontwikkelen/produceren/uitgeven software","78202","Uitleenbureaus","","",20001024,20001024,20000818,20000801,20150615,0,20001024,"",2021,20220509
"'s-Hertogenbosch","H","41","Besloten vennootschap met gewone structuur","7740","Lease niet-financiële immateriële activa","","","","","","",20000818,20000818,20000818,20000818,20110616,0,0,"",2020,20210722
"Berghem","H","41","Besloten vennootschap met gewone structuur","92009","Exploitatie amusements-/speelautomaten","","","","","","",20000727,20000727,20000817,20000727,20090901,0,0,"",2020,20210419
"Riethoven","H","41","Besloten vennootschap met gewone structuur","6312","Webportals","","","","","","",20001124,20001124,20000818,20000818,20211028,0,20001124,"",2021,20220421
"Riethoven","H","41","Besloten vennootschap met gewone structuur","6420","Financiële holdings","","","","","N","N",20001123,20001123,20091126,20000817,20141006,0,20001123,"",2020,20220104
"'s-Hertogenbosch","H","41","Besloten vennootschap met gewone structuur","86912","Praktijken van fysiotherapeuten","","","","","N","N",20000801,20000801,20000818,19860101,0,0,20000801,"",2021,20220611
"Boekel","H","01","Eenmanszaak","4120","Algemene burgerlijke en utiliteitsbouw","","","","","","",0,0,20000821,20000821,20021126,0,0,"",0,0
"Heesch","H","01","Eenmanszaak","43999","Overige gespec. werkz. in de bouw (rest)","45112","Handel/rep. personen-/lichte bedr.auto's","","","N","N",0,0,20010724,20000821,20200128,0,0,"",0,0
"Drunen","H","11","Vennootschap onder firma","47819","Markthandel overige voedings- en genotm.","","","","","N","N",20000821,0,20000821,20000821,0,0,0,"",0,0
"Rosmalen","H","01","Eenmanszaak","7430","Vertalers en tolken","","","","","N","N",0,0,20000821,20000821,0,0,0,"",0,0
"Berkel-Enschot","H","41","Besloten vennootschap met gewone structuur","70102","Holdings (geen financiële)","","","","","","",20000906,20000906,20000817,20000101,0,0,20000906,"",2020,20211118
"Tilburg","H","41","Besloten vennootschap met gewone structuur","70102","Holdings (geen financiële)","","","","","","",20000906,20000906,20000817,20000101,20121201,0,20000906,"",2020,20211122
"Tilburg","H","41","Besloten vennootschap met gewone structuur","6420","Financiële holdings","","","","","","",20000906,20000906,20000817,20000101,0,0,20000906,"",2020,20211118
"Goirle","H","11","Vennootschap onder firma","8121","Interieurreiniging van gebouwen","81221","Glazenwassen","","","","",20090401,0,20000818,20000814,20030926,0,20090401,"",0,0
"Alphen","","74","Stichting","93195","Organiseren van sportevenementen","","","","","","",20000817,20000817,20071222,0,0,0,0,"",0,0
"Waalwijk","H","41","Besloten vennootschap met gewone structuur","70102","Holdings (geen financiële)","","","","","","",20000816,20000816,20000818,20000816,20151115,0,0,"",2020,20211227
"Tilburg","H","41","Besloten vennootschap met gewone structuur","70102","Holdings (geen financiële)","","","","","J","J",20000816,20000816,20000818,20000816,20080325,0,0,"",2021,20220614
"Kaatsheuvel","H","01","Eenmanszaak","7112","Ingenieurs/overig techn. ontwerp/advies","4941","Goederenvervoer over weg (geen verhuiz.)","","","N","N",0,0,20000818,20000816,0,0,0,"",0,0
"Hilvarenbeek","H","41","Besloten vennootschap met gewone structuur","4110","Projectontwikkeling","","","","","","",20000816,20000816,20000818,20000816,0,0,0,"",2018,20190808
"Goirle","H","41","Besloten vennootschap met gewone structuur","70221","Organisatie-adviesbureaus","","","","","","",20000908,20000908,20000818,20000817,20200114,0,20000908,"",2020,20211104
"Raamsdonksveer","H","01","Eenmanszaak","70221","Organisatie-adviesbureaus","47918","Internethandel overige non-food","4652","GH elektronische/telecommunicatieapp.","","",0,0,20071222,20000601,20180924,0,0,"",0,0
"Tilburg","H","01","Eenmanszaak","70221","Organisatie-adviesbureaus","","","","","N","N",0,0,20000821,20000101,0,0,0,"",0,0
"Tilburg","H","41","Besloten vennootschap met gewone structuur","6202","Advisering ohgv informatietechnologie","6201","Ontwikkelen/produceren/uitgeven software","","","","",20020605,20020605,20000821,20000815,20150101,0,20020605,"",2020,20220609
"Eethen","H","41","Besloten vennootschap met gewone structuur","6420","Financiële holdings","","","","","","",20000816,20000816,20000821,20000816,0,0,0,"",2020,20220613
"Rotterdam","H","41","Besloten vennootschap met gewone structuur","52291","Expediteurs/cargadoors/bevrachters e.d.","","","","","","",20001103,20001103,20001110,20000701,20200301,0,20001103,"",2020,20210705
"Breda","H","41","Besloten vennootschap met gewone structuur","64303","Beleggingsinst. met beperkte toetreding","","","","","J","J",20000815,20000815,20141106,20000815,20140924,0,0,"",2020,20211224
"Ossendrecht","H","11","Vennootschap onder firma","4332","Bouwtimmeren","46473","Groothandel in verlichtingsartikelen","","","N","N",20000701,0,20000818,20000701,20070904,0,0,"",0,0
"Oosterhout","","74","Stichting","93195","Organiseren van sportevenementen","","","","","","",20000818,20000818,0,0,0,0,0,"",0,0
"Hoofddorp","H","41","Besloten vennootschap met gewone structuur","18129","Overige drukkerijen (rest)","","","","","N","N",20010112,20010112,20010606,20000818,20120101,0,20010112,"",2020,20220225
"Zuidland","H","01","Eenmanszaak","45112","Handel/rep. personen-/lichte bedr.auto's","","","","","","",0,0,20080122,19930101,20080101,0,0,"",0,0
"Oisterwijk","","71","Vereniging met volledige rechtsbevoegdheid","94997","Overige belangenbehartiging (rest)","","","","","","",20000802,20000802,0,0,0,0,0,"",0,0
"Middelburg","H","01","Eenmanszaak","4120","Algemene burgerlijke en utiliteitsbouw","","","","","N","N",0,0,20000818,20000701,20181004,0,0,"",0,0
"Middelburg","","74","Stichting","90011","Beoefening van podiumkunst","","","","","","",20000728,0,0,0,0,0,0,"",0,0
"Capelle aan den IJssel","H","41","Besloten vennootschap met gewone structuur","70221","Organisatie-adviesbureaus","","","","","N","N",20001019,20001019,20000818,20000818,20040130,0,20001019,"",2020,20210923
"Capelle aan den IJssel","H","41","Besloten vennootschap met gewone structuur","6420","Financiële holdings","","","","","N","N",20000907,20000907,20000818,20000601,20001228,0,20000907,"",2019,20210916
"Capelle aan den IJssel","H","41","Besloten vennootschap met gewone structuur","16231","Verv. deuren, ramen en kozijnen van hout","2223","Verv. kunststofproducten voor de bouw","","","N","N",20000907,20000907,20000818,20000601,0,0,20000907,"",2019,20210916
"Rotterdam","H","01","Eenmanszaak","7021","Adviesbureaus publ. relations en comm.","8230","Organiseren van congressen en beurzen","","","N","N",0,0,20000818,20000101,20041001,0,0,"",0,0
"Rotterdam","H","41","Besloten vennootschap met gewone structuur","6420","Financiële holdings","","","","","N","N",20001006,20001006,20000818,20000801,20220601,0,20001006,"",2021,20220526
"Gorinchem","H","41","Besloten vennootschap met gewone structuur","6420","Financiële holdings","","","","","","",20001117,20001117,20021014,20000801,20181009,0,20001117,"",2019,20210528
"Dordrecht","H","01","Eenmanszaak","0161","Dienstverl. akker- en/of tuinbouw","","","","","","",0,0,20000818,20000101,20110315,0,0,"",0,0
"Zwijndrecht","H","41","Besloten vennootschap met gewone structuur","46699","GH ov.mach./app./toeb. ind./handel","","","","","N","N",20010403,20010403,20000818,20000818,20190323,0,20010403,"",2019,20210217
"Apeldoorn","H","41","Besloten vennootschap met gewone structuur","6420","Financiële holdings","78202","Uitleenbureaus","","","N","N",20010201,20010201,20030815,20000818,20161228,0,20010201,"",2021,20220516
"Waarder","H","01","Eenmanszaak","56102","Fastfoodrest, cafet, ijssal, eetkr e.d.","","","","","N","N",0,0,20000818,20000818,0,0,0,"",0,0
"Sliedrecht","H","41","Besloten vennootschap met gewone structuur","6420","Financiële holdings","","","","","","",20000814,20000814,20000818,20000814,20040201,0,0,"",2019,20210104
"Rotterdam","H","41","Besloten vennootschap met gewone structuur","6420","Financiële holdings","","","","","","",20000904,20000904,20181011,20000801,20180701,0,20000904,"",2020,20211028
"Strijen","H","41","Besloten vennootschap met gewone structuur","4110","Projectontwikkeling","","","","","N","N",20000817,20000817,20000818,20000817,0,0,0,"",2021,20220516
"Nieuw-Lekkerland","","74","Stichting","6420","Financiële holdings","","","","","","",20000814,20000814,0,0,0,0,0,"",0,0
"Spijkenisse","H","41","Besloten vennootschap met gewone structuur","6420","Financiële holdings","","","","","N","N",20010821,20010821,20000818,20000701,20210101,0,20010821,"",2021,20220531
"Capelle aan den IJssel","H","41","Besloten vennootschap met gewone structuur","70221","Organisatie-adviesbureaus","","","","","N","N",20000814,20000814,20000821,20000814,0,0,0,"",2007,20090609
"Sliedrecht","H","01","Eenmanszaak","46471","Groothandel in huismeubilair","47999","DH via overige distributievormen","","","N","N",0,0,20000821,20000821,20040901,0,0,"",0,0
"Schiedam","H","01","Eenmanszaak","4333","Afwerking van vloeren en wanden","","","","","N","N",0,0,20000821,20000821,20070801,0,0,"",0,0
"Ridderkerk","H","41","Besloten vennootschap met gewone structuur","2561","Oppervlaktebeh. en bekleding van metaal","2030","Verv. verf/vernis e.d/drukinkt/mastiek","","","N","N",20000810,20000810,20000821,20000810,20001101,0,0,"",2020,20210804
"Rotterdam","","74","Stichting","4932","Vervoer per taxi","","","","","","",20000811,20000811,0,0,0,0,0,"",0,0
"Haren Gn","H","01","Eenmanszaak","70221","Organisatie-adviesbureaus","85592","Bedrijfsopleiding en -training","","","N","N",0,0,20020612,20000821,20170901,0,0,"",0,0
"Rotterdam","H","01","Eenmanszaak","7311","Reclamebureaus","74103","Interieur- en ruimtelijk ontwerp","","","","",0,0,20000821,20000821,20050622,0,0,"",0,0
"Lienden","H","41","Besloten vennootschap met gewone structuur","6201","Ontwikkelen/produceren/uitgeven software","","","","","N","N",20000817,20000817,20060313,20000817,20060313,0,0,"",2020,20210517
"Barendrecht","H","01","Eenmanszaak","4333","Afwerking van vloeren en wanden","","","","","N","N",0,0,20000821,20000814,20010701,0,0,"",0,0
"Barendrecht","H","41","Besloten vennootschap met gewone structuur","4645","Groothandel in parfums en cosmetica","","","","","J","J",19990908,19990908,20000821,19990101,20170807,0,0,"",2021,20220509
"Zoetermeer","H","41","Besloten vennootschap met gewone structuur","6420","Financiële holdings","","","","","N","N",20001017,20001017,20000816,20000615,20080611,0,20001017,"",2020,20211110
"Landsmeer","H","41","Besloten vennootschap met gewone structuur","7311","Reclamebureaus","","","","","N","N",20001019,20001019,20160209,20000718,20160208,0,20001019,"",2020,20210916
"Zoetermeer","","74","Stichting","9002","Dienstverlening voor uitvoerende kunst","","","","","","",20000327,20000327,0,0,0,0,0,"",0,0
"Wijk bij Duurstede","H","41","Besloten vennootschap met gewone structuur","6420","Financiële holdings","","","","","N","N",20001128,20001128,20010130,20000815,20010126,0,20001128,"",2018,20190919
"Pijnacker","","71","Vereniging met volledige rechtsbevoegdheid","94997","Overige belangenbehartiging (rest)","","","","","","",20000816,20000816,0,0,0,0,0,"",0,0
"Rotterdam","","74","Stichting","94993","Steunfondsen (niet ohgv welzijnszorg)","","","","","","",20000810,20000810,0,0,0,0,0,"",0,0
"Delft","H","01","Eenmanszaak","85599","Studiebegeleiding/vorming/onderwijs","","","","","N","N",0,0,20000818,20000825,0,0,0,"",0,0
"Poeldijk","","71","Vereniging met volledige rechtsbevoegdheid","94997","Overige belangenbehartiging (rest)","","","","","","",20000811,20000811,0,0,0,0,0,"",0,0
"Kampen","H","01","Eenmanszaak","59111","Prod. films (geen televisiefilms)","90012","Producenten van podiumkunst","","","N","N",0,0,20150914,19880701,20200103,0,19901008,"",0,0
"Delft","H","01","Eenmanszaak","43999","Overige gespec. werkz. in de bouw (rest)","","","","","N","N",0,0,20000818,20000821,20121112,0,0,"",0,0
"'s-Gravenhage","H","01","Eenmanszaak","85592","Bedrijfsopleiding en -training","90011","Beoefening van podiumkunst","","","N","N",0,0,20000818,20000715,20090508,0,0,"",0,0
"'s-Gravenhage","H","41","Besloten vennootschap met gewone structuur","6831","Bemidd. bij handel/huur/verhuur onr.goed","","","","","N","N",20001107,20001107,20000818,20000818,20150518,0,20001107,"",2018,20201111
"Amsterdam","H","01","Eenmanszaak","8560","Dienstverlening voor het onderwijs","85592","Bedrijfsopleiding en -training","","","N","N",0,0,20081208,20000818,20080429,0,0,"",0,0
"Wassenaar","H","01","Eenmanszaak","96022","Schoonheidsverzorging/pedi-/manicures","8211","Brede administratieve dienstverlening","","","N","N",0,0,20000818,20000818,20141201,0,0,"",0,0
"Voorschoten","","74","Stichting","66191","Admin.kantoren voor aandelen/obligaties","","","","","","",19991224,19991224,0,0,0,0,0,"",0,0
"Hillegom","H","41","Besloten vennootschap met gewone structuur","6420","Financiële holdings","","","","","N","N",20000817,20000817,20000818,20000817,20200106,0,0,"",2020,20210628
"Leiderdorp","H","41","Besloten vennootschap met gewone structuur","6420","Financiële holdings","8219","Secretariële dienstverlening","","","N","N",20000809,20000809,20000818,20000809,0,0,0,"",2021,20220610
"Bodegraven","H","41","Besloten vennootschap met gewone structuur","6420","Financiële holdings","","","","","N","N",20000803,20000803,20000818,20000803,0,0,0,"",2020,20220419
"Lisse","","74","Stichting","66191","Admin.kantoren voor aandelen/obligaties","","","","","","",20000802,20000802,0,0,0,0,0,"",0,0
"Katwijk","H","41","Besloten vennootschap met gewone structuur","6420","Financiële holdings","6832","Beheer van onroerend goed","","","N","N",20001114,20001114,20001201,20000803,20050330,0,20001114,"",2020,20210831
"Naarden","","74","Stichting","94996","Overige ideële organisaties (rest)","","","","","","",20000818,20000818,0,0,0,0,0,"",0,0
"IJsselstein","H","01","Eenmanszaak","4120","Algemene burgerlijke en utiliteitsbouw","","","","","","",0,0,20000818,20000818,20180505,0,0,"",0,0
"Zegveld","H","01","Eenmanszaak","5811","Uitgeverijen van boeken","","","","","","",0,0,20000818,20000815,20161001,0,0,"",0,0
"Bussum","H","01","Eenmanszaak","85592","Bedrijfsopleiding en -training","70221","Organisatie-adviesbureaus","7911","Reisbemiddeling","","",0,0,20011018,20000821,20080101,0,0,"",0,0
"Utrecht","H","41","Besloten vennootschap met gewone structuur","4614","HB mach./techn.ben./schepen/vliegtuigen","64922","Volkskredietbanken/commerciële financ.","","","N","N",20000815,20000815,20100219,20000815,20190531,0,0,"",2020,20211011
"Zeist","H","01","Eenmanszaak","4331","Stukadoren","","","","","","",0,0,20000821,20000821,0,0,0,"",0,0
"Overberg","H","01","Eenmanszaak","31011","Interieurbouw","","","","","","",0,0,20000821,20000807,20161228,0,0,"",0,0
"Leiderdorp","H","41","Besloten vennootschap met gewone structuur","70222","Advisering ohgv management/bedrijfsv.","","","","","","",20001031,20001031,20051228,20000817,20090723,0,20001031,"",2019,20201218
"Bilthoven","H","41","Besloten vennootschap met gewone structuur","70222","Advisering ohgv management/bedrijfsv.","","","","","","",20000920,20000920,20000821,20000810,20170714,0,20000920,"",2020,20220520
"Amersfoort","H","41","Besloten vennootschap met gewone structuur","6420","Financiële holdings","","","","","","",20000825,20000825,20050502,20000825,20050502,0,0,"",2020,20210701
"IJsselstein","H","41","Besloten vennootschap met gewone structuur","6202","Advisering ohgv informatietechnologie","","","","","","",20001211,20001211,20000821,20000817,0,0,20001220,"",2020,20211206
"Utrecht","H","41","Besloten vennootschap met gewone structuur","46331","GH zuivelproducten/spijsoliën en -vetten","","","","","","",20000921,20000921,20090604,20000818,20171001,0,20000921,"",2020,20210622
"Nieuwegein","H","01","Eenmanszaak","5912","Facilitaire activ. voor film-/tv-prod.","","","","","","",0,0,20000821,20000801,20180101,0,0,"",0,0
"Bilthoven","H","01","Eenmanszaak","85592","Bedrijfsopleiding en -training","","","","","","",0,0,20000821,20000101,0,0,0,"",0,0
"Utrecht","H","01","Eenmanszaak","4639","GH voedings-/genotmiddelen algemeen ass.","31011","Interieurbouw","71112","Interieurarchitecten","","",0,0,20000821,20000829,20100817,0,0,"",0,0
"Bilthoven","H","41","Besloten vennootschap met gewone structuur","7311","Reclamebureaus","","","","","","",20000817,20000817,20000821,20000817,0,0,0,"",2020,20211026
"Utrecht","","72","Vereniging met beperkte rechtsbevoegdheid","85599","Studiebegeleiding/vorming/onderwijs","","","","","","",19980506,19980506,0,0,0,0,0,"",0,0
"Amsterdam","H","41","Besloten vennootschap met gewone structuur","70221","Organisatie-adviesbureaus","6420","Financiële holdings","66292","Pensioenadv.bureaus/beheer pensioenverm.","","",20000622,20000622,20160920,20000622,20160916,0,0,"",2020,20220429
"Soest","","74","Stichting","66191","Admin.kantoren voor aandelen/obligaties","","","","","","",20000802,20000802,0,0,0,0,0,"",0,0
"Weesp","H","01","Eenmanszaak","74103","Interieur- en ruimtelijk ontwerp","71112","Interieurarchitecten","59111","Prod. films (geen televisiefilms)","N","N",0,0,20000818,20000817,20121001,0,20020325,"",0,0
"Amersfoort","H","01","Eenmanszaak","70221","Organisatie-adviesbureaus","85592","Bedrijfsopleiding en -training","","","N","N",0,0,20000818,20000818,20080211,0,0,"",0,0
"Amersfoort","H","01","Eenmanszaak","5811","Uitgeverijen van boeken","","","","","","",0,0,20000821,20000801,0,0,20020101,"",0,0
"Soesterberg","H","11","Vennootschap onder firma","56101","Restaurants","56102","Fastfoodrest, cafet, ijssal, eetkr e.d.","","","N","N",20020101,0,20000821,20000818,0,0,20020101,"",0,0
"Huizen","H","01","Eenmanszaak","33121","Rep./onderh. mach. voor algemeen gebruik","","","","","","",0,0,20000821,20000821,0,0,0,"",0,0
"Amsterdam","H","41","Besloten vennootschap met gewone structuur","69101","Advocatenkantoren, bewindv. en curatoren","78201","Uitzendbureaus","","","N","N",20000801,20000801,20000818,20000801,20130503,0,0,"",2020,20211025
"Kudelstaart","H","41","Besloten vennootschap met gewone structuur","6420","Financiële holdings","","","","","N","N",20000814,20000814,20000818,20000814,20220520,0,0,"",2018,20200310
"Schiphol","H","41","Besloten vennootschap met gewone structuur","7912","Reisorganisatie","","","","","N","N",20000928,20000928,20000818,20000816,0,0,20000928,"",2020,20210625
"Beverwijk","H","01","Eenmanszaak","47899","Markthandel in overige goederen","","","","","N","N",0,0,20000818,20000301,0,0,0,"",0,0
"Beverwijk","N","01","Eenmanszaak","47899","Markthandel in overige goederen","","","","","N","N",0,0,0,20000301,0,0,0,"",0,0
"De Kwakel","H","41","Besloten vennootschap met gewone structuur","6420","Financiële holdings","","","","","N","N",20000815,20000815,20000818,20000815,0,0,0,"",2021,20220615
"De Kwakel","H","41","Besloten vennootschap met gewone structuur","7740","Lease niet-financiële immateriële activa","","","","","N","N",20000815,20000815,20000818,20000815,0,0,0,"",2021,20220615
"Amsterdam","","71","Vereniging met volledige rechtsbevoegdheid","90011","Beoefening van podiumkunst","","","","","","",20000621,20000621,0,0,0,0,0,"",0,0
"Alkmaar","H","41","Besloten vennootschap met gewone structuur","35112","Prod. elektriciteit door windenergie","","","","","N","N",20020905,20020905,20111017,20000801,20111001,0,20020905,"",2021,0
"Amstelveen","H","41","Besloten vennootschap met gewone structuur","6420","Financiële holdings","","","","","N","N",20000814,20000814,20000818,20000814,20070829,0,0,"",2020,20220415
"Haarlem","H","41","Besloten vennootschap met gewone structuur","70221","Organisatie-adviesbureaus","70222","Advisering ohgv management/bedrijfsv.","6202","Advisering ohgv informatietechnologie","N","N",20000818,20000818,20000818,20000818,20210625,0,0,"",2020,20220130
"Haarlem","H","01","Eenmanszaak","85519","Overig sport- en recreatieonderwijs","93195","Organiseren van sportevenementen","9002","Dienstverlening voor uitvoerende kunst","N","N",0,0,20000818,20000818,20180125,0,0,"",0,0
"Amersfoort","H","01","Eenmanszaak","70221","Organisatie-adviesbureaus","","","","","N","N",0,0,20050419,20000818,20210326,0,0,"",0,0
"Amsterdam","H","11","Vennootschap onder firma","56101","Restaurants","","","","","N","N",20000701,0,20000818,20000701,20000701,0,20000701,"",0,0
"Amstelveen","H","41","Besloten vennootschap met gewone structuur","7912","Reisorganisatie","","","","","N","N",20020510,20020510,20020515,19880101,20040821,0,20020510,"",2021,20211031
"Bussum","H","41","Besloten vennootschap met gewone structuur","70221","Organisatie-adviesbureaus","","","","","N","N",20000817,20000817,20160401,20000817,20160401,0,0,"",2021,20220401
"Amsterdam","H","41","Besloten vennootschap met gewone structuur","6810","Handel in eigen onroerend goed","","","","","N","N",20000814,20000814,20000821,20000814,0,0,0,"",2020,20211107
"Amsterdam","H","41","Besloten vennootschap met gewone structuur","6810","Handel in eigen onroerend goed","","","","","N","N",20000814,20000814,20000821,20000814,0,0,0,"",2020,20211107
"Schiphol-Rijk","H","41","Besloten vennootschap met gewone structuur","6420","Financiële holdings","","","","","N","N",20000818,20000818,20000821,20000818,20001211,0,0,"",2020,20211215
"Amsterdam","H","41","Besloten vennootschap met gewone structuur","7740","Lease niet-financiële immateriële activa","","","","","N","N",20000821,20000821,20190515,20000821,20190401,0,0,"",2020,20210702
"Lunteren","H","01","Eenmanszaak","70221","Organisatie-adviesbureaus","9609","Overige dienstverlening (rest)","","","N","N",0,0,20050404,20000821,20050401,0,0,"",0,0
"Zaandijk","H","41","Besloten vennootschap met gewone structuur","70221","Organisatie-adviesbureaus","70222","Advisering ohgv management/bedrijfsv.","69209","Overige administratiekantoren","N","N",20000817,20000817,20000821,20000817,20170401,0,0,"",2020,20220104
"Heiloo","H","41","Besloten vennootschap met gewone structuur","6420","Financiële holdings","","","","","N","N",20000705,20000705,20000817,20000705,0,0,0,"",2020,20211229
"'t Zand","H","41","Besloten vennootschap met gewone structuur","4120","Algemene burgerlijke en utiliteitsbouw","","","","","N","N",20000816,20000816,20000817,20000816,0,0,0,"",2020,20210914
"Schagen","H","41","Besloten vennootschap met gewone structuur","6420","Financiële holdings","","","","","N","N",20000816,20000816,20000817,20000816,20110101,0,0,"",2020,20210526
"Middenmeer","H","41","Besloten vennootschap met gewone structuur","6420","Financiële holdings","","","","","N","J",20000816,20000816,20000818,20000816,20210105,0,0,"",2020,20210907
"Zuid-Scharwoude","H","01","Eenmanszaak","8121","Interieurreiniging van gebouwen","81221","Glazenwassen","","","N","N",0,0,20000818,20000807,0,0,20010201,"",0,0
"Limmen","H","41","Besloten vennootschap met gewone structuur","6420","Financiële holdings","","","","","N","N",20001020,20001020,20151021,20000701,20151020,0,20001020,"",2004,20060711
"Castricum","H","41","Besloten vennootschap met gewone structuur","70102","Holdings (geen financiële)","","","","","N","N",20000814,20000814,20000821,20000814,0,0,0,"",2020,20211123
"Alkmaar","H","41","Besloten vennootschap met gewone structuur","7112","Ingenieurs/overig techn. ontwerp/advies","46695","Groothandel in meet- en regelapparaten","","","J","J",20060828,20060828,20000821,20000828,20040901,0,20060828,"",2020,20210712
"Twisk","H","01","Eenmanszaak","90011","Beoefening van podiumkunst","55102","Hotels (geen hotel-rest.)/pens./conf.o.","","","N","N",0,0,20180201,20000821,20171201,0,0,"",0,0
"Heiloo","H","01","Eenmanszaak","74103","Interieur- en ruimtelijk ontwerp","","","","","N","N",0,0,20000821,20000821,20010101,0,0,"",0,0
"Deventer","N","01","Eenmanszaak","8121","Interieurreiniging van gebouwen","46751","GH chem.grondst./chemicaliën ind.toep.","","","N","N",0,0,20000821,20000821,0,0,0,"",0,0
"Almere","H","41","Besloten vennootschap met gewone structuur","4651","GH computers, randapparatuur en software","70102","Holdings (geen financiële)","8211","Brede administratieve dienstverlening","N","N",20001204,20001204,20000817,20000801,20090301,0,20001204,"",2020,20211006
"Almere","H","01","Eenmanszaak","86919","Overige paramedische praktijken","74101","Communicatie- en grafisch ontwerp","","","N","N",0,0,20000817,20000801,20200330,0,0,"",0,0
"Dronten","H","11","Vennootschap onder firma","47431","Winkels in audio- en videoapparatuur","47541","Winkels in witgoed","9511","Reparatie van computers/randapparatuur","N","N",20030101,0,20000818,20000818,20070401,0,20030101,"",0,0
"Wageningen","","74","Stichting","70221","Organisatie-adviesbureaus","","","","","","",20000816,20000816,0,0,0,0,0,"",0,0
"Emmeloord","H","11","Vennootschap onder firma","47716","Winkels in onderkleding, foundations ed.","47742","Winkels in medische/orthopedische art.","","","N","N",20070101,0,20000821,20000821,20191201,0,20070101,"",0,0
"Lelystad","H","01","Eenmanszaak","46731","Groothandel in hout en plaatmateriaal","","","","","N","N",0,0,20000821,20000821,20130101,0,0,"",0,0
"St.-Annaparochie","H","01","Eenmanszaak","6209","Ov. dienstv. act. ohgv informatietechn.","9511","Reparatie van computers/randapparatuur","47793","Winkels tweedeh. goederen (geen kleding)","N","N",0,0,20000822,20000801,20200328,0,0,"",0,0
"Wolvega","H","41","Besloten vennootschap met gewone structuur","4711","Supermarkten e.d. winkels alg.ass.v.gm.","","","","","N","N",20030325,20030325,20000821,19790402,20030715,0,20030325,"",2020,20210709
"Leeuwarden","","74","Stichting","90011","Beoefening van podiumkunst","","","","","","",20000719,20000719,0,0,0,0,0,"",0,0
"Bad Nieuweschans","H","01","Eenmanszaak","9529","Reparatie van overige consumentenart.","47999","DH via overige distributievormen","7721","Verhuur van sport- en recreatieartikelen","","",0,0,20000822,20000822,0,0,0,"",0,0
"Groningen","H","01","Eenmanszaak","4120","Algemene burgerlijke en utiliteitsbouw","","","","","N","N",0,0,20000822,20000501,20061001,0,0,"",0,0
"Zwolle","H","41","Besloten vennootschap met gewone structuur","6420","Financiële holdings","","","","","","",20000817,20000817,20000821,20000817,20210205,0,0,"",2020,20210720
"Ommen","","71","Vereniging met volledige rechtsbevoegdheid","93144","Bowlen, kegelen, biljarten e.d.","","","","","","",20000818,20000818,0,0,0,0,0,"",0,0
"Gramsbergen","","71","Vereniging met volledige rechtsbevoegdheid","94997","Overige belangenbehartiging (rest)","","","","","","",20000814,20000814,0,0,0,0,0,"",0,0
"Nagele","H","41","Besloten vennootschap met gewone structuur","70221","Organisatie-adviesbureaus","7112","Ingenieurs/overig techn. ontwerp/advies","","","","",20000816,20000816,20040701,20000816,20040701,0,0,"",2021,20220102
"Voorthuizen","H","01","Eenmanszaak","0220","Exploitatie van bossen","53202","Koeriers","","","N","N",0,0,20000821,20000806,20021010,0,0,"",0,0
"Kootwijkerbroek","H","01","Eenmanszaak","2562","Algemene metaalbewerking","78202","Uitleenbureaus","","","N","N",0,0,20000821,20000815,20090123,0,0,"",0,0
"Apeldoorn","","74","Stichting","94919","Over. levensbeschouwelijke organisaties","","","","","","",20000817,20000817,0,0,0,0,0,"",0,0
"Emst","","71","Vereniging met volledige rechtsbevoegdheid","93145","Denksport","","","","","","",19800301,19800301,0,0,0,0,0,"",0,0
"Oldenzaal","H","41","Besloten vennootschap met gewone structuur","6831","Bemidd. bij handel/huur/verhuur onr.goed","","","","","","",20000818,20000818,20000821,20000818,20180401,0,0,"",2020,20210918
"Haaksbergen","","74","Stichting","94992","Hobbyclubs","","","","","","",20000818,20000818,0,0,0,0,0,"",0,0
"Houten","H","01","Eenmanszaak","6312","Webportals","52291","Expediteurs/cargadoors/bevrachters e.d.","","","N","N",0,0,20121212,20000821,20141102,0,0,"",0,0
"Apeldoorn","H","01","Eenmanszaak","7112","Ingenieurs/overig techn. ontwerp/advies","","","","","N","N",0,0,20000822,20000821,0,0,0,"",0,0
"Apeldoorn","H","41","Besloten vennootschap met gewone structuur","70221","Organisatie-adviesbureaus","","","","","N","N",20001116,20001116,20000822,20000821,20200706,0,20001116,"",2020,20211109
"Lent","H","41","Besloten vennootschap met gewone structuur","6420","Financiële holdings","","","","","","",20000816,20000816,20000821,20000816,20190701,0,0,"",2020,20211021
"Doetinchem","","74","Stichting","94993","Steunfondsen (niet ohgv welzijnszorg)","","","","","","",20000815,20000815,0,0,0,0,0,"",0,0
"Zutphen","H","41","Besloten vennootschap met gewone structuur","6420","Financiële holdings","","","","","","",20000816,20000816,20190227,20000816,20190225,0,0,"",2020,20211022
"Arnhem","H","41","Besloten vennootschap met gewone structuur","6420","Financiële holdings","","","","","","",20000816,20000816,20000821,20000816,0,0,0,"",2021,20220516
"Huissen","H","41","Besloten vennootschap met gewone structuur","70221","Organisatie-adviesbureaus","","","","","","",20000818,20000818,20000821,20000818,0,0,0,"",2021,20220524
"Oosterbeek","H","01","Eenmanszaak","7810","Arbeidsbemiddeling","","","","","","",0,0,20000822,20000822,20161003,0,0,"",0,0
"Lunteren","H","41","Besloten vennootschap met gewone structuur","6420","Financiële holdings","","","","","","",20000814,20000814,20000822,20000814,20020322,0,0,"",2021,20220329
"Ede","H","41","Besloten vennootschap met gewone structuur","4110","Projectontwikkeling","","","","","","",20000814,20000814,20000822,20000814,20020531,0,0,"",2021,20220321
"Wehl","H","01","Eenmanszaak","85519","Overig sport- en recreatieonderwijs","","","","","N","N",0,0,20000822,20000801,20200708,0,0,"",0,0
"Arnhem","H","41","Besloten vennootschap met gewone structuur","70221","Organisatie-adviesbureaus","78202","Uitleenbureaus","","","","",20020521,20020521,20000822,20000830,20140815,0,20020521,"",2020,20210618
"Elst","H","41","Besloten vennootschap met gewone structuur","46694","GH appendages/technische toebehoren e.d.","","","","","","",20001006,20001006,20000822,20000801,20170101,0,20001006,"",2021,20220616
"Apeldoorn","H","41","Besloten vennootschap met gewone structuur","64302","Beleggingsinstellingen in vaste activa","","","","","","",20000818,20000818,20061010,20000818,20061009,0,0,"",2020,20211223
"Duiven","H","41","Besloten vennootschap met gewone structuur","81229","Ov. Gespec. reiniging gebouw/industrieel","78202","Uitleenbureaus","43999","Overige gespec. werkz. in de bouw (rest)","","",20000818,20000818,20000822,20000818,20181024,0,0,"",2021,20220616
"Wijchen","H","41","Besloten vennootschap met gewone structuur","78201","Uitzendbureaus","46231","Groothandel in levend vee","","","","",20000922,20000922,20000822,20000101,20170123,0,20000922,"",2020,20220430
"Nieuwegein","H","41","Besloten vennootschap met gewone structuur","6201","Ontwikkelen/produceren/uitgeven software","","","","","","",20000821,20000821,20060725,20000821,20100201,0,0,"",2021,20220523
"Horst","H","01","Eenmanszaak","2562","Algemene metaalbewerking","77399","Verh./lease ov.mach./werkt./ov. goederen","","","N","N",0,0,20000701,20000701,0,0,0,"",0,0
"Stein","H","11","Vennootschap onder firma","46211","Groothandel in granen","","","","","N","N",19990101,0,20000809,19990101,0,0,0,"",0,0
"Landgraaf","H","41","Besloten vennootschap met gewone structuur","69204","Belastingconsulenten","69102","Rechtskundige adviesbureaus","","","N","N",20000817,20000817,20000822,20000817,20001026,0,0,"",2020,20220309
"Kerkrade","H","41","Besloten vennootschap met gewone structuur","46491","Groothandel in fietsen en bromfietsen","","","","","N","N",20000817,20000817,20000822,20000817,20200610,0,0,"",2021,20220503
"Maastricht","H","41","Besloten vennootschap met gewone structuur","56101","Restaurants","","","","","N","N",20000817,20000817,20000822,20000817,0,0,0,"F",2013,20150529
"Heerlen","H","01","Eenmanszaak","86919","Overige paramedische praktijken","","","","","N","N",0,0,20000822,20000701,20220108,0,20060913,"",0,0
"Born","H","41","Besloten vennootschap met gewone structuur","6420","Financiële holdings","","","","","N","N",20001115,20001115,20000822,20000822,20160802,0,20001115,"",2014,20160329
"Maastricht","H","41","Besloten vennootschap met gewone structuur","6420","Financiële holdings","70102","Holdings (geen financiële)","","","N","N",20000927,20000927,20000822,20000101,20120724,0,20000927,"",2020,20211025
"Loosbroek","H","41","Besloten vennootschap met gewone structuur","01472","Opfokken en/of houden van vleeskuikens","","","","","","",20061130,20061130,20000816,19980428,20061130,0,20061130,"",2020,20220211
"Herpt","H","01","Eenmanszaak","01193","Teelt van voedergewassen","46213","Groothandel in hooi, stro en ruwvoeder","0161","Dienstverl. akker- en/of tuinbouw","N","N",0,0,20000817,20000815,0,0,0,"",0,0
"Veldhoven","H","41","Besloten vennootschap met gewone structuur","6420","Financiële holdings","","","","","","",20000815,20000815,20000817,20000815,20220401,0,0,"",2016,20171106
"Ravenstein","H","41","Besloten vennootschap met gewone structuur","5621","Eventcatering","","","","","","",20000816,20000816,20000817,20000816,20150601,0,0,"",2020,20220308
"Boxmeer","","74","Stichting","88993","Lokaal welzijnswerk","","","","","","",20000706,20000706,0,0,0,0,0,"",0,0
"Groeningen","H","41","Besloten vennootschap met gewone structuur","6420","Financiële holdings","","","","","","",20000803,20000803,20000817,20000803,0,0,0,"",2020,20210708
"Deurne","H","41","Besloten vennootschap met gewone structuur","6420","Financiële holdings","","","","","","",20000126,20000126,20000817,20000126,0,0,0,"",2021,20220520
"'s-Hertogenbosch","H","41","Besloten vennootschap met gewone structuur","6420","Financiële holdings","","","","","","",20001123,20001123,20000818,20000801,20040901,0,20001123,"",2021,20220425
"Vught","H","41","Besloten vennootschap met gewone structuur","6420","Financiële holdings","","","","","","",20000815,20000815,20000818,20000815,20020701,0,0,"",2020,20211028
"Bilthoven","H","41","Besloten vennootschap met gewone structuur","69204","Belastingconsulenten","4634","Groothandel in dranken (geen zuivel)","47911","Internethandel voeding en drogisterij","","",20000915,20000915,20050323,20000701,20050314,0,20000915,"",2020,20220131
"Bilthoven","H","41","Besloten vennootschap met gewone structuur","6420","Financiële holdings","","","","","","",20000915,20000915,20050323,20000701,20050314,0,20000915,"",2020,20211026
"Waalwijk","","74","Stichting","9002","Dienstverlening voor uitvoerende kunst","","","","","","",20000818,20000818,0,0,0,0,0,"",0,0
"Made","H","41","Besloten vennootschap met gewone structuur","70102","Holdings (geen financiële)","","","","","","",20000817,20000817,20071222,19981102,0,0,20000817,"",2020,20211224
"Ridderkerk","N","41","Besloten vennootschap met gewone structuur","47544","Winkels in onderd.voor el.huish.app.","74201","Fotografie","","","","",19780531,19780531,20000822,20000101,0,0,0,"",2020,20210809
"Capelle aan den IJssel","N","41","Besloten vennootschap met gewone structuur","47544","Winkels in onderd.voor el.huish.app.","","","","","","",19780531,19780531,20000822,20000101,0,0,0,"",2020,20210809
"Oosterhout","H","01","Eenmanszaak","9609","Overige dienstverlening (rest)","","","","","","",0,0,20000822,20000817,0,0,0,"",0,0
"Bergen op Zoom","H","41","Besloten vennootschap met gewone structuur","68204","Verh. onroerend goed (niet v woonruimte)","","","","","","",20000728,20000728,20000822,20000728,20200806,0,0,"",2021,20220119
"Etten-Leur","H","41","Besloten vennootschap met gewone structuur","4652","GH elektronische/telecommunicatieapp.","46473","Groothandel in verlichtingsartikelen","46432","GH elektrische huishoudelijke apparaten","","",20000815,20000815,20000822,20000815,20080101,0,0,"",2020,20211027
"Wernhout","H","01","Eenmanszaak","86919","Overige paramedische praktijken","7911","Reisbemiddeling","","","N","N",0,0,20000822,20000822,20091223,0,0,"",0,0
"Hoogerheide","H","01","Eenmanszaak","96022","Schoonheidsverzorging/pedi-/manicures","","","","","","",0,0,20000822,20000101,20051220,0,0,"",0,0
"Huijbergen","H","01","Eenmanszaak","86913","Praktijken van psychotherapeuten/-logen","","","","","","",0,0,20000622,20000801,20220328,0,0,"",0,0
"Etten-Leur","H","41","Besloten vennootschap met gewone structuur","6420","Financiële holdings","","","","","","",20000815,20000815,20000822,20000815,20160101,0,0,"",2020,20211210
"Oosterhout","H","41","Besloten vennootschap met gewone structuur","70221","Organisatie-adviesbureaus","","","","","J","N",20000815,20000815,20000822,20000828,0,0,0,"",2021,20220310
"Waspik","H","01","Eenmanszaak","4110","Projectontwikkeling","7112","Ingenieurs/overig techn. ontwerp/advies","","","","",0,0,20210302,20000801,20210220,0,0,"",0,0
"Breda","","71","Vereniging met volledige rechtsbevoegdheid","93146","Sportscholen","","","","","","",20000818,20000818,0,0,0,0,0,"",0,0
"Wouw","H","01","Eenmanszaak","4332","Bouwtimmeren","","","","","","",0,0,20000822,20000828,0,0,0,"",0,0
"Oostburg","H","41","Besloten vennootschap met gewone structuur","6201","Ontwikkelen/produceren/uitgeven software","","","","","N","N",20000816,20000816,20000821,20000816,20070801,0,0,"",2020,20210923
"Zierikzee","H","01","Eenmanszaak","86919","Overige paramedische praktijken","","","","","N","N",0,0,20000822,20000822,0,0,0,"",0,0
"Middelburg","H","11","Vennootschap onder firma","0150","Akker-/tuinbouw icm fokken/houden dieren","1051","Verv. zuivelprod. (geen consumptie-ijs)","","","N","N",20000301,0,20000822,20000301,0,0,0,"",0,0
"Capelle aan den IJssel","H","41","Besloten vennootschap met gewone structuur","70221","Organisatie-adviesbureaus","","","","","N","N",20000818,20000818,20000822,20000818,0,0,0,"",2018,20191112
"'s-Gravenhage","H","41","Besloten vennootschap met gewone structuur","6420","Financiële holdings","","","","","N","N",20000814,20000814,20180105,20000814,20171220,0,0,"",2019,20201215
"Rotterdam","H","41","Besloten vennootschap met gewone structuur","6201","Ontwikkelen/produceren/uitgeven software","","","","","N","N",20000913,20000913,20000822,20000801,20080801,0,20000913,"",2020,20211227
"Hoogvliet Rotterdam","H","41","Besloten vennootschap met gewone structuur","85592","Bedrijfsopleiding en -training","","","","","N","N",20010116,20010116,20000822,20000524,20160815,0,20010116,"",2020,20210922
"Schiedam","H","01","Eenmanszaak","86919","Overige paramedische praktijken","","","","","N","N",0,0,20000822,20000822,20191113,0,0,"",0,0
"Heinenoord","H","41","Besloten vennootschap met gewone structuur","7732","Verh./lease machines/instal.voor de bouw","","","","","N","N",20001220,20001220,20000822,20000801,20220415,0,20001220,"",2021,20220324
"Rotterdam","H","41","Besloten vennootschap met gewone structuur","64303","Beleggingsinst. met beperkte toetreding","","","","","N","N",20000907,20000907,20000822,20000801,20090720,0,20000907,"",2020,20210614
"Alblasserdam","","71","Vereniging met volledige rechtsbevoegdheid","90011","Beoefening van podiumkunst","","","","","","",20000821,20000821,0,0,0,0,0,"",0,0
"Reeuwijk","H","01","Eenmanszaak","9003","Schrijven en overige scheppende kunst","","","","","","",0,0,20000822,20000101,0,0,0,"",0,0
"Spijkenisse","H","01","Eenmanszaak","96021","Haarverzorging","","","","","N","N",0,0,20000822,20000822,0,0,0,"",0,0
"Gouda","","71","Vereniging met volledige rechtsbevoegdheid","94997","Overige belangenbehartiging (rest)","","","","","","",19590602,20000818,0,0,0,0,0,"",0,0
"Brielle","H","01","Eenmanszaak","4334","Schilderen en glaszetten","","","","","","",0,0,20000822,20000828,20220601,0,0,"",0,0
"Heerlen","N","51","Naamloze vennootschap met gewone structuur","7911","Reisbemiddeling","","","","","","",19730321,19730321,20000821,20000801,20180329,0,0,"",2020,0
"Zoetermeer","","74","Stichting","94993","Steunfondsen (niet ohgv welzijnszorg)","91022","Kunstgalerieën en -expositieruimten","","","","",20000327,20000327,0,0,0,0,0,"",0,0
"Wassenaar","H","01","Eenmanszaak","86919","Overige paramedische praktijken","88101","Thuiszorg","","","N","N",0,0,20100713,20000101,20100601,0,0,"",0,0
"Zoetermeer","H","01","Eenmanszaak","4120","Algemene burgerlijke en utiliteitsbouw","","","","","N","N",0,0,20000821,20000821,20200210,0,0,"",0,0
"Zoetermeer","H","01","Eenmanszaak","70221","Organisatie-adviesbureaus","","","","","N","N",0,0,20160519,20000821,20190102,0,0,"",0,0
"Zoetermeer","H","11","Vennootschap onder firma","74202","Ontwikkelwinkels","","","","","N","N",20070101,0,20000822,19891201,0,0,20070101,"",0,0
"'s-Gravenhage","H","21","Commanditaire vennootschap","72192","Technisch speur- en ontwikkelingswerk","","","","","N","N",20000822,0,20220104,20000822,20220101,0,0,"",0,0
"Boskoop","H","41","Besloten vennootschap met gewone structuur","6202","Advisering ohgv informatietechnologie","7911","Reisbemiddeling","","","","",20000807,20000807,20000821,20000807,20020801,0,0,"",2014,20150728
"Alphen aan den Rijn","","74","Stichting","69209","Overige administratiekantoren","","","","","","",20000807,20000807,0,0,0,0,0,"",0,0
"Rijnsburg","H","41","Besloten vennootschap met gewone structuur","70102","Holdings (geen financiële)","","","","","N","N",20000830,20000830,20000904,20000714,0,0,20000830,"",2020,20211129
"Leiden","H","01","Eenmanszaak","4311","Slopen van bouwwerken","8121","Interieurreiniging van gebouwen","81221","Glazenwassen","N","N",0,0,20021211,20000825,0,0,20021211,"",0,0
"Voorhout","H","41","Besloten vennootschap met gewone structuur","70102","Holdings (geen financiële)","","","","","N","N",20000830,20000830,20000904,20000714,0,0,20000830,"",2020,20211129
"Leiden","H","01","Eenmanszaak","85519","Overig sport- en recreatieonderwijs","","","","","N","N",0,0,20000821,20000101,20101001,0,0,"",0,0
"Leiden","H","41","Besloten vennootschap met gewone structuur","7112","Ingenieurs/overig techn. ontwerp/advies","","","","","N","J",20000817,20000817,20000821,20000817,20180301,0,0,"",2020,20210701
"Leiderdorp","H","41","Besloten vennootschap met gewone structuur","70102","Holdings (geen financiële)","","","","","N","N",20000830,20000830,20000904,20000714,0,0,20000830,"",2020,20211129
"Woerden","H","41","Besloten vennootschap met gewone structuur","6420","Financiële holdings","","","","","","",20000727,20000727,20000822,20000727,20150331,0,0,"",2020,20220503
"De Meern","H","41","Besloten vennootschap met gewone structuur","6420","Financiële holdings","","","","","","",20000807,20000807,20000822,20000807,0,0,0,"",2020,20210928
"Wekerom","H","41","Besloten vennootschap met gewone structuur","4941","Goederenvervoer over weg (geen verhuiz.)","","","","","","",20031120,20031120,20190404,20000821,20190404,0,20031120,"",2021,20220601
"Bussum","H","41","Besloten vennootschap met gewone structuur","66191","Admin.kantoren voor aandelen/obligaties","7830","Payrolling (personeelsbeheer)","","","","",20000817,20000817,20151012,20000817,20151008,0,0,"",2018,20191219
"Maarssen","H","41","Besloten vennootschap met gewone structuur","70221","Organisatie-adviesbureaus","6202","Advisering ohgv informatietechnologie","","","","",20021219,20021219,20000822,20000822,0,0,20021219,"",2020,20220103
"Utrecht","H","41","Besloten vennootschap met gewone structuur","6420","Financiële holdings","","","","","","",20001017,20001017,20000822,20000822,20170701,0,20001017,"",2020,20220207
"Utrecht","H","41","Besloten vennootschap met gewone structuur","78201","Uitzendbureaus","7810","Arbeidsbemiddeling","78202","Uitleenbureaus","N","N",20001017,20001017,20030826,20000822,20170701,0,20001017,"",2021,20220407
"Utrecht","H","41","Besloten vennootschap met gewone structuur","6420","Financiële holdings","","","","","","",20000815,20000815,20000822,20000815,20130806,0,0,"",2012,20130730
"Rotterdam","H","41","Besloten vennootschap met gewone structuur","6420","Financiële holdings","2829","Verv. ov. machines/apparaten alg.gebruik","","","","",20000719,20000719,20011213,20000719,20130101,0,0,"",2020,20210630
"Utrecht","H","01","Eenmanszaak","4120","Algemene burgerlijke en utiliteitsbouw","31011","Interieurbouw","","","N","N",0,0,20000822,20000101,0,0,0,"",0,0
"Amsterdam","H","41","Besloten vennootschap met gewone structuur","85599","Studiebegeleiding/vorming/onderwijs","68204","Verh. onroerend goed (niet v woonruimte)","","","N","N",20000630,20000630,20000822,20000630,20131101,0,0,"",2020,20220215
"Heemstede","H","41","Besloten vennootschap met gewone structuur","6201","Ontwikkelen/produceren/uitgeven software","","","","","N","N",20010816,20010816,20000816,20000701,20210412,0,20010816,"",2020,20210521
"Culemborg","H","41","Besloten vennootschap met gewone structuur","6201","Ontwikkelen/produceren/uitgeven software","70221","Organisatie-adviesbureaus","7810","Arbeidsbemiddeling","N","J",20010427,20010427,20050310,20000701,20180420,0,20010427,"",2020,20211006
"Amsterdam","H","41","Besloten vennootschap met gewone structuur","6420","Financiële holdings","","","","","N","N",20000811,20000811,20000817,20000811,20130502,0,0,"",2021,20220415
"Ouderkerk aan de Amstel","H","41","Besloten vennootschap met gewone structuur","6420","Financiële holdings","","","","","N","N",20000816,20000816,20000817,20000816,20180312,0,0,"",2019,20210910
"Amsterdam","H","41","Besloten vennootschap met gewone structuur","3240","Vervaardiging van speelgoed en spellen","46494","Groothandel in speelgoed","7490","Overige special. zakelijke dienstverl.","N","N",20000804,20000804,20000822,20000804,20190902,0,0,"",2021,20220531
"De Kwakel","H","41","Besloten vennootschap met gewone structuur","6420","Financiële holdings","","","","","N","N",20000815,20000815,20000822,20000815,0,0,0,"",2020,20220417
"Zandvoort","H","41","Besloten vennootschap met gewone structuur","6420","Financiële holdings","","","","","N","N",20001002,20001002,20000822,20000821,20110203,0,20001002,"",0,0
"De Kwakel","H","41","Besloten vennootschap met gewone structuur","6420","Financiële holdings","","","","","N","N",20000815,20000815,20000822,20000815,0,0,0,"",2020,20220125
"Haarlem","H","41","Besloten vennootschap met gewone structuur","6420","Financiële holdings","","","","","N","N",20000814,20000814,20000822,20000814,20081201,0,0,"",2020,20210930
"Haarlem","H","41","Besloten vennootschap met gewone structuur","6420","Financiële holdings","","","","","N","N",20000814,20000814,20000822,20000814,20020321,0,0,"",2021,20220607
"Abbenes","H","41","Besloten vennootschap met gewone structuur","45205","Overige gespec. reparatie/slepen auto's","4941","Goederenvervoer over weg (geen verhuiz.)","4932","Vervoer per taxi","N","N",20000817,20000817,20000822,19460101,0,0,20000818,"",2019,20210701
"Breda","H","41","Besloten vennootschap met gewone structuur","6420","Financiële holdings","7220","Speur-/ontw.werk ogv maats./geesteswet.","","","N","N",20000815,20000815,20220419,20000815,20220328,0,0,"",2021,20220316
"Amsterdam","","74","Stichting","94997","Overige belangenbehartiging (rest)","","","","","","",20000726,20000726,0,0,0,0,0,"",0,0
"Amsterdam","H","41","Besloten vennootschap met gewone structuur","6420","Financiële holdings","","","","","N","N",20001023,20001023,20000822,20000818,20020314,0,20001023,"",2020,20210816
"Amsterdam","H","41","Besloten vennootschap met gewone structuur","6420","Financiële holdings","","","","","N","N",20001023,20001023,20000822,20000818,20160721,0,20001023,"",2019,20210813
"Diemen","H","41","Besloten vennootschap met gewone structuur","6202","Advisering ohgv informatietechnologie","4651","GH computers, randapparatuur en software","","","N","N",20000815,20000815,20000522,19990621,20190101,0,20000815,"",2020,20211228
"Amsterdam","H","41","Besloten vennootschap met gewone structuur","6420","Financiële holdings","","","","","N","N",20000810,20000810,20000822,20000810,0,0,0,"",2021,20220303
"Emmen","N","41","Besloten vennootschap met gewone structuur","47741","Winkels in drogisterij-artikelen","","","","","N","N",19741125,19741125,20000822,20000822,20000822,0,0,"",2020,0
"Oosthuizen","","74","Stichting","91022","Kunstgalerieën en -expositieruimten","","","","","","",20000808,20000808,0,0,0,0,0,"",0,0
"Hippolytushoef","H","01","Eenmanszaak","2562","Algemene metaalbewerking","7490","Overige special. zakelijke dienstverl.","","","N","N",0,0,20000822,20000828,0,0,0,"",0,0
"Volendam","","71","Vereniging met volledige rechtsbevoegdheid","94997","Overige belangenbehartiging (rest)","","","","","","",19990101,19990101,0,0,0,0,0,"",0,0
"Broeksterwâld","H","11","Vennootschap onder firma","47528","Bouwmarkten/winkels bouwmat. alg.ass.","46699","GH ov.mach./app./toeb. ind./handel","","","","",20000816,0,20000822,19600500,0,0,20001001,"",0,0
"Drachten","H","41","Besloten vennootschap met gewone structuur","70102","Holdings (geen financiële)","","","","","","",20010119,20010119,20000822,20000815,20020401,0,20010119,"",2021,20220404
"Groningen","H","01","Eenmanszaak","85592","Bedrijfsopleiding en -training","7430","Vertalers en tolken","","","","",0,0,20000823,20000822,20021101,0,20050101,"",0,0
"Delfzijl","H","41","Besloten vennootschap met gewone structuur","6420","Financiële holdings","","","","","","",20000822,20000822,20000823,20000822,0,0,0,"",2021,20220325
"Delfzijl","H","41","Besloten vennootschap met gewone structuur","6420","Financiële holdings","","","","","","",20000822,20000822,20000823,20000822,0,0,0,"",2021,20220329
"Gorinchem","H","41","Besloten vennootschap met gewone structuur","7112","Ingenieurs/overig techn. ontwerp/advies","2599","Verv. overige producten van metaal","2790","Verv. overige elektrische apparatuur","N","N",20000907,20000907,20140412,20000701,20160715,0,20000907,"",2021,20220527
"Zwartsluis","","74","Stichting","88999","Overig maatsch.adv./gemeenschapshuizen","","","","","","",20000810,20000810,0,0,0,0,0,"",0,0
"Kampen","","71","Vereniging met volledige rechtsbevoegdheid","94992","Hobbyclubs","","","","","","",20000501,0,0,0,0,0,0,"",0,0
"Barneveld","H","41","Besloten vennootschap met gewone structuur","4651","GH computers, randapparatuur en software","","","","","N","N",20000904,20000904,20000823,20000801,20191011,0,20000904,"",2021,20220413
"Loenen","","71","Vereniging met volledige rechtsbevoegdheid","64303","Beleggingsinst. met beperkte toetreding","","","","","","",20000817,20000817,0,0,0,0,0,"",0,0
"Uddel","","74","Stichting","66191","Admin.kantoren voor aandelen/obligaties","","","","","","",20000720,0,0,0,0,0,0,"",0,0
"Almelo","H","41","Besloten vennootschap met gewone structuur","6420","Financiële holdings","","","","","N","N",20050302,20050302,20000801,20000801,20071001,0,20050302,"",2020,20210506
"Apeldoorn","H","41","Besloten vennootschap met gewone structuur","7320","Markt- en opinieonderzoekbureaus","","","","","N","N",20050930,20050930,20000823,20000823,20211202,0,20050930,"",2019,20201113
"Vught","","74","Stichting","66193","Hypotheek-/kredietbem./bankagentschappen","","","","","","",20000823,20000823,20161107,0,0,0,0,"",0,0
"Zaltbommel","","74","Stichting","69209","Overige administratiekantoren","","","","","","",20000822,20000822,0,0,0,0,0,"",0,0
"Gronsveld","H","01","Eenmanszaak","4331","Stukadoren","","","","","N","N",0,0,20000823,20000823,20051201,0,0,"",0,0
"Maastricht","","74","Stichting","94991","Gezelligheidsverenigingen","","","","","","",20000817,20000817,0,0,0,0,0,"",0,0
"Boekel","N","01","Eenmanszaak","46231","Groothandel in levend vee","","","","","","",0,0,20000822,20000801,0,0,0,"",0,0
"'s-Hertogenbosch","H","41","Besloten vennootschap met gewone structuur","6420","Financiële holdings","","","","","","",20000818,20000818,20000822,20000818,20171215,0,0,"",2019,20201217
"Oploo","H","01","Eenmanszaak","85592","Bedrijfsopleiding en -training","","","","","","",0,0,20000822,20000822,20170506,0,0,"",0,0
"Helmond","","72","Vereniging met beperkte rechtsbevoegdheid","94991","Gezelligheidsverenigingen","","","","","","",19930101,19930101,0,0,0,0,0,"",0,0
"Eindhoven","H","01","Eenmanszaak","69203","Boekhoudkantoren","","","","","N","N",0,0,20000823,20000823,0,0,0,"",0,0
"'s-Hertogenbosch","H","41","Besloten vennootschap met gewone structuur","7311","Reclamebureaus","47527","Winkels gespec. in ov. doe-het-zelf-art.","77299","Verh. overige consumentenartikelen","N","N",20080227,20080227,20000823,20000831,20010901,0,20080227,"",2020,20210826
"Veldhoven","H","01","Eenmanszaak","5920","Maken en uitgeven van geluidsopnamen","","","","","","",0,0,20000823,20000823,0,0,0,"",0,0
"Eindhoven","H","01","Eenmanszaak","2562","Algemene metaalbewerking","","","","","","",0,0,20000823,20000828,0,0,0,"",0,0
"'s-Hertogenbosch","H","41","Besloten vennootschap met gewone structuur","70102","Holdings (geen financiële)","","","","","","",20000818,0,20210917,20000818,20210906,0,0,"",2021,20220605
"Dongen","H","41","Besloten vennootschap met gewone structuur","70102","Holdings (geen financiële)","","","","","","",20000822,20000822,20000823,20000822,20200401,0,0,"",2020,20210429
"Breda","H","11","Vennootschap onder firma","69203","Boekhoudkantoren","69204","Belastingconsulenten","","","","",19970829,0,20000823,19970829,0,0,0,"",0,0
"Roosendaal","H","41","Besloten vennootschap met gewone structuur","45204","Carrosserieherstel","45112","Handel/rep. personen-/lichte bedr.auto's","","","","",20001127,20001127,20000823,20000801,20111006,0,20001219,"",2020,20211229
"Kruisland","","72","Vereniging met beperkte rechtsbevoegdheid","94991","Gezelligheidsverenigingen","","","","","","",19790000,20000818,0,0,0,0,0,"",0,0
"Ossendrecht","H","41","Besloten vennootschap met gewone structuur","6420","Financiële holdings","","","","","","",20010507,20010507,20000823,19990401,0,0,20010507,"",2021,20220215
"Wouw","H","01","Eenmanszaak","4332","Bouwtimmeren","","","","","","",0,0,20000823,20000828,0,0,0,"",0,0
"Ossendrecht","H","41","Besloten vennootschap met gewone structuur","6420","Financiële holdings","","","","","","",20010507,20010507,20000823,19990401,20220429,0,20010507,"",2020,20210702
"Oosterhout","H","01","Eenmanszaak","6201","Ontwikkelen/produceren/uitgeven software","6311","Gegevensverw./webhosting/aanverw. activ.","6202","Advisering ohgv informatietechnologie","","",0,0,20000823,20000101,20140101,0,0,"",0,0
"Oudenbosch","H","41","Besloten vennootschap met gewone structuur","2120","Verv. farmaceutische producten","46461","Groothandel in farmaceutische producten","","","J","J",20010206,20010206,20000823,20000701,0,0,20010206,"",2020,20211104
"Terneuzen","H","11","Vennootschap onder firma","56102","Fastfoodrest, cafet, ijssal, eetkr e.d.","","","","","N","N",20000829,0,20000823,19900906,0,0,20000829,"",0,0
"Rotterdam","H","01","Eenmanszaak","4120","Algemene burgerlijke en utiliteitsbouw","","","","","N","N",0,0,20000823,19970901,0,0,19990101,"",0,0
"Numansdorp","","74","Stichting","7112","Ingenieurs/overig techn. ontwerp/advies","","","","","","",20000821,20000821,0,0,0,0,0,"",0,0
"Rotterdam","H","01","Eenmanszaak","4120","Algemene burgerlijke en utiliteitsbouw","16239","Verv. overig timmerwerk voor de bouw","","","N","N",0,0,20000823,20000823,20200209,0,0,"",0,0
"Hoogvliet Rotterdam","H","41","Besloten vennootschap met gewone structuur","7112","Ingenieurs/overig techn. ontwerp/advies","","","","","N","N",20001027,20001027,20000823,20000809,20050727,0,20001027,"",2020,20211222
"Rotterdam","H","01","Eenmanszaak","74102","Industrieel en productontwerp","","","","","N","N",0,0,20000823,20000823,20150625,0,0,"",0,0
"Rotterdam","H","41","Besloten vennootschap met gewone structuur","6420","Financiële holdings","","","","","N","N",20001018,20001018,20000823,20000818,20190306,0,20001018,"",2020,20210907
"Waddinxveen","H","41","Besloten vennootschap met gewone structuur","6831","Bemidd. bij handel/huur/verhuur onr.goed","66193","Hypotheek-/kredietbem./bankagentschappen","","","N","N",20000928,20000928,20000823,20000701,0,0,20000928,"",2020,20211101
"Rotterdam","H","41","Besloten vennootschap met gewone structuur","71111","Architecten","","","","","N","N",20000922,20000922,20150109,20000801,20171201,0,20000922,"",2020,20211228
"Amsterdam","H","41","Besloten vennootschap met gewone structuur","6420","Financiële holdings","","","","","N","N",20001102,20001102,20070828,20000515,20210121,0,20001102,"",2020,20211029
"Brielle","H","41","Besloten vennootschap met gewone structuur","6420","Financiële holdings","","","","","N","N",20000802,20000802,20000823,20000802,20090601,0,0,"",2020,20211020
"Rotterdam","H","41","Besloten vennootschap met gewone structuur","6201","Ontwikkelen/produceren/uitgeven software","7810","Arbeidsbemiddeling","","","N","N",20070828,20070828,20000823,20000822,20180301,0,20070828,"",2020,20210614
"'s-Gravenhage","H","41","Besloten vennootschap met gewone structuur","6420","Financiële holdings","7490","Overige special. zakelijke dienstverl.","45112","Handel/rep. personen-/lichte bedr.auto's","N","N",20000808,20000808,20000823,20000808,20181221,0,0,"",2020,20210517
"Nieuwkoop","H","41","Besloten vennootschap met gewone structuur","6420","Financiële holdings","6831","Bemidd. bij handel/huur/verhuur onr.goed","","","N","N",20000815,20000815,20070730,20000101,20170621,0,20000815,"",0,0
"Leiderdorp","H","01","Eenmanszaak","96022","Schoonheidsverzorging/pedi-/manicures","","","","","N","N",0,0,20000822,20000822,20210228,0,0,"",0,0
"Oude Wetering","","74","Stichting","6832","Beheer van onroerend goed","","","","","","",20000814,20000814,0,0,0,0,0,"",0,0
"Roelofarendsveen","H","41","Besloten vennootschap met gewone structuur","6420","Financiële holdings","","","","","N","N",20000817,20000817,20000822,20000817,20050709,0,0,"",2020,20210802
"Rijpwetering","H","41","Besloten vennootschap met gewone structuur","6420","Financiële holdings","","","","","N","N",20000817,20000817,20000822,20000817,0,0,0,"",2020,20210802
"Oegstgeest","H","41","Besloten vennootschap met gewone structuur","64303","Beleggingsinst. met beperkte toetreding","","","","","N","N",20000818,20000818,20000822,20000818,20110301,0,0,"",2020,20220209
"Katwijk","H","01","Eenmanszaak","96022","Schoonheidsverzorging/pedi-/manicures","32502","Verv. medische instr./hulpmiddelen","","","N","N",0,0,20000822,20000801,20120401,0,0,"",0,0
"Utrecht","H","01","Eenmanszaak","70221","Organisatie-adviesbureaus","","","","","","",0,0,20000822,19991101,20070301,0,0,"",0,0
"Houten","H","41","Besloten vennootschap met gewone structuur","66191","Admin.kantoren voor aandelen/obligaties","","","","","N","N",20001003,20001003,20000823,20000823,20200820,0,0,"",2020,20211130
"Utrecht","H","74","Stichting","9002","Dienstverlening voor uitvoerende kunst","","","","","N","N",20000810,20000810,20110124,20070208,20131231,0,0,"",0,0
"Amersfoort","H","41","Besloten vennootschap met gewone structuur","64923","Participatiemaatschappijen","6420","Financiële holdings","","","","",20000815,20000815,20200723,20000815,20200720,0,0,"",2020,20210827
"Nijkerk","H","01","Eenmanszaak","96021","Haarverzorging","","","","","","",0,0,20000823,20000823,20201201,0,0,"",0,0
"Amsterdam","H","41","Besloten vennootschap met gewone structuur","6420","Financiële holdings","","","","","N","N",20000814,20000814,20180208,20000814,20180206,0,0,"",2018,20200406
"Amsterdam","H","41","Besloten vennootschap met gewone structuur","6420","Financiële holdings","","","","","N","N",20000801,20000801,20000823,20000801,20020319,0,0,"",2019,20210319
"Amsterdam","H","21","Commanditaire vennootschap","52291","Expediteurs/cargadoors/bevrachters e.d.","5630","Cafés","","","N","N",20000801,0,20000823,20000801,20020319,0,0,"",0,0
"Lelystad","H","01","Eenmanszaak","86919","Overige paramedische praktijken","","","","","N","N",0,0,20200911,20000811,20200911,0,20091202,"",0,0
"Purmerend","H","01","Eenmanszaak","7112","Ingenieurs/overig techn. ontwerp/advies","","","","","N","N",0,0,20210903,20000601,20210901,0,0,"",0,0
"Amstelveen","H","41","Besloten vennootschap met gewone structuur","6209","Ov. dienstv. act. ohgv informatietechn.","","","","","N","N",20001005,20001005,20000823,20000717,20070716,0,20001005,"",2017,20181213
"Amsterdam","","71","Vereniging met volledige rechtsbevoegdheid","94997","Overige belangenbehartiging (rest)","","","","","","",20000622,20000622,0,0,0,0,0,"",0,0
"Hilversum","","74","Stichting","94996","Overige ideële organisaties (rest)","","","","","","",20000822,20000822,0,0,0,0,0,"",0,0
"Amsterdam-Duivendrecht","H","41","Besloten vennootschap met gewone structuur","93195","Organiseren van sportevenementen","85519","Overig sport- en recreatieonderwijs","","","N","N",20000814,20000814,20000823,20000814,20160101,0,0,"",2020,20211105
"Amsterdam","H","41","Besloten vennootschap met gewone structuur","6622","Assurantietussenpersonen","66193","Hypotheek-/kredietbem./bankagentschappen","70222","Advisering ohgv management/bedrijfsv.","N","N",20000731,20000731,20000823,19750707,20170822,0,20000731,"",2018,20200512
"Huizen","N","41","Besloten vennootschap met gewone structuur","70222","Advisering ohgv management/bedrijfsv.","","","","","N","N",20000731,20000731,20000823,19750707,20020515,0,20000731,"",2018,20200512
"Amsterdam","","74","Stichting","90011","Beoefening van podiumkunst","","","","","","",20000823,20000823,0,0,0,0,0,"",0,0
"Naarden","H","41","Besloten vennootschap met gewone structuur","6420","Financiële holdings","78202","Uitleenbureaus","","","J","N",20001031,20001031,20060627,20000818,20181012,0,20001031,"",2020,20211118
"Laren","H","41","Besloten vennootschap met gewone structuur","6420","Financiële holdings","71112","Interieurarchitecten","","","N","N",20001031,20001031,20150710,20000818,20150701,0,20001031,"",2020,20211231
"Amsterdam","H","41","Besloten vennootschap met gewone structuur","6420","Financiële holdings","","","","","N","N",20000823,20000823,20000823,20000823,20180101,0,0,"",2004,20060131
"Amsterdam","H","01","Eenmanszaak","7021","Adviesbureaus publ. relations en comm.","85592","Bedrijfsopleiding en -training","70221","Organisatie-adviesbureaus","N","N",0,0,20000823,20000823,20060131,0,0,"",0,0
"Amsterdam","H","01","Eenmanszaak","8121","Interieurreiniging van gebouwen","","","","","N","N",0,0,20020807,20000101,20190612,0,0,"",0,0
"Broek op Langedijk","H","41","Besloten vennootschap met gewone structuur","47525","Winkels in keukens","4332","Bouwtimmeren","","","J","N",20000814,20000814,20000821,19740524,0,0,20000814,"",2021,20220309
"Volendam","H","01","Eenmanszaak","4331","Stukadoren","","","","","N","N",0,0,20000823,20000824,0,0,0,"",0,0
"Heerhugowaard","H","41","Besloten vennootschap met gewone structuur","6622","Assurantietussenpersonen","","","","","N","N",20071129,20071129,20000823,20000823,20180418,0,20071129,"",2020,20210706
"Broek op Langedijk","H","01","Eenmanszaak","74103","Interieur- en ruimtelijk ontwerp","","","","","","",0,0,20000823,20000823,20090101,0,0,"",0,0
"Zwaag","H","41","Besloten vennootschap met gewone structuur","6420","Financiële holdings","","","","","N","N",20000821,20000821,20000823,20000821,20180530,0,0,"",2020,20210629
"Oosterend","H","41","Besloten vennootschap met gewone structuur","70102","Holdings (geen financiële)","","","","","","",20000928,20000928,20000823,20000809,20180301,0,20000928,"",2020,20211130
"Oosterend","H","41","Besloten vennootschap met gewone structuur","70222","Advisering ohgv management/bedrijfsv.","70221","Organisatie-adviesbureaus","","","","",20000928,20000928,20000823,20000809,20180301,0,20000928,"",2020,20211130
"Siddeburen","H","71","Vereniging met volledige rechtsbevoegdheid","0150","Akker-/tuinbouw icm fokken/houden dieren","","","","","N","N",20000808,20000822,20150317,20150101,20170516,0,0,"",0,0
"Haren Gn","H","41","Besloten vennootschap met gewone structuur","70222","Advisering ohgv management/bedrijfsv.","78202","Uitleenbureaus","","","N","N",20001003,20001003,20010302,20000801,20180831,0,20001003,"",2020,20211201
"Nieuwolda","H","41","Besloten vennootschap met gewone structuur","6420","Financiële holdings","","","","","","",20000821,20000821,20000824,20000821,0,0,0,"",2019,20211111
"Zwijndrecht","H","41","Besloten vennootschap met gewone structuur","70102","Holdings (geen financiële)","7490","Overige special. zakelijke dienstverl.","6202","Advisering ohgv informatietechnologie","","",20001108,20001108,20061229,20000901,20170101,0,20001108,"",2020,20210303
"Kampen","H","01","Eenmanszaak","47793","Winkels tweedeh. goederen (geen kleding)","47789","Winkels gespec. in overige art. (rest)","85522","Kunstzinnige vorming voor amateurs","","",0,0,20000824,20000901,0,0,0,"",0,0
"Zwolle","H","01","Eenmanszaak","9524","Reparatie en stoffering van meubels","","","","","","",0,0,20000824,20000901,0,0,0,"",0,0
"Almere","H","41","Besloten vennootschap met gewone structuur","4652","GH elektronische/telecommunicatieapp.","","","","","N","N",20001005,20001005,20080116,20000601,20200101,0,20001005,"",2021,20220331
"Barneveld","H","01","Eenmanszaak","31011","Interieurbouw","4332","Bouwtimmeren","","","N","N",0,0,20000823,20000823,20181017,0,0,"",0,0
"Epe","H","01","Eenmanszaak","96022","Schoonheidsverzorging/pedi-/manicures","","","","","N","N",0,0,20000824,20000824,20070401,0,0,"",0,0
"Apeldoorn","H","01","Eenmanszaak","8211","Brede administratieve dienstverlening","","","","","N","N",0,0,20000824,20000901,20131220,0,0,"",0,0
"Apeldoorn","H","41","Besloten vennootschap met gewone structuur","6420","Financiële holdings","","","","","N","N",20000822,20000822,20000824,20000822,0,0,0,"",2021,20220609
"Olst","H","41","Besloten vennootschap met gewone structuur","6420","Financiële holdings","","","","","N","N",20000818,20000818,20040727,20000818,20031101,0,0,"",2020,20220512
"Almelo","H","41","Besloten vennootschap met gewone structuur","6420","Financiële holdings","","","","","N","N",20000818,20000818,20000824,20000818,20140717,0,0,"",2020,20220510
"Molenhoek","H","01","Eenmanszaak","2561","Oppervlaktebeh. en bekleding van metaal","","","","","","",0,0,20000823,20000823,20000823,0,0,"",0,0
"Huissen","H","01","Eenmanszaak","7311","Reclamebureaus","","","","","","",0,0,20000824,20000901,0,0,20031001,"",0,0
"Druten","H","01","Eenmanszaak","85519","Overig sport- en recreatieonderwijs","","","","","","",0,0,20040802,20000901,20050201,0,0,"",0,0
"Lichtenvoorde","H","01","Eenmanszaak","70221","Organisatie-adviesbureaus","69204","Belastingconsulenten","","","","",0,0,20000824,20000901,0,0,0,"",0,0
"Varsseveld","H","01","Eenmanszaak","4334","Schilderen en glaszetten","","","","","","",0,0,20000824,20000901,0,0,0,"",0,0
"Duiven","H","41","Besloten vennootschap met gewone structuur","70221","Organisatie-adviesbureaus","4120","Algemene burgerlijke en utiliteitsbouw","","","","",20000913,20000913,20000824,20000901,20000901,0,20000913,"",2017,20180205
"Groesbeek","H","01","Eenmanszaak","4120","Algemene burgerlijke en utiliteitsbouw","","","","","","",0,0,20000824,20000824,20130725,0,0,"",0,0
"Winterswijk","H","01","Eenmanszaak","2562","Algemene metaalbewerking","","","","","","",0,0,20000824,20000901,20031101,0,0,"",0,0
"Wilp","H","01","Eenmanszaak","0210","Bosbouw","","","","","","",0,0,20090724,20000901,20160701,0,20020701,"",0,0
"Zelhem","H","41","Besloten vennootschap met gewone structuur","46231","Groothandel in levend vee","","","","","J","J",20000821,20000821,20080117,20000821,0,0,0,"",2019,20201204
"Nijmegen","H","01","Eenmanszaak","74201","Fotografie","","","","","","",0,0,20000824,20000901,20061015,0,0,"",0,0
"Beuningen Gld","H","01","Eenmanszaak","8129","Overige reiniging","","","","","","",0,0,20000824,20000824,20000824,0,0,"",0,0
"Nijmegen","","71","Vereniging met volledige rechtsbevoegdheid","94997","Overige belangenbehartiging (rest)","","","","","","",20000818,20000818,0,0,0,0,0,"",0,0
"Arnhem","H","01","Eenmanszaak","8553","Auto- en motorrijscholen","","","","","","",0,0,20000824,20000901,20030402,0,0,"",0,0
"Zaltbommel","H","01","Eenmanszaak","6201","Ontwikkelen/produceren/uitgeven software","","","","","","",0,0,20140412,20000901,20161227,0,0,"",0,0
"Zaltbommel","H","41","Besloten vennootschap met gewone structuur","70102","Holdings (geen financiële)","","","","","","",20000102,20000102,20000824,20000815,0,0,20001020,"",2016,20180317
"Culemborg","H","01","Eenmanszaak","86919","Overige paramedische praktijken","","","","","","",0,0,20211008,20000901,0,0,0,"",0,0
"Culemborg","H","11","Vennootschap onder firma","47291","Winkels in kaas","47299","Gesp. winkels in ov. voedings-/genotm.","4725","Winkels in dranken","","",20000901,0,20000824,20000901,0,0,0,"",0,0
"Tiel","H","41","Besloten vennootschap met gewone structuur","47717","Winkels in mode-artikelen","","","","","J","J",20030926,20030926,20000824,20000901,0,0,20030926,"",2020,20211222
"Beek","H","41","Besloten vennootschap met gewone structuur","4334","Schilderen en glaszetten","46734","Groothandel in vlakglas","2319","Verv./bew overig glas incl. techn. glasw","N","N",20000822,20000822,20000824,20000822,20020101,0,0,"",2020,20210210
"Stein","","71","Vereniging met volledige rechtsbevoegdheid","93129","Overige buitensport","","","","","","",20000821,20000821,0,0,0,0,0,"",0,0
"Eijsden","H","01","Eenmanszaak","6201","Ontwikkelen/produceren/uitgeven software","6203","Beheer van computerfaciliteiten","","","N","N",0,0,20000824,20000901,20111021,0,0,"",0,0
"Schinveld","","74","Stichting","94993","Steunfondsen (niet ohgv welzijnszorg)","","","","","","",20000822,20000822,0,0,0,0,0,"",0,0
"Maastricht","H","01","Eenmanszaak","9003","Schrijven en overige scheppende kunst","","","","","N","N",0,0,20000824,20000501,20180901,0,0,"",0,0
"'s-Hertogenbosch","H","41","Besloten vennootschap met gewone structuur","6420","Financiële holdings","","","","","N","N",20000818,20000818,20000822,20000818,20170307,0,0,"",2019,20210329
"Eersel","","74","Stichting","93299","Ov. recreatie (rest)(geen jachthavens)","","","","","","",20000809,20000809,0,0,0,0,0,"",0,0
"Nieuwkuijk","","71","Vereniging met volledige rechtsbevoegdheid","93299","Ov. recreatie (rest)(geen jachthavens)","","","","","","",20000816,20000816,0,0,0,0,0,"",0,0
"Helmond","H","01","Eenmanszaak","4321","Elektrotechnische bouwinstallatie","74201","Fotografie","","","N","N",0,0,20000822,20000828,0,0,0,"",0,0
"Rosmalen","H","41","Besloten vennootschap met gewone structuur","6420","Financiële holdings","","","","","","",20000818,20000818,20000822,20000818,20041215,0,0,"",2018,20200416
"'s-Hertogenbosch","H","41","Besloten vennootschap met gewone structuur","6420","Financiële holdings","","","","","N","N",20000818,20000818,20000822,20000818,0,0,0,"",2020,20211109
"'s-Hertogenbosch","H","41","Besloten vennootschap met gewone structuur","6420","Financiële holdings","","","","","N","N",20000818,20000818,20000822,20000818,0,0,0,"",2019,20210510
"Tilburg","H","41","Besloten vennootschap met gewone structuur","9002","Dienstverlening voor uitvoerende kunst","","","","","","",20000815,20000815,20011109,20000815,20090301,0,0,"",2016,20180709
"Schaijk","H","01","Eenmanszaak","9609","Overige dienstverlening (rest)","","","","","N","N",0,0,20000824,20000901,0,0,0,"",0,0
"Vinkel","H","41","Besloten vennootschap met gewone structuur","4941","Goederenvervoer over weg (geen verhuiz.)","","","","","","",20001122,20001122,20000824,20000901,20041227,0,20001122,"",2020,20211011
"Veghel","","74","Stichting","94993","Steunfondsen (niet ohgv welzijnszorg)","","","","","","",20000809,20000809,0,0,0,0,0,"",0,0
"Rotterdam","H","01","Eenmanszaak","74101","Communicatie- en grafisch ontwerp","74201","Fotografie","74102","Industrieel en productontwerp","","",0,0,20140613,20000822,20190601,0,0,"",0,0
"Eindhoven","H","01","Eenmanszaak","7311","Reclamebureaus","","","","","N","N",0,0,20000824,20000301,20071001,0,0,"",0,0
"Tilburg","H","01","Eenmanszaak","81221","Glazenwassen","8121","Interieurreiniging van gebouwen","90011","Beoefening van podiumkunst","N","N",0,0,20000824,20000816,20130723,0,0,"",0,0
"Hapert","H","01","Eenmanszaak","9002","Dienstverlening voor uitvoerende kunst","46433","GH audio- en video-apparatuur","77399","Verh./lease ov.mach./werkt./ov. goederen","","",0,0,20000824,20000824,20100101,0,0,"",0,0
"Valkenswaard","H","11","Vennootschap onder firma","4333","Afwerking van vloeren en wanden","","","","","N","N",20010101,0,20000824,20000828,0,0,20010101,"",0,0
"Oosterhout","H","41","Besloten vennootschap met gewone structuur","70102","Holdings (geen financiële)","","","","","","",20000822,20000822,20100901,20000822,20100901,0,0,"",2020,20210428
"'s-Hertogenbosch","H","41","Besloten vennootschap met gewone structuur","4634","Groothandel in dranken (geen zuivel)","","","","","J","J",20010920,20010920,20060808,20000824,20141231,0,20010920,"",2012,20131206
"Sprang-Capelle","H","41","Besloten vennootschap met gewone structuur","70102","Holdings (geen financiële)","","","","","","",20000824,20000824,20000824,20000824,20210401,0,0,"",2020,20210903
"Moergestel","H","01","Eenmanszaak","4332","Bouwtimmeren","","","","","","",0,0,20000824,20000901,20211001,0,0,"",0,0
"Waalwijk","H","41","Besloten vennootschap met gewone structuur","4321","Elektrotechnische bouwinstallatie","7112","Ingenieurs/overig techn. ontwerp/advies","","","","",20000824,20000824,20000824,20000824,20010901,0,0,"",2020,20210903
"Tilburg","H","01","Eenmanszaak","6832","Beheer van onroerend goed","","","","","","",0,0,20000824,20000901,20171227,0,0,"",0,0
"Raamsdonksveer","H","01","Eenmanszaak","4120","Algemene burgerlijke en utiliteitsbouw","","","","","","",0,0,20071222,20000620,0,0,0,"",0,0
"Oisterwijk","H","01","Eenmanszaak","32501","Tandtechnische bedrijven","","","","","","",0,0,20000824,20000818,0,0,0,"",0,0
"Made","H","01","Eenmanszaak","77399","Verh./lease ov.mach./werkt./ov. goederen","7733","Verh./lease computers/kantoorapparatuur","46433","GH audio- en video-apparatuur","","",0,0,20071222,20000821,0,0,0,"",0,0
"Oosterhout","H","01","Eenmanszaak","6831","Bemidd. bij handel/huur/verhuur onr.goed","","","","","","",0,0,20071222,20000815,20120716,0,0,"",0,0
"Breda","","72","Vereniging met beperkte rechtsbevoegdheid","64303","Beleggingsinst. met beperkte toetreding","","","","","","",20000501,0,0,0,0,0,0,"",0,0
"Kruisland","H","11","Vennootschap onder firma","85519","Overig sport- en recreatieonderwijs","93125","Paardensport en maneges","0143","Fokken en houden van paarden en ezels","N","N",20080501,0,20000824,20000824,0,0,20080501,"",0,0
"Oost-Souburg","H","01","Eenmanszaak","7311","Reclamebureaus","70221","Organisatie-adviesbureaus","7112","Ingenieurs/overig techn. ontwerp/advies","N","N",0,0,20000818,20000818,0,0,0,"",0,0
"Goes","H","01","Eenmanszaak","96021","Haarverzorging","","","","","N","N",0,0,20000824,20000901,20201124,0,0,"",0,0
"Grijpskerke","H","01","Eenmanszaak","96022","Schoonheidsverzorging/pedi-/manicures","","","","","N","N",0,0,20000824,19870120,20130328,0,20000901,"",0,0
"Oud-Beijerland","H","71","Vereniging met volledige rechtsbevoegdheid","8720","Huizen/dagverbl. verstandelijk gehand.","","","","","N","N",20000821,20000821,20211224,20211217,0,0,0,"",0,0
"Dordrecht","H","41","Besloten vennootschap met gewone structuur","6420","Financiële holdings","70221","Organisatie-adviesbureaus","","","N","N",20030905,20030905,20000824,20000101,20100511,0,20030905,"",2020,20211014
"Dordrecht","H","01","Eenmanszaak","46901","Niet-gespec. GH in consumentenartikelen","4333","Afwerking van vloeren en wanden","4331","Stukadoren","J","J",0,0,20000824,20000824,20211203,0,0,"",0,0
"Hardinxveld-Giessendam","N","41","Besloten vennootschap met gewone structuur","6420","Financiële holdings","6201","Ontwikkelen/produceren/uitgeven software","6202","Advisering ohgv informatietechnologie","","",20000823,20000823,20020626,20000823,20211001,0,0,"",2021,0
"Hendrik-Ido-Ambacht","H","41","Besloten vennootschap met gewone structuur","6420","Financiële holdings","","","","","J","J",20001027,20001027,20000824,20000824,20071001,0,20001027,"",2018,20200720
"Rhoon","","74","Stichting","88992","Maatschappelijk werk","","","","","","",20000821,20000821,0,0,0,0,0,"",0,0
"Rotterdam","H","01","Eenmanszaak","56101","Restaurants","","","","","N","N",0,0,20000824,20000901,0,0,20080201,"",0,0
"Hoogvliet Rotterdam","H","41","Besloten vennootschap met gewone structuur","52291","Expediteurs/cargadoors/bevrachters e.d.","","","","","N","N",20000823,20000823,20000824,20000823,20111201,0,0,"",2021,20220614
"Papendrecht","","72","Vereniging met beperkte rechtsbevoegdheid","64303","Beleggingsinst. met beperkte toetreding","","","","","","",20000418,0,0,0,0,0,0,"",0,0
"'s-Gravenhage","H","41","Besloten vennootschap met gewone structuur","69203","Boekhoudkantoren","70221","Organisatie-adviesbureaus","","","N","N",20010118,20010118,20170821,20000824,20170815,0,20010118,"",2019,20210121
"'s-Gravenhage","H","41","Besloten vennootschap met gewone structuur","70102","Holdings (geen financiële)","","","","","","",20001003,20001003,20000824,20000824,20001014,0,20001003,"",2020,20211221
"Delft","H","41","Besloten vennootschap met gewone structuur","46695","Groothandel in meet- en regelapparaten","","","","","N","N",20001110,20001110,20000824,20000822,20190701,0,20001110,"",2020,20210618
"Naaldwijk","","74","Stichting","9002","Dienstverlening voor uitvoerende kunst","","","","","","",20000811,20000811,0,0,0,0,0,"",0,0
"'s-Gravenhage","H","11","Vennootschap onder firma","4321","Elektrotechnische bouwinstallatie","","","","","","",20080101,0,20000824,20000828,0,0,20080101,"",0,0
"Delft","H","41","Besloten vennootschap met gewone structuur","64303","Beleggingsinst. met beperkte toetreding","70102","Holdings (geen financiële)","","","N","N",20020103,20020103,20000824,20000901,20100701,0,20020103,"",2020,20220105
"Voorburg","H","01","Eenmanszaak","70221","Organisatie-adviesbureaus","","","","","N","N",0,0,20000824,20000824,0,0,0,"",0,0
"Zoetermeer","H","01","Eenmanszaak","96022","Schoonheidsverzorging/pedi-/manicures","","","","","N","N",0,0,20000824,20000101,20031016,0,0,"",0,0
"Hillegom","H","01","Eenmanszaak","6201","Ontwikkelen/produceren/uitgeven software","","","","","N","N",0,0,20000823,20000823,0,0,0,"",0,0
"Alphen aan den Rijn","H","41","Besloten vennootschap met gewone structuur","70102","Holdings (geen financiële)","","","","","N","N",20001006,20001006,20001013,20000822,20220401,0,20001006,"",2018,20190916
"Warmond","H","41","Besloten vennootschap met gewone structuur","6420","Financiële holdings","66193","Hypotheek-/kredietbem./bankagentschappen","","","N","N",20000817,20000817,20000823,20000817,20170614,0,0,"",2020,20211207
"Katwijk","H","41","Besloten vennootschap met gewone structuur","6420","Financiële holdings","","","","","N","N",20000817,20000817,20000823,20000817,20120710,0,0,"",2020,20210602
"Montfoort","H","41","Besloten vennootschap met gewone structuur","6420","Financiële holdings","","","","","J","J",20000822,20000822,20090109,20000822,20161214,0,0,"",2021,20220512
"De Meern","H","41","Besloten vennootschap met gewone structuur","6420","Financiële holdings","","","","","","",20001115,20001115,20000823,20000701,0,0,20001115,"",2020,20220218
"De Meern","H","41","Besloten vennootschap met gewone structuur","6420","Financiële holdings","","","","","","",20001115,20001115,20000823,20000701,0,0,20001115,"",2020,20220218
"'s-Hertogenbosch","H","01","Eenmanszaak","70221","Organisatie-adviesbureaus","","","","","","",0,0,20161005,20000830,20160917,0,0,"",0,0
"Rhenen","H","41","Besloten vennootschap met gewone structuur","70102","Holdings (geen financiële)","6420","Financiële holdings","","","","",20000711,20000711,20000824,20000711,20200108,0,0,"",2020,20211012
"Scherpenzeel","H","41","Besloten vennootschap met gewone structuur","70102","Holdings (geen financiële)","6420","Financiële holdings","","","","",20000810,20000810,20010622,20000810,20130805,0,0,"",2019,20201209
"Pijnacker","H","41","Besloten vennootschap met gewone structuur","6420","Financiële holdings","","","","","","",20000822,20000822,20080701,20000822,20080701,0,0,"",2020,20210907
"Beuningen Gld","","74","Stichting","94996","Overige ideële organisaties (rest)","","","","","","",20000615,20000615,0,0,0,0,0,"",0,0
"Baarn","H","41","Besloten vennootschap met gewone structuur","6420","Financiële holdings","64303","Beleggingsinst. met beperkte toetreding","","","","",20000823,20000823,20090108,20000823,20081230,0,0,"",2020,20210315
"Amersfoort","H","41","Besloten vennootschap met gewone structuur","6311","Gegevensverw./webhosting/aanverw. activ.","","","","","","",20010329,20010329,20071213,20000824,20180927,0,20010329,"",2019,20200309
"Amersfoort","H","41","Besloten vennootschap met gewone structuur","6399","Ov. dienstv. activ. opgv informatie","82999","Overige zakelijke dienstverlening (rest)","6311","Gegevensverw./webhosting/aanverw. activ.","","",20000823,20000823,20110913,20000823,20220301,0,0,"",2021,20220613
"Schagen","N","41","Besloten vennootschap met gewone structuur","6810","Handel in eigen onroerend goed","","","","","N","N",19720621,19720621,20000824,20000824,20210501,0,0,"",2019,20201228
"Schagen","N","41","Besloten vennootschap met gewone structuur","6810","Handel in eigen onroerend goed","6630","Vermogensbeheer","","","N","N",19820216,19820216,20000824,20000824,20210501,0,0,"",2020,20210921
"Amstelveen","H","41","Besloten vennootschap met gewone structuur","7311","Reclamebureaus","","","","","N","N",20000808,20000808,20000823,20000808,0,0,0,"",2016,20180320
"Amsterdam","","74","Stichting","94996","Overige ideële organisaties (rest)","","","","","","",20000811,20000811,20131217,0,0,0,0,"",0,0
"Amsterdam","H","41","Besloten vennootschap met gewone structuur","70221","Organisatie-adviesbureaus","7112","Ingenieurs/overig techn. ontwerp/advies","","","N","N",20001012,20001012,20000823,20000823,20200328,0,20001012,"",2020,20220124
"Amsterdam","H","01","Eenmanszaak","3212","Bewerken edelstenen en verv. sieraden","4648","GH juweliersartikelen en uurwerken","","","N","N",0,0,20000823,20000823,20151112,0,20010115,"",0,0
"Haarlem","","71","Vereniging met volledige rechtsbevoegdheid","93143","Kracht- en vechtsport","","","","","","",20000718,20000718,0,0,0,0,0,"",0,0
"Uitgeest","H","01","Eenmanszaak","45402","DH en reparatie motorfiets(onderdel)en","","","","","J","N",0,0,20000824,20000901,20151126,0,0,"",0,0
"Velsen-Noord","H","41","Besloten vennootschap met gewone structuur","7112","Ingenieurs/overig techn. ontwerp/advies","78202","Uitleenbureaus","","","N","N",20060518,20060518,20000824,20000901,20180601,0,20060518,"",2020,20210928
"Zandvoort","H","01","Eenmanszaak","4334","Schilderen en glaszetten","4332","Bouwtimmeren","","","N","N",0,0,20000824,20000901,20041214,0,0,"",0,0
"Heilig Landstichting","H","41","Besloten vennootschap met gewone structuur","70221","Organisatie-adviesbureaus","","","","","N","N",20000821,20000821,20030506,20000821,20170111,0,0,"",2020,20211231
"Cruquius","H","41","Besloten vennootschap met gewone structuur","70222","Advisering ohgv management/bedrijfsv.","","","","","N","N",20000823,20000823,20000824,20000823,0,0,0,"",2019,20211111
"Amsterdam","","74","Stichting","94992","Hobbyclubs","","","","","","",20000504,20000504,0,0,0,0,0,"",0,0
"Amsterdam","H","41","Besloten vennootschap met gewone structuur","69203","Boekhoudkantoren","70222","Advisering ohgv management/bedrijfsv.","","","N","N",20000818,20000818,20000824,20000818,20090105,0,0,"",2020,20211119
"Amsterdam","H","41","Besloten vennootschap met gewone structuur","8230","Organiseren van congressen en beurzen","93299","Ov. recreatie (rest)(geen jachthavens)","","","N","N",20001108,20001108,20000824,20000601,20080926,0,20001108,"",2020,20211217
"Westzaan","H","41","Besloten vennootschap met gewone structuur","31012","Vervaardiging van bedrijfsmeubels","6420","Financiële holdings","","","N","N",20070531,20070531,20000824,20000824,20211229,0,20070531,"",2021,20220607
"Zaandam","H","41","Besloten vennootschap met gewone structuur","7810","Arbeidsbemiddeling","","","","","N","N",20001208,20001208,20000824,20000824,20220501,0,20001208,"",2020,20211124
"Amsterdam","H","01","Eenmanszaak","47293","Winkels in buitenlandse voedingsmiddelen","47819","Markthandel overige voedings- en genotm.","","","J","J",0,0,20000824,20000824,0,0,20050531,"",0,0
"Amsterdam","H","01","Eenmanszaak","4120","Algemene burgerlijke en utiliteitsbouw","","","","","N","N",0,0,20000824,20000728,20040901,0,0,"",0,0
"Zoetermeer","H","41","Besloten vennootschap met gewone structuur","70221","Organisatie-adviesbureaus","4651","GH computers, randapparatuur en software","7320","Markt- en opinieonderzoekbureaus","J","J",20001117,20001117,20001204,20000824,20001117,0,20001117,"",2021,20220503
"Schagen","H","41","Besloten vennootschap met gewone structuur","6420","Financiële holdings","","","","","N","N",20000822,20000822,20000823,20000822,20070503,0,0,"",2021,20220415
"Schagen","H","41","Besloten vennootschap met gewone structuur","6420","Financiële holdings","","","","","N","N",20000822,20000822,20000823,20000822,20051001,0,0,"",2021,20220415
"Heerhugowaard","H","41","Besloten vennootschap met gewone structuur","6420","Financiële holdings","","","","","N","N",20030326,20030326,20000824,20000831,20180403,0,20030326,"",2020,20211207
"Burgerbrug","H","01","Eenmanszaak","4120","Algemene burgerlijke en utiliteitsbouw","","","","","","",0,0,20000824,20000828,20070521,0,0,"",0,0
"Oranjewoud","H","41","Besloten vennootschap met gewone structuur","64923","Participatiemaatschappijen","6420","Financiële holdings","","","","",20000822,20000822,20000823,20000822,20010406,0,0,"",2020,20220424
"Leeuwarden","H","07","Maatschap","69203","Boekhoudkantoren","","","","","N","N",20010101,0,20000825,20000901,20081215,0,20010101,"",0,0
"Franeker","H","41","Besloten vennootschap met gewone structuur","70102","Holdings (geen financiële)","","","","","N","N",20020712,20020712,20000825,20000901,20070529,0,20020712,"",2021,20220307
"Drachten","H","01","Eenmanszaak","9529","Reparatie van overige consumentenart.","","","","","","",0,0,20000825,20000901,0,0,0,"",0,0
"Dokkum","H","01","Eenmanszaak","96021","Haarverzorging","47789","Winkels gespec. in overige art. (rest)","","","","",0,0,20000825,20000901,20030601,0,0,"",0,0
"Damwâld","H","01","Eenmanszaak","96021","Haarverzorging","96022","Schoonheidsverzorging/pedi-/manicures","","","","",0,0,20000825,20000901,20120728,0,0,"",0,0
"Drachten","H","01","Eenmanszaak","46499","GH ov. consumentenart. (non-food) (rest)","","","","","","",0,0,20000825,20000901,0,0,0,"",0,0
"Leeuwarden","H","01","Eenmanszaak","7112","Ingenieurs/overig techn. ontwerp/advies","","","","","","",0,0,20000825,20000901,20070216,0,0,"",0,0
"Drachten","H","41","Besloten vennootschap met gewone structuur","70221","Organisatie-adviesbureaus","6201","Ontwikkelen/produceren/uitgeven software","","","N","J",20000825,20000825,20000828,20000825,20161201,0,0,"",2020,20211022
"Leek","H","01","Eenmanszaak","96021","Haarverzorging","","","","","N","N",0,0,20000825,20000901,20150914,0,0,"",0,0
"Haren Gn","H","01","Eenmanszaak","59111","Prod. films (geen televisiefilms)","","","","","N","N",0,0,20000825,20000901,20210216,0,0,"",0,0
"Amsterdam","H","01","Eenmanszaak","4120","Algemene burgerlijke en utiliteitsbouw","9002","Dienstverlening voor uitvoerende kunst","31011","Interieurbouw","N","N",0,0,20050523,20000901,20170907,0,0,"",0,0
"Kommerzijl","H","01","Eenmanszaak","96021","Haarverzorging","","","","","N","N",0,0,20000825,20000901,20030510,0,0,"",0,0
"Assen","H","01","Eenmanszaak","70221","Organisatie-adviesbureaus","85592","Bedrijfsopleiding en -training","9003","Schrijven en overige scheppende kunst","N","N",0,0,20000825,20000901,20220121,0,0,"",0,0
"Groningen","H","41","Besloten vennootschap met gewone structuur","6420","Financiële holdings","68204","Verh. onroerend goed (niet v woonruimte)","","","","",20000824,20000824,20000825,20000824,20160101,0,0,"",2020,20211229
"Hoogezand","H","01","Eenmanszaak","8121","Interieurreiniging van gebouwen","81221","Glazenwassen","","","N","N",0,0,20000825,20000901,20031128,0,0,"",0,0
"'s-Gravenhage","H","01","Eenmanszaak","6201","Ontwikkelen/produceren/uitgeven software","","","","","N","N",0,0,20060101,20000825,20060101,0,0,"",0,0
"Usquert","H","41","Besloten vennootschap met gewone structuur","6420","Financiële holdings","","","","","","",20000823,20000823,20000825,20000823,0,0,0,"",2020,20211108
"Gieten","H","41","Besloten vennootschap met gewone structuur","4773","Apotheken","","","","","","",20090529,20090529,20000825,20000901,20180917,0,20090529,"",2020,20211207
"Dwingeloo","H","01","Eenmanszaak","4120","Algemene burgerlijke en utiliteitsbouw","","","","","","",0,0,20000825,20000901,20190701,0,0,"",0,0
"Valthermond","H","01","Eenmanszaak","74201","Fotografie","","","","","","",0,0,20000825,20000901,20060601,0,0,"",0,0
"Zuidwolde","H","01","Eenmanszaak","0162","Dienstverl. voor fokken en houden dieren","","","","","","",0,0,20000825,20000901,20160319,0,0,"",0,0
"Hijken","H","11","Vennootschap onder firma","0111","Teelt granen/peulvruchten/olieh. zaden","0161","Dienstverl. akker- en/of tuinbouw","","","","",20000101,0,20000828,20000101,0,0,0,"",0,0
"Hoogeveen","H","41","Besloten vennootschap met gewone structuur","70221","Organisatie-adviesbureaus","6420","Financiële holdings","","","","",20000824,20000824,20000828,20000824,20100113,0,0,"",2020,20211012
"Hoogeveen","H","01","Eenmanszaak","96021","Haarverzorging","","","","","","",0,0,20000828,20000901,20201014,0,0,"",0,0
"Wapenveld","","71","Vereniging met volledige rechtsbevoegdheid","91021","Musea","","","","","","",19041101,0,0,0,0,0,0,"",0,0
"Wijhe","","71","Vereniging met volledige rechtsbevoegdheid","9002","Dienstverlening voor uitvoerende kunst","","","","","","",20000823,20000823,0,0,0,0,0,"",0,0
"Zwolle","H","01","Eenmanszaak","71202","Keuring/controle mach./app./materialen","","","","","","",0,0,20000828,20000905,20090327,0,0,"",0,0
"Diepenveen","","74","Stichting","91042","Natuurbehoud","","","","","","",20000811,20000811,0,0,0,0,0,"",0,0
"Rijssen","H","41","Besloten vennootschap met gewone structuur","6420","Financiële holdings","","","","","N","N",20000823,20000823,20000824,20000823,0,0,0,"",2020,20211229
"Putten","H","01","Eenmanszaak","77399","Verh./lease ov.mach./werkt./ov. goederen","","","","","N","N",0,0,20000824,20000901,20180712,0,0,"",0,0
"Vriezenveen","","72","Vereniging met beperkte rechtsbevoegdheid","64303","Beleggingsinst. met beperkte toetreding","","","","","","",19860122,0,0,0,0,0,0,"",0,0
"Barneveld","","71","Vereniging met volledige rechtsbevoegdheid","94997","Overige belangenbehartiging (rest)","","","","","","",20000724,20000724,0,0,0,0,0,"",0,0
"Diepenveen","H","01","Eenmanszaak","85592","Bedrijfsopleiding en -training","","","","","N","N",0,0,20000824,20000901,20010801,0,0,"",0,0
"Deventer","H","01","Eenmanszaak","96021","Haarverzorging","","","","","N","N",0,0,20000824,20000901,0,0,0,"",0,0
"Barneveld","H","41","Besloten vennootschap met gewone structuur","7112","Ingenieurs/overig techn. ontwerp/advies","","","","","N","N",20020404,20020404,20000825,20000901,0,0,20020404,"",2020,20211101
"Borne","","74","Stichting","93142","Zaalsport in teamverband","","","","","","",20000818,20000818,0,0,0,0,0,"",0,0
"Deventer","H","01","Eenmanszaak","46738","Groothandel gespec. in overige bouwmat.","","","","","J","N",0,0,20000825,20000901,20040614,0,0,"",0,0
"Enter","H","41","Besloten vennootschap met gewone structuur","4652","GH elektronische/telecommunicatieapp.","","","","","N","N",20010208,20010208,20000825,20000901,20200101,0,20010208,"",2020,20211115
"Deventer","H","01","Eenmanszaak","70221","Organisatie-adviesbureaus","","","","","N","N",0,0,20000825,20000901,20120829,0,0,"",0,0
"Oldenzaal","H","01","Eenmanszaak","7311","Reclamebureaus","","","","","J","N",0,0,20000825,20000901,0,0,0,"",0,0
"Hellendoorn","H","01","Eenmanszaak","4333","Afwerking van vloeren en wanden","","","","","N","N",0,0,20000825,20000901,20030901,0,0,"",0,0
"Hengelo","H","41","Besloten vennootschap met gewone structuur","6420","Financiële holdings","","","","","","",20000905,20000905,20000825,20000801,20030328,0,20000905,"",2020,20211122
"Hengelo","H","41","Besloten vennootschap met gewone structuur","6420","Financiële holdings","","","","","N","N",20000905,20000905,20000825,20000801,20080101,0,20000905,"",2017,20190625
"Hengelo","H","41","Besloten vennootschap met gewone structuur","6420","Financiële holdings","","","","","","",20000905,20000905,20000825,20000801,0,0,20000905,"",2018,20190813
"Rijssen","","72","Vereniging met beperkte rechtsbevoegdheid","88993","Lokaal welzijnswerk","","","","","","",19910801,0,0,0,0,0,0,"",0,0
"Oudewater","H","41","Besloten vennootschap met gewone structuur","5912","Facilitaire activ. voor film-/tv-prod.","9003","Schrijven en overige scheppende kunst","","","N","J",20070531,20070531,20210909,20000701,20210513,0,20070531,"",2020,20210312
"Millingen aan de Rijn","H","01","Eenmanszaak","6391","Persagentschappen","","","","","","",0,0,20000825,20000901,20200901,0,0,"",0,0
"Arnhem","","74","Stichting","94911","Religieuze organisaties","","","","","","",20000823,20000823,0,0,0,0,0,"",0,0
"Lievelde","","72","Vereniging met beperkte rechtsbevoegdheid","94997","Overige belangenbehartiging (rest)","","","","","","",19750422,19750422,0,0,0,0,0,"",0,0
"Molenhoek","H","41","Besloten vennootschap met gewone structuur","64302","Beleggingsinstellingen in vaste activa","","","","","","",20000823,20000823,20000825,20000823,20050701,0,0,"",2021,20220609
"Ledeacker","H","01","Eenmanszaak","6201","Ontwikkelen/produceren/uitgeven software","71112","Interieurarchitecten","4333","Afwerking van vloeren en wanden","","",0,0,20151214,20000825,20151214,0,0,"",0,0
"Arnhem","H","41","Besloten vennootschap met gewone structuur","46218","GH akkerbouwprod./veevoeder (alg. ass.)","","","","","J","J",20080228,20080228,20000828,20000901,20200812,0,20080228,"",2018,20200114
"Doetinchem","H","41","Besloten vennootschap met gewone structuur","7112","Ingenieurs/overig techn. ontwerp/advies","","","","","N","N",20070321,20070321,20000828,20000901,20110126,0,20070321,"",2020,20210910
"Arnhem","H","01","Eenmanszaak","4334","Schilderen en glaszetten","","","","","","",0,0,20000828,20000901,20140327,0,0,"",0,0
"Heelsum","H","01","Eenmanszaak","3109","Vervaardiging van overige meubels","","","","","","",0,0,20000828,20000901,20200714,0,0,"",0,0
"Druten","H","41","Besloten vennootschap met gewone structuur","6420","Financiële holdings","","","","","N","N",20021114,20021114,20140412,20000901,20180701,0,20021114,"",2020,20210921
"Dinxperlo","H","11","Vennootschap onder firma","70221","Organisatie-adviesbureaus","85592","Bedrijfsopleiding en -training","93299","Ov. recreatie (rest)(geen jachthavens)","N","N",20000901,0,20101126,20000901,20100901,0,0,"",0,0
"Dordrecht","H","41","Besloten vennootschap met gewone structuur","6420","Financiële holdings","","","","","","",20000928,20000928,20210519,20000901,20210105,0,20000928,"",2020,20210824
"Gorinchem","H","01","Eenmanszaak","9604","Sauna's, solaria, baden e.d.","","","","","","",0,0,20000825,20000901,20060204,0,0,"",0,0
"Maasbracht","H","41","Besloten vennootschap met gewone structuur","6420","Financiële holdings","","","","","N","N",20001227,20001227,20070124,20000901,20210802,0,20001227,"",2020,20210506
"Zoelmond","H","01","Eenmanszaak","85592","Bedrijfsopleiding en -training","9003","Schrijven en overige scheppende kunst","","","N","N",0,0,20151202,20000901,0,0,0,"",0,0
"Leerdam","H","01","Eenmanszaak","7430","Vertalers en tolken","6391","Persagentschappen","","","N","N",0,0,20180726,20000901,20161101,0,0,"",0,0
"Heerewaarden","H","41","Besloten vennootschap met gewone structuur","6420","Financiële holdings","64303","Beleggingsinst. met beperkte toetreding","","","","",20000914,20000914,20000825,20000701,0,0,20000914,"",2020,20211203
"Mook","H","41","Besloten vennootschap met gewone structuur","6630","Vermogensbeheer","","","","","N","N",20030212,20030212,20190604,20000801,20191101,0,20030212,"",2020,20220103
"Vleuten","H","41","Besloten vennootschap met gewone structuur","70102","Holdings (geen financiële)","","","","","","",20000823,20000823,20000828,20000823,20150625,0,0,"",2019,20201026
"Deventer","H","41","Besloten vennootschap met gewone structuur","70221","Organisatie-adviesbureaus","","","","","","",20000825,20000825,20180613,20000825,20180601,0,0,"",2021,20220110
"Wageningen","","74","Stichting","7490","Overige special. zakelijke dienstverl.","","","","","","",20000825,20000825,0,0,0,0,0,"",0,0
"Roosendaal","H","41","Besloten vennootschap met gewone structuur","6420","Financiële holdings","","","","","","",20000824,20000824,20131213,20000824,20200801,0,0,"",2020,20220228
"Weert","H","11","Vennootschap onder firma","47716","Winkels in onderkleding, foundations ed.","","","","","N","N",20000901,0,20000825,20000901,20170301,0,0,"",0,0
"Kerkrade","H","01","Eenmanszaak","69203","Boekhoudkantoren","","","","","N","N",0,0,20000825,20000901,20220325,0,0,"",0,0
"Arnhem","H","01","Eenmanszaak","7311","Reclamebureaus","","","","","","",0,0,20110930,20000816,20210301,0,0,"",0,0
"Nederweert","H","41","Besloten vennootschap met gewone structuur","6420","Financiële holdings","","","","","N","N",20000822,20000822,20000828,20000822,20190601,0,0,"",2020,20220310
"Kerkrade","H","11","Vennootschap onder firma","3109","Vervaardiging van overige meubels","","","","","N","N",20081001,0,20000825,20000901,20031215,0,0,"",0,0
"Sittard","H","01","Eenmanszaak","43993","Metselen en voegen","4333","Afwerking van vloeren en wanden","","","N","N",0,0,20000825,20000901,20161101,0,0,"",0,0
"Schinveld","H","41","Besloten vennootschap met gewone structuur","6420","Financiële holdings","","","","","N","N",20000922,20000922,20000825,20000901,0,0,20000922,"",2018,20190715
"Maastricht","H","01","Eenmanszaak","7311","Reclamebureaus","9003","Schrijven en overige scheppende kunst","","","N","N",0,0,20000825,20000901,20170324,0,0,"",0,0
"Berg en Terblijt","H","41","Besloten vennootschap met gewone structuur","70102","Holdings (geen financiële)","","","","","N","N",20000926,20000926,20000828,20000701,20210301,0,20000926,"",2020,20211108
"Kerkrade","H","41","Besloten vennootschap met gewone structuur","6420","Financiële holdings","","","","","N","N",20000824,20000824,20000828,20000824,20061015,0,0,"",2020,20210317
"Stein","H","01","Eenmanszaak","4333","Afwerking van vloeren en wanden","","","","","N","N",0,0,20000828,20000901,0,0,0,"",0,0
"Nuth","H","11","Vennootschap onder firma","69209","Overige administratiekantoren","70221","Organisatie-adviesbureaus","","","N","N",20100301,0,20000828,20000801,20110831,0,20100301,"",0,0
"Munstergeleen","H","01","Eenmanszaak","5811","Uitgeverijen van boeken","","","","","N","N",0,0,20000828,20000828,20190215,0,0,"",0,0
"Eindhoven","","71","Vereniging met volledige rechtsbevoegdheid","93121","Veldvoetbal","","","","","","",20000821,20000821,0,0,0,0,0,"",0,0
"Nuenen","H","01","Eenmanszaak","96022","Schoonheidsverzorging/pedi-/manicures","","","","","","",0,0,20000823,20000821,0,0,0,"",0,0
"VENLO","H","41","Besloten vennootschap met gewone structuur","6420","Financiële holdings","","","","","","",20001106,20001106,20171031,20000822,20171030,0,20001106,"",2020,20211121
"Uden","H","41","Besloten vennootschap met gewone structuur","6420","Financiële holdings","78202","Uitleenbureaus","","","","",20001004,20001004,20000823,20000814,0,0,20001004,"",2020,20220519
"Valkenswaard","H","41","Besloten vennootschap met gewone structuur","6420","Financiële holdings","","","","","","",20000822,20000822,20000823,20000822,0,0,0,"",2020,20220206
"Son en Breugel","H","41","Besloten vennootschap met gewone structuur","47591","Winkels in meubels","","","","","","",20001114,20001114,20000823,20000801,20080201,0,20001114,"",2020,20211008
"Den Dungen","H","01","Eenmanszaak","47811","Markthandel aardappelen/groenten/fruit","47819","Markthandel overige voedings- en genotm.","8130","Landschapsverzorging","N","N",0,0,20000825,20000831,0,0,0,"",0,0
"'s-Hertogenbosch","H","41","Besloten vennootschap met gewone structuur","6420","Financiële holdings","","","","","N","N",20000822,20000822,20000823,20000822,20211217,0,0,"",2019,20201230
"Geldrop","H","74","Stichting","86102","Algemene ziekenhuizen","","","","","N","N",20000817,20000817,20110126,20000817,0,0,0,"",2021,20220531
"Oss","H","11","Vennootschap onder firma","8020","Beveiliging via beveiligingssystemen","","","","","","",20031001,0,20000825,20000901,20160523,0,20031001,"",0,0
"Veldhoven","H","01","Eenmanszaak","7112","Ingenieurs/overig techn. ontwerp/advies","","","","","","",0,0,20000825,20000901,0,0,0,"",0,0
"Veghel","H","41","Besloten vennootschap met gewone structuur","6420","Financiële holdings","","","","","N","N",20000822,20000822,20000823,20000822,20210104,0,0,"",2020,20211019
"Sint-Oedenrode","H","41","Besloten vennootschap met gewone structuur","4614","HB mach./techn.ben./schepen/vliegtuigen","","","","","","",20000914,20000914,20000824,20000701,0,0,20000914,"",2020,20210722
"Rosmalen","H","01","Eenmanszaak","4321","Elektrotechnische bouwinstallatie","","","","","N","N",0,0,20000825,20000901,20140109,0,20040501,"",0,0
"Boxmeer","H","01","Eenmanszaak","7500","Veterinaire dienstverlening","","","","","","",0,0,20000825,20000901,20210829,0,0,"",0,0
"Veldhoven","H","01","Eenmanszaak","53202","Koeriers","","","","","N","N",0,0,20000825,20000901,20140804,0,0,"",0,0
"Geldrop","H","01","Eenmanszaak","9609","Overige dienstverlening (rest)","","","","","","",0,0,20000825,20000901,20190809,0,0,"",0,0
"Nieuwkuijk","H","41","Besloten vennootschap met gewone structuur","6209","Ov. dienstv. act. ohgv informatietechn.","6201","Ontwikkelen/produceren/uitgeven software","","","","",20011102,20011102,20000825,20000901,20201019,0,20011102,"",2020,20210616
"Boxmeer","H","41","Besloten vennootschap met gewone structuur","6420","Financiële holdings","70221","Organisatie-adviesbureaus","","","","",20001017,20001017,20000825,20000901,0,0,20001017,"",2020,20210625
"Rosmalen","H","01","Eenmanszaak","8219","Secretariële dienstverlening","","","","","N","N",0,0,20100423,20000825,20140201,0,0,"",0,0
"Rosmalen","H","41","Besloten vennootschap met gewone structuur","70221","Organisatie-adviesbureaus","6420","Financiële holdings","","","N","N",20001005,20001005,20000825,20000901,20000901,0,20001005,"",2020,20210806
"Hattem","H","41","Besloten vennootschap met gewone structuur","70221","Organisatie-adviesbureaus","6420","Financiële holdings","","","","",20030627,20030627,20150220,20000901,20150215,0,20030627,"",2021,20220608
"Slijk-Ewijk","H","41","Besloten vennootschap met gewone structuur","6420","Financiële holdings","","","","","","",20000823,20000823,20130220,20000823,20150801,0,0,"",2020,20210805
"Eindhoven","H","01","Eenmanszaak","47782","Winkels in optische artikelen","70221","Organisatie-adviesbureaus","","","N","N",0,0,20000828,20000901,0,0,0,"",0,0
"Son en Breugel","H","41","Besloten vennootschap met gewone structuur","6420","Financiële holdings","","","","","","",20000817,20000817,20000824,20000817,20200504,0,0,"",2020,20220128
"Eersel","H","41","Besloten vennootschap met gewone structuur","8130","Landschapsverzorging","","","","","N","N",20001124,20001124,20000825,20000901,20111117,0,20001124,"",2021,20220325
"Bergeijk","H","41","Besloten vennootschap met gewone structuur","43999","Overige gespec. werkz. in de bouw (rest)","","","","","","",20000822,20000822,20000828,19800301,20100101,0,20000822,"",2021,20220513
"Uden","H","41","Besloten vennootschap met gewone structuur","72199","Ov.natuurw.speur-/ontw.werk (niet biot.)","","","","","","",20000823,20000823,20000825,20000823,20160219,0,0,"",2020,20220524
"Escharen","H","01","Eenmanszaak","96021","Haarverzorging","","","","","","",0,0,20000828,19660214,20220101,0,20000826,"",0,0
"'s-Hertogenbosch","H","41","Besloten vennootschap met gewone structuur","6420","Financiële holdings","","","","","N","N",20000822,20000822,20000824,20000822,20201211,0,0,"",2020,20210423
"Deurne","H","11","Vennootschap onder firma","45112","Handel/rep. personen-/lichte bedr.auto's","","","","","","",20050101,0,20000828,20000901,20090810,0,20050101,"",0,0
"Wagenberg","H","41","Besloten vennootschap met gewone structuur","70221","Organisatie-adviesbureaus","66193","Hypotheek-/kredietbem./bankagentschappen","","","N","N",20000814,20000814,20071222,19960401,20220301,0,20000814,"",2018,20200122
"Wagenberg","H","41","Besloten vennootschap met gewone structuur","69203","Boekhoudkantoren","","","","","","",20000814,20000814,20071222,19960401,20180615,0,20000814,"",2018,20200122
"Tilburg","H","01","Eenmanszaak","8130","Landschapsverzorging","","","","","","",0,0,20000825,20000901,20061110,0,0,"",0,0
"Tilburg","H","11","Vennootschap onder firma","7112","Ingenieurs/overig techn. ontwerp/advies","4741","Winkels in computers/randapp./software","","","","",20000929,0,20000825,20000901,20081201,0,20000929,"",0,0
"Wijk en Aalburg","","74","Stichting","66191","Admin.kantoren voor aandelen/obligaties","","","","","","",20000823,20000823,0,0,0,0,0,"",0,0
"Oisterwijk","H","41","Besloten vennootschap met gewone structuur","70102","Holdings (geen financiële)","","","","","","",20000824,20000824,20000825,20000824,0,0,0,"",2021,20220308
"Breda","H","41","Besloten vennootschap met gewone structuur","70102","Holdings (geen financiële)","","","","","","",20000920,20000920,20060322,20000828,20091130,0,20000920,"",2020,20211129
"Maartensdijk","H","41","Besloten vennootschap met gewone structuur","70102","Holdings (geen financiële)","","","","","N","N",20050624,20050624,20021108,20000701,20021101,0,20050624,"",2021,20220117
"Waalwijk","H","01","Eenmanszaak","7911","Reisbemiddeling","","","","","","",0,0,20000828,20000901,20161014,0,0,"",0,0
"Sprang-Capelle","H","41","Besloten vennootschap met gewone structuur","70102","Holdings (geen financiële)","","","","","","",20000808,20000808,20000828,20000808,0,0,0,"",2020,20220210
"Sprang-Capelle","H","41","Besloten vennootschap met gewone structuur","70102","Holdings (geen financiële)","","","","","","",20000824,20000824,20000828,20000824,0,0,0,"",2020,20220323
"Waardhuizen","H","01","Eenmanszaak","7021","Adviesbureaus publ. relations en comm.","","","","","","",0,0,20000828,20000814,0,0,0,"",0,0
"Waalwijk","H","41","Besloten vennootschap met gewone structuur","52109","Opslag in distr.centra en overige opslag","","","","","","",20000822,20000822,20000828,20000822,0,0,0,"",2021,20211215
"Andel","H","01","Eenmanszaak","4120","Algemene burgerlijke en utiliteitsbouw","","","","","","",0,0,20000828,20000901,0,0,0,"",0,0
"Breda","H","41","Besloten vennootschap met gewone structuur","70221","Organisatie-adviesbureaus","","","","","N","N",20080530,20080530,20000825,20000901,20060413,0,20080530,"",2020,20210714
"Prinsenbeek","H","01","Eenmanszaak","43993","Metselen en voegen","42112","Stratenmaken","","","N","N",0,0,20000825,20000901,0,0,0,"",0,0
"Breda","H","01","Eenmanszaak","9609","Overige dienstverlening (rest)","85511","Zeil- en surfscholen","69203","Boekhoudkantoren","","",0,0,20000825,20000901,20140226,0,0,"",0,0
"Breda","H","01","Eenmanszaak","8553","Auto- en motorrijscholen","","","","","","",0,0,20000825,20000901,20080714,0,0,"",0,0
"Teteringen","H","01","Eenmanszaak","4331","Stukadoren","4333","Afwerking van vloeren en wanden","","","","",0,0,20000825,20000901,0,0,0,"",0,0
"Dinteloord","H","01","Eenmanszaak","4120","Algemene burgerlijke en utiliteitsbouw","","","","","","",0,0,20000825,20000825,0,0,0,"",0,0
"Zegge","H","11","Vennootschap onder firma","2562","Algemene metaalbewerking","","","","","","",20000901,0,20000825,20000901,0,0,0,"",0,0
"Roosendaal","H","01","Eenmanszaak","4645","Groothandel in parfums en cosmetica","","","","","J","N",0,0,20000828,20000825,20020126,0,0,"",0,0
"Sint Philipsland","H","11","Vennootschap onder firma","4711","Supermarkten e.d. winkels alg.ass.v.gm.","47761","Winkels bloemen/planten/zaden/tuinbenod.","","","N","N",20011128,0,20000828,19200000,20011128,0,20011128,"",0,0
"Kamperland","H","11","Vennootschap onder firma","4334","Schilderen en glaszetten","","","","","N","N",20000901,0,20000824,20000901,0,0,0,"",0,0
"Bruinisse","","74","Stichting","88999","Overig maatsch.adv./gemeenschapshuizen","","","","","","",20000823,20000823,0,0,0,0,0,"",0,0
"Goes","","71","Vereniging met volledige rechtsbevoegdheid","93121","Veldvoetbal","","","","","","",20000822,20000822,0,0,0,0,0,"",0,0
"Lewedorp","","74","Stichting","88993","Lokaal welzijnswerk","","","","","","",20000811,20000811,0,0,0,0,0,"",0,0
"Aardenburg","H","01","Eenmanszaak","96021","Haarverzorging","","","","","N","N",0,0,20000825,20000901,0,0,0,"",0,0
"Axel","","74","Stichting","93125","Paardensport en maneges","","","","","","",20000731,20000731,0,0,0,0,0,"",0,0
"'s-Heer Abtskerke","H","01","Eenmanszaak","2562","Algemene metaalbewerking","","","","","N","N",0,0,20000825,20000825,0,0,0,"",0,0
"Sint Jansteen","","74","Stichting","9002","Dienstverlening voor uitvoerende kunst","","","","","","",20000815,20000815,0,0,0,0,0,"",0,0
"Schiedam","N","41","Besloten vennootschap met gewone structuur","96021","Haarverzorging","96022","Schoonheidsverzorging/pedi-/manicures","4777","Winkels in juweliersartikelen/uurwerken","","",20010530,20010530,20000828,20000818,0,0,20010530,"",2020,20211231
"Barendrecht","H","01","Eenmanszaak","6209","Ov. dienstv. act. ohgv informatietechn.","","","","","N","N",0,0,20000825,20000101,20090601,0,0,"",0,0
"Rotterdam","","74","Stichting","69209","Overige administratiekantoren","","","","","","",20000821,20000821,0,0,0,0,0,"",0,0
"Rotterdam","H","41","Besloten vennootschap met gewone structuur","71112","Interieurarchitecten","","","","","N","N",20091224,20091224,20000825,20000101,20140109,0,20091224,"",2020,20211123
"Rotterdam","H","01","Eenmanszaak","4332","Bouwtimmeren","","","","","","",0,0,20000825,20000901,0,0,0,"",0,0
"Hellevoetsluis","H","01","Eenmanszaak","85592","Bedrijfsopleiding en -training","86913","Praktijken van psychotherapeuten/-logen","","","N","N",0,0,20000825,20000901,0,0,0,"",0,0
"Ridderkerk","","74","Stichting","93112","Sporthallen, sportzalen en gymzalen","","","","","","",20000818,20000818,0,0,0,0,0,"",0,0
"Nieuwerkerk ad IJssel","H","41","Besloten vennootschap met gewone structuur","6420","Financiële holdings","","","","","","",20000824,20000824,20000825,20000824,20061019,0,0,"",2020,20211103
"Leiden","H","01","Eenmanszaak","9003","Schrijven en overige scheppende kunst","","","","","N","N",0,0,20160301,20000901,20160622,0,0,"",0,0
"Hellevoetsluis","H","01","Eenmanszaak","47999","DH via overige distributievormen","","","","","","",0,0,20000825,20000901,0,0,0,"",0,0
"Rockanje","H","01","Eenmanszaak","96022","Schoonheidsverzorging/pedi-/manicures","","","","","","",0,0,20000825,20000901,20050903,0,0,"",0,0
"Krimpen aan den IJssel","H","11","Vennootschap onder firma","7112","Ingenieurs/overig techn. ontwerp/advies","","","","","N","N",20010101,0,20000825,20000901,20100401,0,20010101,"",0,0
"Schiedam","H","11","Vennootschap onder firma","47789","Winkels gespec. in overige art. (rest)","","","","","N","N",20000825,0,20000825,20000825,20140601,0,0,"",0,0
"Rotterdam","H","41","Besloten vennootschap met gewone structuur","6420","Financiële holdings","","","","","N","N",20001204,20001204,20000825,20000101,20201005,0,20001204,"",2020,20211206
"Schiedam","H","01","Eenmanszaak","4332","Bouwtimmeren","","","","","N","N",0,0,20000825,20000901,20070105,0,0,"",0,0
"Barendrecht","","71","Vereniging met volledige rechtsbevoegdheid","93146","Sportscholen","","","","","","",20000724,20000724,0,0,0,0,0,"",0,0
"Haarlem","H","41","Besloten vennootschap met gewone structuur","6420","Financiële holdings","","","","","N","N",20010510,20010510,20060210,20000807,20200801,0,20010510,"",2019,20210430
"Haarlem","H","41","Besloten vennootschap met gewone structuur","6420","Financiële holdings","","","","","N","N",20010903,20010903,20060308,20000807,20200801,0,20010903,"",2019,20210430
"Vlaardingen","H","01","Eenmanszaak","31011","Interieurbouw","46741","Groothandel in ijzer- en metaalwaren","","","N","N",0,0,20000825,20000825,0,0,0,"",0,0
"Rotterdam","H","01","Eenmanszaak","7311","Reclamebureaus","","","","","N","N",0,0,20000825,20000825,20210201,0,0,"",0,0
"Amersfoort","H","74","Stichting","5811","Uitgeverijen van boeken","","","","","N","N",20000824,20000824,20080904,20020101,20220301,0,0,"",0,0
"Rotterdam","H","01","Eenmanszaak","70221","Organisatie-adviesbureaus","","","","","N","N",0,0,20000825,20000825,20040601,0,0,"",0,0
"Rotterdam","H","41","Besloten vennootschap met gewone structuur","6420","Financiële holdings","","","","","N","N",20000922,20000922,20150113,20000801,20171201,0,20000922,"",2020,20211228
"Spijkenisse","H","41","Besloten vennootschap met gewone structuur","6420","Financiële holdings","6202","Advisering ohgv informatietechnologie","","","N","N",20001102,20001102,20000828,20000515,20180601,0,20001102,"",2020,20220609
"Dordrecht","","72","Vereniging met beperkte rechtsbevoegdheid","94997","Overige belangenbehartiging (rest)","","","","","","",20000901,0,0,0,0,0,0,"",0,0
"Papendrecht","H","01","Eenmanszaak","4321","Elektrotechnische bouwinstallatie","","","","","","",0,0,20000828,20000901,20040514,0,0,"",0,0
"Gouda","H","01","Eenmanszaak","4120","Algemene burgerlijke en utiliteitsbouw","","","","","N","N",0,0,20000828,20000904,0,0,0,"",0,0
"Rotterdam","H","41","Besloten vennootschap met gewone structuur","4711","Supermarkten e.d. winkels alg.ass.v.gm.","","","","","N","N",20081229,20081229,20000828,20000901,20140730,0,20081229,"",2020,20210720
"Mijnsheerenland","H","01","Eenmanszaak","96022","Schoonheidsverzorging/pedi-/manicures","","","","","N","N",0,0,20000828,20000901,0,0,0,"",0,0
"Haarlem","H","41","Besloten vennootschap met gewone structuur","6612","Commissionairs/makelaars in effecten ed","70222","Advisering ohgv management/bedrijfsv.","","","N","N",20000823,20000823,20011030,20000823,20170101,0,0,"",2021,20220413
"Heerjansdam","H","01","Eenmanszaak","4932","Vervoer per taxi","","","","","N","N",0,0,20000828,20000901,0,0,0,"",0,0
"Rotterdam","H","01","Eenmanszaak","96022","Schoonheidsverzorging/pedi-/manicures","","","","","N","N",0,0,20000828,20000901,20170914,0,0,"",0,0
"Rotterdam","H","01","Eenmanszaak","43221","Loodg.- en fitterswerk; inst. sanitair","47911","Internethandel voeding en drogisterij","","","N","N",0,0,20000828,20000901,20030714,0,0,"",0,0
"Erica","H","01","Eenmanszaak","9609","Overige dienstverlening (rest)","","","","","N","N",0,0,20010920,20000902,20030603,0,0,"",0,0
"Maartensdijk","H","41","Besloten vennootschap met gewone structuur","70221","Organisatie-adviesbureaus","","","","","N","N",20001019,0,20101122,20000807,20130701,0,20001019,"",2020,20211122
"Werkendam","H","11","Vennootschap onder firma","50401","Binnenvaart (vrachtvaart)","","","","","","",20000101,0,20161219,20000101,20161212,0,0,"",0,0
"Barendrecht","H","01","Eenmanszaak","85522","Kunstzinnige vorming voor amateurs","9529","Reparatie van overige consumentenart.","","","N","N",0,0,20000828,20000901,20071015,0,0,"",0,0
"Rotterdam","H","01","Eenmanszaak","4333","Afwerking van vloeren en wanden","","","","","N","N",0,0,20000828,20000901,20100701,0,0,"",0,0
"Voorschoten","H","01","Eenmanszaak","31011","Interieurbouw","","","","","N","N",0,0,20000825,20000901,20130103,0,0,"",0,0
"'s-Gravenhage","","74","Stichting","94996","Overige ideële organisaties (rest)","","","","","","",20000713,20000713,0,0,0,0,0,"",0,0
"Nieuwkoop","H","41","Besloten vennootschap met gewone structuur","70222","Advisering ohgv management/bedrijfsv.","","","","","N","N",20000824,20000824,20030305,20000824,20170807,0,0,"",2020,20210906
"Zoetermeer","H","01","Eenmanszaak","8219","Secretariële dienstverlening","","","","","N","N",0,0,20000825,20000901,20041021,0,0,"",0,0
"'s-Gravenhage","H","01","Eenmanszaak","7112","Ingenieurs/overig techn. ontwerp/advies","","","","","N","N",0,0,20000825,20000901,20130520,0,0,"",0,0
"'s-Gravenhage","H","11","Vennootschap onder firma","1071","Verv. brood en vers banketbakkerswerk","","","","","N","N",20060201,0,20000828,19940801,19940801,0,20060201,"",0,0
"'s-Gravenhage","H","01","Eenmanszaak","6391","Persagentschappen","46433","GH audio- en video-apparatuur","4532","DH in auto-onderdelen en -accessoires","J","",0,0,20000828,20000801,20200814,0,0,"",0,0
"Zoetermeer","H","01","Eenmanszaak","8553","Auto- en motorrijscholen","47899","Markthandel in overige goederen","","","N","N",0,0,20000828,20000901,20120912,0,0,"",0,0
"'s-Gravenhage","H","01","Eenmanszaak","47293","Winkels in buitenlandse voedingsmiddelen","","","","","N","N",0,0,20000828,19580927,0,0,20000501,"",0,0
"Wassenaar","","74","Stichting","94993","Steunfondsen (niet ohgv welzijnszorg)","","","","","","",20000828,20000828,0,0,0,0,0,"",0,0
"Leidschendam","H","41","Besloten vennootschap met gewone structuur","9002","Dienstverlening voor uitvoerende kunst","77299","Verh. overige consumentenartikelen","","","N","N",20020227,20020227,20000828,20000901,20050801,0,20020227,"",2020,20220222
"'s-Gravenhage","H","51","Naamloze vennootschap met gewone structuur","69209","Overige administratiekantoren","","","","","N","N",20010220,20010220,20000822,20000901,20120326,0,20010220,"",2021,20220517
"De Zilk","H","01","Eenmanszaak","96022","Schoonheidsverzorging/pedi-/manicures","","","","","N","N",0,0,20000824,20000901,0,0,0,"",0,0
"Noordwijkerhout","H","01","Eenmanszaak","47523","Winkels in houten bouw-/tuinmaterialen","46731","Groothandel in hout en plaatmateriaal","","","N","N",0,0,20000825,20000901,20060206,0,0,"",0,0
"Lisse","H","01","Eenmanszaak","96021","Haarverzorging","","","","","N","N",0,0,20000825,20000901,20090124,0,0,"",0,0
"Hazerswoude-Dorp","H","01","Eenmanszaak","9003","Schrijven en overige scheppende kunst","","","","","N","N",0,0,20000825,20000901,20030801,0,0,"",0,0
"Boskoop","H","11","Vennootschap onder firma","01305","Teelt boomkwekerijgewassen volle grond","","","","","N","N",20000101,0,20000825,20000101,0,0,0,"",0,0
"Diemen","","74","Stichting","94919","Over. levensbeschouwelijke organisaties","","","","","","",20000814,20000814,0,0,0,0,0,"",0,0
"Zwijndrecht","H","01","Eenmanszaak","69203","Boekhoudkantoren","88101","Thuiszorg","","","N","N",0,0,20030312,20000801,20030301,0,0,"",0,0
"Leiden","H","01","Eenmanszaak","7311","Reclamebureaus","9003","Schrijven en overige scheppende kunst","","","N","N",0,0,20000825,20000825,20020101,0,0,"",0,0
"Leiden","H","01","Eenmanszaak","4120","Algemene burgerlijke en utiliteitsbouw","","","","","N","N",0,0,20000825,20000901,20060401,0,0,"",0,0
"Noordwijk","H","01","Eenmanszaak","9609","Overige dienstverlening (rest)","","","","","N","N",0,0,20000828,20000904,0,0,0,"",0,0
"Roelofarendsveen","H","41","Besloten vennootschap met gewone structuur","6612","Commissionairs/makelaars in effecten ed","8110","Facility management","64303","Beleggingsinst. met beperkte toetreding","N","N",20000710,20000710,20070216,20000710,20070101,0,0,"",2020,20211024
"Bodegraven","N","41","Besloten vennootschap met gewone structuur","4721","Winkels in aardappelen/groenten/fruit","","","","","","",19831011,19831011,20000828,20000605,20030130,0,0,"",2020,20210923
"Houten","H","41","Besloten vennootschap met gewone structuur","69202","Accountants-administratieconsulenten","","","","","","",20000920,20000920,20000824,20000801,20190901,0,20000920,"",2019,20211015
"Woerden","H","41","Besloten vennootschap met gewone structuur","33221","Inst. machines voor algemeen gebruik","","","","","","",20040831,20040831,20000825,20000901,20070411,0,20040831,"",2020,20211010
"Loenen aan de Vecht","H","41","Besloten vennootschap met gewone structuur","64923","Participatiemaatschappijen","","","","","","",20000823,20000823,20000825,20000823,20170401,0,0,"",2020,20210521
"Amsterdam","H","41","Besloten vennootschap met gewone structuur","6420","Financiële holdings","","","","","N","N",20000822,20000822,20030212,20000822,20211201,0,0,"",2020,20210525
"Utrecht","H","01","Eenmanszaak","8130","Landschapsverzorging","","","","","","",0,0,20000825,20000901,20150412,0,0,"",0,0
"Amstelhoek","H","01","Eenmanszaak","70221","Organisatie-adviesbureaus","","","","","","",0,0,20000825,20000901,20011107,0,0,"",0,0
"Woerden","H","41","Besloten vennootschap met gewone structuur","43222","Inst. verwarmings-/luchtbehandelingsapp.","","","","","","",20020827,20020827,20000825,20000901,20170925,0,20020827,"",2020,20220204
"Amersfoort","H","01","Eenmanszaak","4120","Algemene burgerlijke en utiliteitsbouw","","","","","","",0,0,20211206,20000901,20211205,0,0,"",0,0
"Oudewater","H","01","Eenmanszaak","96022","Schoonheidsverzorging/pedi-/manicures","","","","","","",0,0,20000825,20000901,20160831,0,0,"",0,0
"Utrecht","H","01","Eenmanszaak","71203","Overige keuring en controle","72199","Ov.natuurw.speur-/ontw.werk (niet biot.)","","","N","N",0,0,20000825,20000901,0,0,0,"",0,0
"IJsselstein","H","01","Eenmanszaak","6201","Ontwikkelen/produceren/uitgeven software","","","","","","",0,0,20000825,20000901,20060715,0,0,"",0,0
"Amsterdam","H","41","Besloten vennootschap met gewone structuur","6201","Ontwikkelen/produceren/uitgeven software","78201","Uitzendbureaus","94997","Overige belangenbehartiging (rest)","N","N",20000823,20000823,20080923,20000823,20090901,0,0,"",2020,20220509
"Veenendaal","H","41","Besloten vennootschap met gewone structuur","66292","Pensioenadv.bureaus/beheer pensioenverm.","","","","","","",20000823,20000823,20000828,20000823,0,0,0,"",2020,20211028
"Zeist","H","01","Eenmanszaak","70221","Organisatie-adviesbureaus","","","","","","",0,0,20000828,20000901,0,0,0,"",0,0
"Ede","","74","Stichting","94997","Overige belangenbehartiging (rest)","","","","","","",20000804,20000804,0,0,0,0,0,"",0,0
"Veenendaal","H","41","Besloten vennootschap met gewone structuur","69204","Belastingconsulenten","70221","Organisatie-adviesbureaus","","","","",20000825,20000825,20000828,20000825,20191023,0,0,"",2020,20210522
"IJsselstein","H","41","Besloten vennootschap met gewone structuur","66191","Admin.kantoren voor aandelen/obligaties","","","","","","",20001019,20001019,20000828,20000715,20020906,0,20001019,"",2021,20220601
"Lelystad","H","01","Eenmanszaak","7320","Markt- en opinieonderzoekbureaus","","","","","","",0,0,20090917,20000828,20090917,0,0,"",0,0
"Polsbroek","H","01","Eenmanszaak","4120","Algemene burgerlijke en utiliteitsbouw","","","","","","",0,0,20000828,20000901,0,0,0,"",0,0
"Montfoort","H","41","Besloten vennootschap met gewone structuur","46742","Groothandel in verwarmingsapparaten","","","","","N","N",20040826,20040826,20000828,19760815,20190415,0,20040826,"",2021,20220510
"Utrecht","H","01","Eenmanszaak","7320","Markt- en opinieonderzoekbureaus","5621","Eventcatering","","","","",0,0,20000828,20000815,20050901,0,0,"",0,0
"Utrecht","H","01","Eenmanszaak","70221","Organisatie-adviesbureaus","","","","","","",0,0,20000828,20000828,20190805,0,0,"",0,0
"Leusden","H","01","Eenmanszaak","96021","Haarverzorging","","","","","","",0,0,20000825,20000825,20210220,0,20001231,"",0,0
"Amersfoort","H","01","Eenmanszaak","86919","Overige paramedische praktijken","","","","","","",0,0,20000825,20000601,20050725,0,0,"",0,0
"Baarn","H","01","Eenmanszaak","8219","Secretariële dienstverlening","6201","Ontwikkelen/produceren/uitgeven software","9003","Schrijven en overige scheppende kunst","","",0,0,20000825,20000901,20200731,0,0,"",0,0
"Kortenhoef","H","41","Besloten vennootschap met gewone structuur","68203","Verhuur van overige woonruimte","","","","","","",20000825,20000825,20070426,20000825,20070419,0,0,"",2020,20220119
"Amersfoort","H","41","Besloten vennootschap met gewone structuur","6420","Financiële holdings","","","","","","",20000824,20000824,20190412,20000824,20190101,0,0,"",2020,20211029
"Leusden","H","01","Eenmanszaak","7112","Ingenieurs/overig techn. ontwerp/advies","","","","","","",0,0,20000828,20000901,0,0,0,"",0,0
"Bunschoten-Spakenburg","H","41","Besloten vennootschap met gewone structuur","6420","Financiële holdings","","","","","","",20000825,20000825,20000828,20000825,20050130,0,0,"",2020,20210705
"Laren","","74","Stichting","94993","Steunfondsen (niet ohgv welzijnszorg)","","","","","","",20000720,20000720,0,0,0,0,0,"",0,0
"Nijkerk","H","41","Besloten vennootschap met gewone structuur","64301","Beleggingsinstell. in financiële activa","","","","","","",20001019,20001019,20000828,20000824,20081024,0,20001019,"",2020,20211224
"Amstelveen","H","41","Besloten vennootschap met gewone structuur","70221","Organisatie-adviesbureaus","85592","Bedrijfsopleiding en -training","","","N","N",20000810,20000810,20000825,20000810,20180101,0,0,"",2021,0
"Krommenie","H","41","Besloten vennootschap met gewone structuur","6420","Financiële holdings","","","","","N","N",20001018,20001018,20031118,20000817,20051121,0,20001018,"",2017,20190415
"Alphen aan den Rijn","H","01","Eenmanszaak","7311","Reclamebureaus","6311","Gegevensverw./webhosting/aanverw. activ.","","","N","N",0,0,20070405,20000801,20010901,0,20060401,"",0,0
"Amsterdam","H","41","Besloten vennootschap met gewone structuur","5811","Uitgeverijen van boeken","6190","Overige telecommunicatie","","","N","N",20000714,20000714,20000825,20000714,20171120,0,0,"",2020,20220425
"Amsterdam","H","41","Besloten vennootschap met gewone structuur","6420","Financiële holdings","","","","","N","N",20010119,20010119,20000828,20000724,20160701,0,20010119,"",2020,20211220
"Amsterdam","H","41","Besloten vennootschap met gewone structuur","6420","Financiële holdings","","","","","N","N",20000817,20000817,20000828,20000817,20140616,0,0,"",2020,20210930
"Amsterdam","","74","Stichting","94994","Vriendenkringen ohgv cultuur / fanclubs","","","","","","",20000804,20000804,0,0,0,0,0,"",0,0
"Amsterdam","H","41","Besloten vennootschap met gewone structuur","78202","Uitleenbureaus","","","","","N","N",20000804,20000804,20000824,20000804,20050601,0,0,"",2020,20210603
"Amsterdam","H","41","Besloten vennootschap met gewone structuur","69102","Rechtskundige adviesbureaus","7810","Arbeidsbemiddeling","6202","Advisering ohgv informatietechnologie","N","N",20010305,20010305,20000828,20000901,0,0,20010305,"",2020,20210706
"Amsterdam","H","41","Besloten vennootschap met gewone structuur","6420","Financiële holdings","","","","","N","N",20000821,20000821,20000828,20000821,20101015,0,0,"",2020,20211231
"Noord-Scharwoude","H","01","Eenmanszaak","4332","Bouwtimmeren","","","","","N","N",0,0,20040831,20000901,20040830,0,0,"",0,0
"Amsterdam","H","41","Besloten vennootschap met gewone structuur","64303","Beleggingsinst. met beperkte toetreding","","","","","N","N",20000822,20000822,20000825,20000822,20210217,0,0,"",2021,20220331
"Amsterdam","H","41","Besloten vennootschap met gewone structuur","6202","Advisering ohgv informatietechnologie","","","","","N","N",20100325,20100325,20000825,20000901,0,0,20100325,"",2018,20191009
"Haarlem","H","41","Besloten vennootschap met gewone structuur","5221","Dienstverlening voor vervoer over land","6420","Financiële holdings","","","N","N",20070622,20070622,20000825,20000901,20180602,0,20070622,"",2020,20220427
"Amsterdam","H","41","Besloten vennootschap met gewone structuur","70102","Holdings (geen financiële)","","","","","N","N",20000823,20000823,20000825,20000823,20180101,0,0,"",2005,20060426
"Muiden","H","01","Eenmanszaak","96021","Haarverzorging","","","","","N","N",0,0,20030917,20000901,20080410,0,0,"",0,0
"Amstelveen","H","41","Besloten vennootschap met gewone structuur","8020","Beveiliging via beveiligingssystemen","93299","Ov. recreatie (rest)(geen jachthavens)","7490","Overige special. zakelijke dienstverl.","N","N",20041228,20041228,20000825,20000825,20140101,0,20041228,"",2020,20210916
"Hilversum","H","41","Besloten vennootschap met gewone structuur","69209","Overige administratiekantoren","","","","","N","N",20000918,20000918,20070119,20000825,20111216,0,20000918,"",2020,20211007
"Hoofddorp","H","01","Eenmanszaak","8130","Landschapsverzorging","","","","","N","N",0,0,20000825,20000901,20140417,0,0,"",0,0
"Zandvoort","H","01","Eenmanszaak","96022","Schoonheidsverzorging/pedi-/manicures","","","","","N","N",0,0,20211110,20000901,20211030,0,0,"",0,0
"Amsterdam","H","01","Eenmanszaak","7311","Reclamebureaus","7021","Adviesbureaus publ. relations en comm.","74103","Interieur- en ruimtelijk ontwerp","N","N",0,0,20120814,20000901,20120620,0,0,"",0,0
"Amsterdam","H","01","Eenmanszaak","8553","Auto- en motorrijscholen","","","","","N","N",0,0,20000825,20000828,20070111,0,0,"",0,0
"Amsterdam","H","01","Eenmanszaak","9002","Dienstverlening voor uitvoerende kunst","","","","","N","N",0,0,20000825,20000825,20140425,0,0,"",0,0
"Amsterdam","H","41","Besloten vennootschap met gewone structuur","4120","Algemene burgerlijke en utiliteitsbouw","31011","Interieurbouw","","","N","N",20090508,20090508,20161229,20000824,20190227,0,20090508,"",2020,20211123
"Amsterdam","H","11","Vennootschap onder firma","93299","Ov. recreatie (rest)(geen jachthavens)","7021","Adviesbureaus publ. relations en comm.","","","N","N",20000825,0,20000828,20000825,20040116,0,0,"",0,0
"Zaandam","","74","Stichting","66191","Admin.kantoren voor aandelen/obligaties","","","","","","",20000818,20000818,0,0,0,0,0,"",0,0
"Hoofddorp","H","01","Eenmanszaak","42112","Stratenmaken","4222","Leggen van elektr.-/telecom.kabels","4312","Grondverzet","N","N",0,0,20000828,20000830,20100202,0,0,"",0,0
"Krommenie","","74","Stichting","93121","Veldvoetbal","","","","","","",20000825,20000825,0,0,0,0,0,"",0,0
"Amsterdam","H","41","Besloten vennootschap met gewone structuur","6201","Ontwikkelen/produceren/uitgeven software","","","","","N","N",20010820,20010820,20000828,20000816,20020207,0,20010820,"",2020,20211029
"Assendelft","H","01","Eenmanszaak","4120","Algemene burgerlijke en utiliteitsbouw","","","","","N","N",0,0,20000828,20000904,20050701,0,0,"",0,0
"Amsterdam","H","01","Eenmanszaak","59111","Prod. films (geen televisiefilms)","9002","Dienstverlening voor uitvoerende kunst","","","N","N",0,0,20000828,20000501,20031201,0,0,"",0,0
"Uitgeest","H","01","Eenmanszaak","4120","Algemene burgerlijke en utiliteitsbouw","","","","","N","N",0,0,20000828,20000901,20170420,0,0,"",0,0
"Hilversum","H","01","Eenmanszaak","74103","Interieur- en ruimtelijk ontwerp","47591","Winkels in meubels","4665","Groothandel in bedrijfsmeubels","N","N",0,0,20010814,20000828,20200812,0,0,"",0,0
"Amsterdam","H","41","Besloten vennootschap met gewone structuur","6420","Financiële holdings","","","","","N","N",20000821,20000821,20000828,20000821,20090915,0,0,"",2011,20130130
"Amsterdam","H","01","Eenmanszaak","9003","Schrijven en overige scheppende kunst","7490","Overige special. zakelijke dienstverl.","86919","Overige paramedische praktijken","N","N",0,0,20000828,20000828,20190731,0,0,"",0,0
"Velsen-Zuid","H","01","Eenmanszaak","4332","Bouwtimmeren","5621","Eventcatering","","","N","N",0,0,20000828,20000901,20210830,0,0,"",0,0
"Amstelveen","H","41","Besloten vennootschap met gewone structuur","6420","Financiële holdings","","","","","N","N",20001109,20001109,20000828,20000701,20200617,0,20001109,"",2020,20220120
"Breukelen","H","41","Besloten vennootschap met gewone structuur","6420","Financiële holdings","","","","","N","N",20000921,20000921,20200406,20000301,20200806,0,20000921,"",2019,20201104
"Castricum","H","01","Eenmanszaak","4120","Algemene burgerlijke en utiliteitsbouw","43993","Metselen en voegen","","","N","N",0,0,20000825,20000901,20150629,0,0,"",0,0
"Tuitjenhorn","H","01","Eenmanszaak","4120","Algemene burgerlijke en utiliteitsbouw","","","","","N","N",0,0,20000825,20000901,20020101,0,0,"",0,0
"Wormer","H","01","Eenmanszaak","4120","Algemene burgerlijke en utiliteitsbouw","","","","","","",0,0,20080916,20000901,20120810,0,0,"",0,0
"Heerhugowaard","H","41","Besloten vennootschap met gewone structuur","64923","Participatiemaatschappijen","64922","Volkskredietbanken/commerciële financ.","","","N","N",20020626,20020626,20000825,20000901,0,0,20020626,"",2020,20211230
"Andijk","H","01","Eenmanszaak","45112","Handel/rep. personen-/lichte bedr.auto's","","","","","N","N",0,0,20000828,20000828,20041112,0,0,"",0,0
"Zwaag","H","41","Besloten vennootschap met gewone structuur","6420","Financiële holdings","74103","Interieur- en ruimtelijk ontwerp","","","","",20010410,20010410,20000828,20000701,20060630,0,20010410,"",2020,20211210
"Volendam","H","01","Eenmanszaak","4332","Bouwtimmeren","","","","","N","N",0,0,20000828,20000904,0,0,0,"",0,0
"Lemmer","H","01","Eenmanszaak","86919","Overige paramedische praktijken","","","","","","",0,0,20041221,20000901,20151026,0,0,"",0,0
"Garyp","H","01","Eenmanszaak","4661","GH landbouwmachines/werktuigen/tractoren","33123","Rep./onderh. machines specif.bedrijfstak","","","J","J",0,0,20000829,20000801,20090301,0,0,"",0,0
"Appelscha","H","01","Eenmanszaak","43221","Loodg.- en fitterswerk; inst. sanitair","4391","Dakdekken en bouwen van dakconstructies","","","","",0,0,20000829,20000901,20060330,0,0,"",0,0
"Leeuwarden","H","01","Eenmanszaak","5630","Cafés","","","","","","",0,0,20000829,19850101,0,0,20000814,"",0,0
"Hoogezand","N","41","Besloten vennootschap met gewone structuur","5813","Uitgeverijen van kranten","","","","","N","N",20001206,20001206,20000829,19841031,0,0,20001206,"",2020,20211102
"Uithuizen","N","41","Besloten vennootschap met gewone structuur","5813","Uitgeverijen van kranten","","","","","N","N",20001206,20001206,20000829,19900101,0,0,20001206,"",2020,20211102
"Emmen","N","41","Besloten vennootschap met gewone structuur","5813","Uitgeverijen van kranten","","","","","N","N",20001206,20001206,20000829,19960101,20020301,0,20001206,"",2020,20211102
"Witteveen","","71","Vereniging met volledige rechtsbevoegdheid","93129","Overige buitensport","","","","","","",20000401,20000401,0,0,0,0,0,"",0,0
"Alteveer","","74","Stichting","93299","Ov. recreatie (rest)(geen jachthavens)","","","","","","",20000815,20000815,0,0,0,0,0,"",0,0
"Annen","H","11","Vennootschap onder firma","8010","Particuliere beveiliging","","","","","","",20030101,0,20000829,20000905,20031120,0,20030101,"",0,0
"Rolde","H","01","Eenmanszaak","46901","Niet-gespec. GH in consumentenartikelen","","","","","J","N",0,0,20000829,20000828,20201229,0,0,"",0,0
"Emmen","H","01","Eenmanszaak","6622","Assurantietussenpersonen","70221","Organisatie-adviesbureaus","","","","",0,0,20000829,20000824,20020201,0,0,"",0,0
"Wapenveld","H","01","Eenmanszaak","77399","Verh./lease ov.mach./werkt./ov. goederen","90013","Circus en variété","","","","",0,0,20000828,20000801,20160706,0,0,"",0,0
"Elburg","N","11","Vennootschap onder firma","47221","Winkels in vlees en vleeswaren","","","","","N","N",19940101,0,20000828,19980401,0,0,0,"",0,0
"Vorden","H","01","Eenmanszaak","7320","Markt- en opinieonderzoekbureaus","6312","Webportals","","","N","N",0,0,20080117,20000901,20070315,0,0,"",0,0
"Diepenveen","H","41","Besloten vennootschap met gewone structuur","6420","Financiële holdings","","","","","N","N",20000825,20000825,20000828,20000825,20010702,0,0,"",2020,20210920
"Rijssen","H","41","Besloten vennootschap met gewone structuur","70222","Advisering ohgv management/bedrijfsv.","","","","","N","N",20000825,20000825,20000828,20000825,20220326,0,0,"",2021,20220518
"Schiphol","H","41","Besloten vennootschap met gewone structuur","6420","Financiële holdings","","","","","N","N",20000825,20000825,20211228,20000825,20211224,0,0,"",2021,20220520
"Rijssen","H","41","Besloten vennootschap met gewone structuur","6420","Financiële holdings","","","","","N","N",20000825,20000825,20000828,20000825,20220326,0,0,"",2021,20220518
"Rijssen","H","41","Besloten vennootschap met gewone structuur","7735","Verhuur en lease van vliegtuigen","","","","","N","N",20000825,20000825,20000828,20000825,20220326,0,0,"",2021,20220518
"Rijssen","H","41","Besloten vennootschap met gewone structuur","6420","Financiële holdings","","","","","N","N",20000825,20000825,20000828,20000825,20220326,0,0,"",2020,20210528
"Rijssen","H","41","Besloten vennootschap met gewone structuur","6420","Financiële holdings","","","","","","",20000825,20000825,20000828,20000825,20140811,0,0,"",2021,20220411
"Berkel en Rodenrijs","H","41","Besloten vennootschap met gewone structuur","47789","Winkels gespec. in overige art. (rest)","47722","Winkels in lederwaren en reisartikelen","47597","Winkels in huishoudelijke art. alg. ass.","N","N",20000825,20000825,20200302,20000825,20200301,0,0,"",2021,20220527
"Rijssen","H","41","Besloten vennootschap met gewone structuur","6420","Financiële holdings","","","","","","",20000825,20000825,20000828,20000825,20160401,0,0,"",2020,20210520
"Borne","H","11","Vennootschap onder firma","7112","Ingenieurs/overig techn. ontwerp/advies","2312","Vormen en bewerken van vlakglas","","","N","N",20000814,0,20000828,20000814,20060601,0,0,"",0,0
"Daarle","H","11","Vennootschap onder firma","0150","Akker-/tuinbouw icm fokken/houden dieren","","","","","N","N",20000101,0,20000828,20000101,0,0,0,"",0,0
"Harderwijk","","74","Stichting","94995","Overk. organen (niet ohgv welzijn/sport)","","","","","","",20000823,20000823,0,0,0,0,0,"",0,0
"de Lutte","H","01","Eenmanszaak","4332","Bouwtimmeren","","","","","N","N",0,0,20000828,20000904,0,0,0,"",0,0
"Kootwijkerbroek","H","11","Vennootschap onder firma","43999","Overige gespec. werkz. in de bouw (rest)","","","","","N","N",20000821,0,20000829,20000821,0,0,0,"",0,0
"Nijverdal","H","41","Besloten vennootschap met gewone structuur","6202","Advisering ohgv informatietechnologie","6810","Handel in eigen onroerend goed","","","N","N",20001024,20001024,20000829,20000701,0,0,20001024,"",2019,20210927
"Beuningen","","74","Stichting","88999","Overig maatsch.adv./gemeenschapshuizen","","","","","","",20000825,20000825,0,0,0,0,0,"",0,0
"Enschede","H","01","Eenmanszaak","47913","Internethandel boek,tijdschrift,cd,dvd","","","","","N","N",0,0,20000829,20000829,0,0,0,"",0,0
"Apeldoorn","H","41","Besloten vennootschap met gewone structuur","70102","Holdings (geen financiële)","","","","","N","N",20000912,20000912,20000829,20000829,20090302,0,20000912,"",2020,20211020
"Apeldoorn","H","41","Besloten vennootschap met gewone structuur","69102","Rechtskundige adviesbureaus","7490","Overige special. zakelijke dienstverl.","","","N","N",20000912,20000912,20000829,20000829,20090302,0,20000912,"",2020,20211020
"Apeldoorn","H","41","Besloten vennootschap met gewone structuur","6622","Assurantietussenpersonen","66291","Verzekeringsbeurzen","","","N","N",20000912,20000912,20000829,20000829,20090302,0,20000912,"",2020,20211020
"Doetinchem","H","41","Besloten vennootschap met gewone structuur","4742","Winkels in telecommunicatieapparatuur","","","","","","",20061130,20061130,20000829,20000829,20210816,0,20061130,"",2021,20220329
"Wageningen","H","11","Vennootschap onder firma","4730","Benzinestations","","","","","","",20000901,0,20000829,20000901,0,0,0,"",0,0
"Arnhem","H","41","Besloten vennootschap met gewone structuur","6420","Financiële holdings","","","","","","",20000828,20000828,20000829,20000828,20040101,0,0,"",2019,20210424
"Rozendaal","H","41","Besloten vennootschap met gewone structuur","6420","Financiële holdings","78202","Uitleenbureaus","","","","",20000828,20000828,20000829,20000828,20210923,0,0,"",2020,20220416
"Middelaar","H","41","Besloten vennootschap met gewone structuur","6420","Financiële holdings","","","","","","",20001127,20001127,20000829,20000829,20220407,0,20001127,"",2020,20210406
"Putten","H","41","Besloten vennootschap met gewone structuur","70102","Holdings (geen financiële)","","","","","","",20000825,20000825,20160613,20000825,20160610,0,0,"",2020,20220131
"Sevenum","H","11","Vennootschap onder firma","0161","Dienstverl. akker- en/of tuinbouw","","","","","N","N",19990401,0,20000828,19990401,0,0,0,"",0,0
"Weert","H","01","Eenmanszaak","70221","Organisatie-adviesbureaus","","","","","N","N",0,0,20000829,20000829,0,0,0,"",0,0
"Valkenswaard","H","41","Besloten vennootschap met gewone structuur","6420","Financiële holdings","64303","Beleggingsinst. met beperkte toetreding","","","J","J",20060721,20060721,20060724,19940601,20220101,0,20060721,"",2020,20210528
"Berghem","","71","Vereniging met volledige rechtsbevoegdheid","90011","Beoefening van podiumkunst","","","","","","",19761001,20000817,0,0,0,0,0,"",0,0
"'s-Hertogenbosch","H","41","Besloten vennootschap met gewone structuur","7311","Reclamebureaus","","","","","J","J",20000822,20000822,20000823,20000822,20120608,0,0,"",2020,20211018
"'s-Hertogenbosch","H","01","Eenmanszaak","7311","Reclamebureaus","7312","Handel in advertentieruimte en -tijd","","","N","N",0,0,20000828,20000901,20201208,0,0,"",0,0
"Mariahout","H","01","Eenmanszaak","4120","Algemene burgerlijke en utiliteitsbouw","","","","","N","N",0,0,20000828,20000901,0,0,0,"",0,0
"Haren","H","01","Eenmanszaak","4120","Algemene burgerlijke en utiliteitsbouw","","","","","N","N",0,0,20000828,20000901,0,0,0,"",0,0
"Eindhoven","H","01","Eenmanszaak","85592","Bedrijfsopleiding en -training","70221","Organisatie-adviesbureaus","","","N","N",0,0,20000828,20000828,20150227,0,20010101,"",0,0
"Oisterwijk","H","41","Besloten vennootschap met gewone structuur","64303","Beleggingsinst. met beperkte toetreding","4110","Projectontwikkeling","","","","",20000829,20000829,20000829,20000829,20100709,0,0,"",2021,20220615
"Someren","H","01","Eenmanszaak","96021","Haarverzorging","","","","","","",0,0,20000828,20000901,20051128,0,0,"",0,0
"Eindhoven","H","41","Besloten vennootschap met gewone structuur","6201","Ontwikkelen/produceren/uitgeven software","","","","","N","N",20100331,20100331,20000823,20000901,20210927,0,20100331,"",2020,20220421
"Rijen","","71","Vereniging met volledige rechtsbevoegdheid","90011","Beoefening van podiumkunst","","","","","","",19980101,20000825,0,0,0,0,0,"",0,0
"Tilburg","H","01","Eenmanszaak","4321","Elektrotechnische bouwinstallatie","","","","","","",0,0,20000829,20000829,0,0,0,"",0,0
"Roosendaal","H","01","Eenmanszaak","3109","Vervaardiging van overige meubels","47591","Winkels in meubels","4615","HB in meubels, huish. art. en ijzerwaren","","",0,0,20000828,20000901,20190401,0,0,"",0,0
"Bergen op Zoom","","74","Stichting","88999","Overig maatsch.adv./gemeenschapshuizen","","","","","","",20000822,20000822,0,0,0,0,0,"",0,0
"Roosendaal","H","01","Eenmanszaak","4120","Algemene burgerlijke en utiliteitsbouw","","","","","","",0,0,20000828,20000824,0,0,0,"",0,0
"Steenbergen","H","11","Vennootschap onder firma","47819","Markthandel overige voedings- en genotm.","","","","","","",20000801,0,20000829,20000801,20200126,0,0,"",0,0
"Oosterhout","H","41","Besloten vennootschap met gewone structuur","6420","Financiële holdings","6612","Commissionairs/makelaars in effecten ed","","","","",20000822,20000822,20000829,20000822,20020524,0,0,"",2020,20210430
"Teteringen","H","11","Vennootschap onder firma","85592","Bedrijfsopleiding en -training","","","","","","",20000801,0,20000829,20000801,20210201,0,0,"",0,0
"Etten-Leur","H","41","Besloten vennootschap met gewone structuur","4332","Bouwtimmeren","","","","","","",20000823,20000823,20000829,20000823,0,0,0,"",2020,20210913
"Dongen","H","41","Besloten vennootschap met gewone structuur","7112","Ingenieurs/overig techn. ontwerp/advies","78202","Uitleenbureaus","","","","",20000918,20000918,20220601,20000801,20220601,0,20000918,"",2020,20211126
"Bussum","H","41","Besloten vennootschap met gewone structuur","64303","Beleggingsinst. met beperkte toetreding","","","","","","",20000823,20000823,20040705,20000823,20050701,0,0,"",2020,20211128
"Roosendaal","H","41","Besloten vennootschap met gewone structuur","86232","Praktijken tandheelkundig specialisten","","","","","","",20010531,20010531,20000829,20000401,20220401,0,20010531,"",2020,20220502
"Kloetinge","","71","Vereniging met volledige rechtsbevoegdheid","86929","Samenwerkingsorganen ohgv gez.zorg","","","","","","",19410920,0,0,0,0,0,0,"",0,0
"Hulst","H","41","Besloten vennootschap met gewone structuur","93119","Overige sportaccommodaties","","","","","N","N",20000829,20000829,20000829,20000829,20130318,0,0,"",2019,20201228
"Clinge","H","01","Eenmanszaak","74201","Fotografie","","","","","N","N",0,0,20000829,19990501,0,0,0,"",0,0
"Hardinxveld-Giessendam","H","01","Eenmanszaak","4332","Bouwtimmeren","","","","","","",0,0,20000825,20000901,20030419,0,0,"",0,0
"Rotterdam","H","01","Eenmanszaak","81221","Glazenwassen","4120","Algemene burgerlijke en utiliteitsbouw","","","N","N",0,0,20000829,20000829,20070901,0,0,"",0,0
"Oud-Beijerland","H","41","Besloten vennootschap met gewone structuur","2561","Oppervlaktebeh. en bekleding van metaal","","","","","N","N",20000822,20000822,20000828,20000822,0,0,0,"",2021,20220303
"Rhoon","H","41","Besloten vennootschap met gewone structuur","69202","Accountants-administratieconsulenten","8560","Dienstverlening voor het onderwijs","","","N","N",20000824,20000824,20000829,20000824,20070801,0,0,"",2020,20220214
"Barendrecht","H","01","Eenmanszaak","43993","Metselen en voegen","","","","","N","N",0,0,20000829,20000904,20040615,0,0,"",0,0
"Vogelwaarde","H","41","Besloten vennootschap met gewone structuur","6420","Financiële holdings","","","","","N","N",20000825,20000825,20220504,20000825,20220428,0,0,"",2020,20211208
"Rotterdam","H","41","Besloten vennootschap met gewone structuur","6420","Financiële holdings","","","","","N","N",20000822,20000822,20000829,20000822,20150801,0,0,"",2020,20211216
"Rotterdam","H","41","Besloten vennootschap met gewone structuur","6420","Financiële holdings","","","","","N","N",20001121,20001121,20000829,20000701,20050204,0,20001121,"",2020,20210804
"Rotterdam","H","01","Eenmanszaak","4120","Algemene burgerlijke en utiliteitsbouw","","","","","N","N",0,0,20000829,20000401,0,0,0,"",0,0
"Ridderkerk","H","01","Eenmanszaak","96021","Haarverzorging","","","","","N","N",0,0,20000829,20000901,20000928,0,0,"",0,0
"Puttershoek","H","01","Eenmanszaak","4334","Schilderen en glaszetten","4332","Bouwtimmeren","","","N","N",0,0,20000829,20000901,20040515,0,0,"",0,0
"Moordrecht","H","01","Eenmanszaak","7430","Vertalers en tolken","8219","Secretariële dienstverlening","","","","",0,0,20000829,20000601,0,0,0,"",0,0
"Rotterdam","H","41","Besloten vennootschap met gewone structuur","01499","Fokken en houden van overige dieren","","","","","N","N",20001027,20001027,20000829,20000829,20200701,0,20001027,"",2020,20220202
"Spijkenisse","H","41","Besloten vennootschap met gewone structuur","46431","Groothandel in witgoed","","","","","N","N",20000828,20000828,20000829,20000828,20100401,0,0,"",2021,20220307
"Rotterdam","H","01","Eenmanszaak","4331","Stukadoren","","","","","N","N",0,0,20000829,20000905,0,0,0,"",0,0
"'s-Gravenhage","","74","Stichting","94995","Overk. organen (niet ohgv welzijn/sport)","","","","","","",20000818,20000818,0,0,0,0,0,"",0,0
"Rotterdam","","74","Stichting","64301","Beleggingsinstell. in financiële activa","","","","","","",20000816,20000816,0,0,0,0,0,"",0,0
"Rijnsburg","H","41","Besloten vennootschap met gewone structuur","6420","Financiële holdings","","","","","N","N",20000817,20000817,20010503,20000817,20170814,0,0,"",2020,20210825
"Zoetermeer","H","41","Besloten vennootschap met gewone structuur","6420","Financiële holdings","","","","","N","N",20000815,20000815,20000822,20000815,20111017,0,0,"",2021,20220530
"Delft","H","41","Besloten vennootschap met gewone structuur","7112","Ingenieurs/overig techn. ontwerp/advies","6420","Financiële holdings","69202","Accountants-administratieconsulenten","N","N",20000821,20000821,20010621,20000821,20210701,0,0,"",2018,20190315
"Rijswijk","H","41","Besloten vennootschap met gewone structuur","47643","Winkels in sportart. (geen watersport)","47916","Internethandel in vrijetijdsartikelen","","","J","J",20000823,20000823,20000829,20000823,20061024,0,0,"",2021,20220527
"'s-Gravenhage","H","01","Eenmanszaak","4332","Bouwtimmeren","","","","","N","N",0,0,20000829,20000904,20050826,0,0,"",0,0
"Apeldoorn","H","41","Besloten vennootschap met gewone structuur","6420","Financiële holdings","","","","","N","N",20000824,20000824,20020716,20000824,20020715,0,0,"",2020,20211214
"'s-Gravenhage","H","41","Besloten vennootschap met gewone structuur","6420","Financiële holdings","","","","","N","N",20000828,20000828,20000829,20000828,20140127,0,0,"",2020,20211025
"'s-Gravenhage","H","41","Besloten vennootschap met gewone structuur","4110","Projectontwikkeling","","","","","N","N",20000828,20000828,20000829,20000828,20140127,0,0,"",2020,20211224
"Noordwijk","H","41","Besloten vennootschap met gewone structuur","85592","Bedrijfsopleiding en -training","","","","","N","N",20000822,20000822,20000829,20000822,20220101,0,0,"",2020,20211103
"Oegstgeest","H","01","Eenmanszaak","4617","HB in voedings- en genotmiddelen","","","","","J","N",0,0,20000829,20000901,20060215,0,20090101,"",0,0
"Hillegom","H","41","Besloten vennootschap met gewone structuur","70102","Holdings (geen financiële)","","","","","N","N",20000829,20000829,20000829,20000829,0,0,0,"",2020,20211216
"Abcoude","H","01","Eenmanszaak","85592","Bedrijfsopleiding en -training","70221","Organisatie-adviesbureaus","","","","",0,0,20000828,20000901,20150409,0,0,"",0,0
"Vinkeveen","H","01","Eenmanszaak","4120","Algemene burgerlijke en utiliteitsbouw","","","","","","",0,0,20000828,20000828,20170303,0,0,"",0,0
"Utrecht","","71","Vereniging met volledige rechtsbevoegdheid","94997","Overige belangenbehartiging (rest)","","","","","","",19990423,0,0,0,0,0,0,"",0,0
"Harmelen","H","41","Besloten vennootschap met gewone structuur","64923","Participatiemaatschappijen","","","","","","",20000823,20000823,20000829,20000823,20170707,0,0,"",2020,20220328
"Maarssen","H","41","Besloten vennootschap met gewone structuur","66191","Admin.kantoren voor aandelen/obligaties","","","","","","",20000828,20000828,20000829,20000828,0,0,0,"",2020,20220511
"Utrecht","H","01","Eenmanszaak","59111","Prod. films (geen televisiefilms)","","","","","","",0,0,20000829,20000501,20130401,0,0,"",0,0
"Bunnik","","71","Vereniging met volledige rechtsbevoegdheid","90011","Beoefening van podiumkunst","","","","","","",20000809,20000809,0,0,0,0,0,"",0,0
"Ankeveen","H","01","Eenmanszaak","96021","Haarverzorging","","","","","","",0,0,20000829,20000901,20080301,0,0,"",0,0
"Woudenberg","H","01","Eenmanszaak","4120","Algemene burgerlijke en utiliteitsbouw","","","","","N","N",0,0,20000829,20000904,20000904,0,0,"",0,0
"Muiden","H","01","Eenmanszaak","96021","Haarverzorging","","","","","","",0,0,20000829,20000901,20140819,0,0,"",0,0
"Heemskerk","H","01","Eenmanszaak","4331","Stukadoren","","","","","N","N",0,0,20000829,20000801,20081013,0,0,"",0,0
"Amsterdam","H","41","Besloten vennootschap met gewone structuur","4773","Apotheken","","","","","N","N",20060530,20060530,20000829,19310323,19310323,0,20060530,"",2020,20210714
"Amsterdam","H","01","Eenmanszaak","74102","Industrieel en productontwerp","46471","Groothandel in huismeubilair","47918","Internethandel overige non-food","N","N",0,0,20000829,20000829,20160801,0,0,"",0,0
"Amsterdam","H","11","Vennootschap onder firma","47541","Winkels in witgoed","47431","Winkels in audio- en videoapparatuur","9522","Reparatie van elekt. huishoudelijke app.","N","N",20000901,0,20000829,19630826,0,0,20000901,"",0,0
"Breukelen","H","01","Eenmanszaak","7311","Reclamebureaus","7021","Adviesbureaus publ. relations en comm.","","","N","N",0,0,20180822,20000901,20180312,0,0,"",0,0
"Amsterdam","H","01","Eenmanszaak","47717","Winkels in mode-artikelen","4645","Groothandel in parfums en cosmetica","85599","Studiebegeleiding/vorming/onderwijs","N","N",0,0,20000829,20000901,20130801,0,0,"",0,0
"Utrecht","H","41","Besloten vennootschap met gewone structuur","6190","Overige telecommunicatie","6311","Gegevensverw./webhosting/aanverw. activ.","","","N","N",20001121,20001121,20200910,20000829,20200101,0,20001121,"",2020,20210530
"Purmerend","","74","Stichting","94919","Over. levensbeschouwelijke organisaties","","","","","","",20000809,20000809,0,0,0,0,0,"",0,0
"Purmerend","H","41","Besloten vennootschap met gewone structuur","6311","Gegevensverw./webhosting/aanverw. activ.","","","","","N","N",20010406,20010406,20210928,20000829,20210927,0,20010406,"",2021,20220527
"Amsterdam","H","41","Besloten vennootschap met gewone structuur","6420","Financiële holdings","46436","Groothandel in optische artikelen","46434","Groothandel in fotografische artikelen","N","N",20000828,20000828,20000829,20000828,20120716,0,0,"",2021,20220408
"Haarlem","H","01","Eenmanszaak","4332","Bouwtimmeren","","","","","N","N",0,0,20000829,20000901,20070915,0,0,"",0,0
"Westzaan","H","41","Besloten vennootschap met gewone structuur","7112","Ingenieurs/overig techn. ontwerp/advies","2790","Verv. overige elektrische apparatuur","","","N","N",20060531,20060531,20000829,20000824,20071206,0,20060531,"",2020,20220211
"Den Burg","H","01","Eenmanszaak","6202","Advisering ohgv informatietechnologie","","","","","N","N",0,0,20000828,20000901,20040106,0,20040106,"",0,0
"Andijk","H","41","Besloten vennootschap met gewone structuur","6420","Financiële holdings","","","","","N","N",20000704,20000704,20000828,20000704,0,0,0,"",2020,20210920
"Schagen","H","41","Besloten vennootschap met gewone structuur","6420","Financiële holdings","","","","","N","N",20000822,20000822,20000828,20000822,20051020,0,0,"",2021,20220415
"Den Helder","H","41","Besloten vennootschap met gewone structuur","6420","Financiële holdings","","","","","N","N",20000823,20000823,20140207,20000823,20140107,0,0,"",2021,20220511
"Driehuizen","","71","Vereniging met volledige rechtsbevoegdheid","90011","Beoefening van podiumkunst","","","","","","",20000817,20000817,0,0,0,0,0,"",0,0
"Lelystad","H","01","Eenmanszaak","69209","Overige administratiekantoren","","","","","N","N",0,0,20000828,20000904,20220318,0,0,"",0,0
"Dronten","H","41","Besloten vennootschap met gewone structuur","64303","Beleggingsinst. met beperkte toetreding","6420","Financiële holdings","","","","",20000828,20000828,20000829,20000828,20210928,0,0,"",2020,20210618
"Almere","H","01","Eenmanszaak","96021","Haarverzorging","","","","","N","N",0,0,20000829,20000829,20001004,0,0,"",0,0
"Heerenveen","","71","Vereniging met volledige rechtsbevoegdheid","94994","Vriendenkringen ohgv cultuur / fanclubs","","","","","","",20000523,20000523,0,0,0,0,0,"",0,0
"Sneek","H","11","Vennootschap onder firma","47593","Winkels art. woninginrichting alg. ass.","46471","Groothandel in huismeubilair","47915","Internethandel huis- en tuinartikelen","J","N",20040101,0,20000830,20000801,20190228,0,20041001,"",0,0
"Gorredijk","H","01","Eenmanszaak","8130","Landschapsverzorging","","","","","","",0,0,20000830,20000901,20070106,0,0,"",0,0
"Groningen","H","41","Besloten vennootschap met gewone structuur","6420","Financiële holdings","","","","","","",20001106,20001106,20000830,20000801,20160531,0,20001106,"",2020,20210315
"Ubbena","H","41","Besloten vennootschap met gewone structuur","6420","Financiële holdings","","","","","","",20000825,20000825,20060712,20000825,20060711,0,0,"",2021,20220509
"Zuidbroek","H","01","Eenmanszaak","4120","Algemene burgerlijke en utiliteitsbouw","","","","","J","N",0,0,20000830,20000830,20041101,0,20060307,"",0,0
"Sappemeer","H","01","Eenmanszaak","6201","Ontwikkelen/produceren/uitgeven software","74201","Fotografie","","","","",0,0,20000830,20000901,0,0,0,"",0,0
"Kloosterburen","H","01","Eenmanszaak","8130","Landschapsverzorging","","","","","N","N",0,0,20000830,20000101,0,0,0,"",0,0
"Westerbork","H","01","Eenmanszaak","47712","Winkels in dameskleding","","","","","J","",0,0,20000830,19880401,20050615,0,20010101,"",0,0
"Nieuw-Buinen","H","01","Eenmanszaak","96022","Schoonheidsverzorging/pedi-/manicures","","","","","N","N",0,0,20000830,20000901,20121001,0,0,"",0,0
"De Groeve","H","01","Eenmanszaak","96022","Schoonheidsverzorging/pedi-/manicures","","","","","","",0,0,20000830,20000905,0,0,0,"",0,0
"Utrecht","","74","Stichting","69209","Overige administratiekantoren","","","","","","",20000828,20000828,0,0,0,0,0,"",0,0
"'s-Hertogenbosch","H","41","Besloten vennootschap met gewone structuur","70102","Holdings (geen financiële)","","","","","","",20000825,20000825,20070726,20000825,20070705,0,0,"",2020,20210722
"Zwolle","H","41","Besloten vennootschap met gewone structuur","6420","Financiële holdings","","","","","","",20001005,20001005,20000830,20000801,20150715,0,20001005,"",2021,20220517
"Zwolle","H","41","Besloten vennootschap met gewone structuur","4110","Projectontwikkeling","","","","","","",20001005,20001005,20000830,20000801,20150715,0,20001005,"",2021,20220518
"Zwolle","H","41","Besloten vennootschap met gewone structuur","70221","Organisatie-adviesbureaus","","","","","","",20021118,20021118,20000830,20000901,0,0,20021118,"",2020,20210323
"Stroe","","71","Vereniging met volledige rechtsbevoegdheid","94992","Hobbyclubs","","","","","","",20000802,0,0,0,0,0,0,"",0,0
"Vorden","H","11","Vennootschap onder firma","6312","Webportals","94995","Overk. organen (niet ohgv welzijn/sport)","7320","Markt- en opinieonderzoekbureaus","N","N",20000901,0,20080117,20000901,20171010,0,0,"",0,0
"Zutphen","H","01","Eenmanszaak","47915","Internethandel huis- en tuinartikelen","","","","","N","N",0,0,20000829,20000901,0,0,0,"",0,0
"Utrecht","H","41","Besloten vennootschap met gewone structuur","6420","Financiële holdings","","","","","N","N",20000829,20000828,20080701,20000829,20080701,0,0,"",2020,20211007
"Losser","H","41","Besloten vennootschap met gewone structuur","6420","Financiële holdings","","","","","N","N",20000829,20000828,20000330,20000829,20020218,0,0,"",2020,20211103
"Apeldoorn","H","01","Eenmanszaak","4334","Schilderen en glaszetten","","","","","N","N",0,0,20000830,20000904,20070102,0,0,"",0,0
"Barneveld","H","41","Besloten vennootschap met gewone structuur","6832","Beheer van onroerend goed","","","","","N","N",20010126,20010126,20000830,20000824,20041001,0,20010126,"",2019,20201111
"Twello","H","41","Besloten vennootschap met gewone structuur","70102","Holdings (geen financiële)","","","","","N","N",20000828,20000828,20000830,20000828,20190325,0,0,"",2016,20170829
"Losser","H","41","Besloten vennootschap met gewone structuur","6420","Financiële holdings","","","","","N","N",20000829,20000828,20000830,20000829,20020218,0,0,"",2020,20211103
"Utrecht","H","41","Besloten vennootschap met gewone structuur","6420","Financiële holdings","","","","","N","N",20000829,20000828,20080701,20000829,20080701,0,0,"",2020,20211007
"48143 Münster","","71","Vereniging met volledige rechtsbevoegdheid","94991","Gezelligheidsverenigingen","","","","","","",20000627,20000627,0,0,0,0,0,"",0,0
"Meppel","H","41","Besloten vennootschap met gewone structuur","23611","Verv. producten van beton voor de bouw","46738","Groothandel gespec. in overige bouwmat.","78202","Uitleenbureaus","J","J",20000823,20000823,20110207,20000823,20110201,0,0,"",2020,20220117
"Utrecht","","71","Vereniging met volledige rechtsbevoegdheid","94993","Steunfondsen (niet ohgv welzijnszorg)","","","","","","",20000818,20000818,20141017,0,0,0,0,"",0,0
"Zwartemeer","","71","Vereniging met volledige rechtsbevoegdheid","94992","Hobbyclubs","","","","","","",20000723,20000723,0,0,0,0,0,"",0,0
"Nijmegen","H","01","Eenmanszaak","7112","Ingenieurs/overig techn. ontwerp/advies","5814","Uitgeverijen van tijdschriften","","","","",0,0,20000829,20000801,0,0,0,"",0,0
"Lunteren","H","41","Besloten vennootschap met gewone structuur","4110","Projectontwikkeling","","","","","","",20001020,20001020,20000829,20000701,20200101,0,20001020,"",2020,20210701
"Apeldoorn","H","41","Besloten vennootschap met gewone structuur","7112","Ingenieurs/overig techn. ontwerp/advies","","","","","N","N",20080314,20080314,20160725,20000901,20190515,0,20080314,"",2020,20210706
"Arnhem","","74","Stichting","66191","Admin.kantoren voor aandelen/obligaties","","","","","","",20000828,20000828,0,0,0,0,0,"",0,0
"Wijchen","H","41","Besloten vennootschap met gewone structuur","70102","Holdings (geen financiële)","","","","","","",20000828,20000828,20000830,20000828,20081104,0,0,"",2022,0
"Berg en Dal","H","41","Besloten vennootschap met gewone structuur","64923","Participatiemaatschappijen","","","","","","",20000828,20000828,20000830,20000828,20150209,0,0,"",2020,20211119
"Berg en Dal","H","41","Besloten vennootschap met gewone structuur","64302","Beleggingsinstellingen in vaste activa","","","","","","",20000828,20000828,20000830,20000828,20150101,0,0,"",2020,20211119
"Hellouw","H","01","Eenmanszaak","96021","Haarverzorging","","","","","N","N",0,0,20000830,20000901,20030502,0,0,"",0,0
"Waardenburg","H","01","Eenmanszaak","6202","Advisering ohgv informatietechnologie","6201","Ontwikkelen/produceren/uitgeven software","4651","GH computers, randapparatuur en software","N","N",0,0,20170717,20000901,20070601,0,20060601,"",0,0
"Dordrecht","H","41","Besloten vennootschap met gewone structuur","7740","Lease niet-financiële immateriële activa","3030","Verv. vliegtuigen en onderdelen daarvoor","","","","",20001114,20001114,20210409,20000601,20200701,0,20001114,"",2020,20211228
"Dalem","H","01","Eenmanszaak","0161","Dienstverl. akker- en/of tuinbouw","4661","GH landbouwmachines/werktuigen/tractoren","","","N","N",0,0,20000830,20000701,0,0,0,"",0,0
"Dreumel","H","41","Besloten vennootschap met gewone structuur","70102","Holdings (geen financiële)","","","","","","",20000829,20000829,20140412,20000101,0,0,20000829,"",2020,20211210
"Tiel","H","41","Besloten vennootschap met gewone structuur","70102","Holdings (geen financiële)","","","","","","",20001102,20001102,20160322,20000515,20160316,0,20001102,"",2020,20210927
"Venlo","H","41","Besloten vennootschap met gewone structuur","6420","Financiële holdings","","","","","N","N",20000807,20000807,20000830,20000807,0,0,0,"",2020,20211103
"Broekhuizen","","72","Vereniging met beperkte rechtsbevoegdheid","94993","Steunfondsen (niet ohgv welzijnszorg)","","","","","","",19980901,0,0,0,0,0,0,"",0,0
"Horst","","74","Stichting","9103","Monumentenzorg","93112","Sporthallen, sportzalen en gymzalen","91021","Musea","","",20000808,20000808,0,0,0,0,0,"",0,0
"Horst","H","41","Besloten vennootschap met gewone structuur","6420","Financiële holdings","","","","","J","J",20000719,20000719,20000830,20000719,0,0,0,"",2020,20210901
"Horst","H","41","Besloten vennootschap met gewone structuur","6420","Financiële holdings","","","","","N","N",20000719,20000719,20000830,20000719,20131016,0,0,"",2020,20211014
"Swolgen","H","41","Besloten vennootschap met gewone structuur","6420","Financiële holdings","","","","","N","N",20000719,20000719,20000830,20000719,20130207,0,0,"",2020,20211210
"Weert","H","01","Eenmanszaak","9003","Schrijven en overige scheppende kunst","","","","","N","N",0,0,20000830,20000101,0,0,0,"",0,0
"Venray","H","11","Vennootschap onder firma","5221","Dienstverlening voor vervoer over land","","","","","N","N",20080501,0,20000830,19970501,20190708,0,20080501,"",0,0
"Venlo","H","01","Eenmanszaak","96022","Schoonheidsverzorging/pedi-/manicures","","","","","N","N",0,0,20000830,20000815,0,0,0,"",0,0
"Weert","H","41","Besloten vennootschap met gewone structuur","70102","Holdings (geen financiële)","","","","","N","N",20000905,20000905,20000830,20000101,20180201,0,20000905,"",2020,20220428
"Heythuysen","","72","Vereniging met beperkte rechtsbevoegdheid","64303","Beleggingsinst. met beperkte toetreding","","","","","","",19980520,0,0,0,0,0,0,"",0,0
"Steyl","H","01","Eenmanszaak","6622","Assurantietussenpersonen","","","","","N","N",0,0,20000830,20000701,20010101,0,0,"",0,0
"Panningen","H","01","Eenmanszaak","96022","Schoonheidsverzorging/pedi-/manicures","","","","","N","N",0,0,20000830,20000801,20100810,0,0,"",0,0
"Venlo","H","41","Besloten vennootschap met gewone structuur","46471","Groothandel in huismeubilair","","","","","J","J",20001121,20001121,20000830,20000801,20190405,0,20001121,"",2020,20220127
"Vaals","H","41","Besloten vennootschap met gewone structuur","6832","Beheer van onroerend goed","64303","Beleggingsinst. met beperkte toetreding","","","N","N",20000727,20000727,20000829,20000727,20170612,0,0,"",2020,20211129
"Maastricht","H","41","Besloten vennootschap met gewone structuur","9313","Fitnesscentra","86921","Gezondheidscentra","93195","Organiseren van sportevenementen","N","N",20000824,20000824,20000829,20000824,20170607,0,0,"",2020,20220221
"Maastricht","H","01","Eenmanszaak","74201","Fotografie","","","","","N","N",0,0,20000830,20000830,20070601,0,0,"",0,0
"Eindhoven","H","41","Besloten vennootschap met gewone structuur","6420","Financiële holdings","0161","Dienstverl. akker- en/of tuinbouw","","","","",20000824,20000824,20000828,20000824,0,0,0,"",2020,20211224
"Waalre","H","41","Besloten vennootschap met gewone structuur","6630","Vermogensbeheer","","","","","","",20000815,20000814,20000828,18460815,20121221,0,20000815,"",2020,20211223
"Eindhoven","H","41","Besloten vennootschap met gewone structuur","6420","Financiële holdings","","","","","","",20000822,20000822,20000828,20000822,20180601,0,0,"",2020,20210614
"Uden","H","41","Besloten vennootschap met gewone structuur","6420","Financiële holdings","70222","Advisering ohgv management/bedrijfsv.","","","","",20000822,20000822,20000828,20000822,20020208,0,0,"",2021,20220607
"Uden","H","41","Besloten vennootschap met gewone structuur","6420","Financiële holdings","70222","Advisering ohgv management/bedrijfsv.","","","N","N",20000822,20000822,20000828,20000822,20210920,0,0,"",2021,20220513
"Eindhoven","H","41","Besloten vennootschap met gewone structuur","46499","GH ov. consumentenart. (non-food) (rest)","","","","","J","J",20000824,20000824,20000828,20000824,20070820,0,0,"",2020,20211209
"Eindhoven","H","41","Besloten vennootschap met gewone structuur","7740","Lease niet-financiële immateriële activa","","","","","N","N",20000824,20000824,20000828,20000824,20070820,0,0,"",2020,20211209
"Son en Breugel","H","41","Besloten vennootschap met gewone structuur","6420","Financiële holdings","","","","","N","N",20000823,20000823,20000828,20000823,20220421,0,0,"",2020,20210818
"'s-Hertogenbosch","","74","Stichting","93195","Organiseren van sportevenementen","","","","","","",20000621,20000621,0,0,0,0,0,"",0,0
"Langenboom","","71","Vereniging met volledige rechtsbevoegdheid","9103","Monumentenzorg","","","","","","",19751019,20000824,0,0,0,0,0,"",0,0
"Eindhoven","H","41","Besloten vennootschap met gewone structuur","6420","Financiële holdings","","","","","N","N",20000818,20000818,20000828,20000818,20180418,0,0,"",2020,20211119
"Eindhoven","H","41","Besloten vennootschap met gewone structuur","64303","Beleggingsinst. met beperkte toetreding","","","","","N","N",20000825,20000825,20000829,20000825,0,0,0,"",2021,20220602
"Eindhoven","H","41","Besloten vennootschap met gewone structuur","6201","Ontwikkelen/produceren/uitgeven software","85592","Bedrijfsopleiding en -training","","","","",20000823,20000823,20000829,20000701,20160815,0,20000823,"",2021,20220303
"'s-Hertogenbosch","","74","Stichting","69203","Boekhoudkantoren","","","","","","",20000823,20000823,0,0,0,0,0,"",0,0
"Haaren","H","01","Eenmanszaak","69203","Boekhoudkantoren","","","","","N","N",0,0,20000829,20000901,0,0,0,"",0,0
"Boxtel","H","41","Besloten vennootschap met gewone structuur","2829","Verv. ov. machines/apparaten alg.gebruik","","","","","N","N",20041209,20041209,20000828,20000701,0,0,20041209,"",2019,20210831
"Mill","H","41","Besloten vennootschap met gewone structuur","6201","Ontwikkelen/produceren/uitgeven software","","","","","N","N",20080321,20080321,20000828,20000823,0,0,20080321,"",2019,20200719
"Eindhoven","H","41","Besloten vennootschap met gewone structuur","6201","Ontwikkelen/produceren/uitgeven software","","","","","","",20050413,20050413,20000830,20000901,20210701,0,20050413,"",2020,20210201
"Heel","H","01","Eenmanszaak","4612","HB in brandst./ertsen/metalen/chem.prod.","","","","","J","J",0,0,20070115,20000901,20210224,0,0,"",0,0
"Kaatsheuvel","H","01","Eenmanszaak","47761","Winkels bloemen/planten/zaden/tuinbenod.","47999","DH via overige distributievormen","","","N","N",0,0,20000830,19990101,0,0,0,"",0,0
"Gilze","H","01","Eenmanszaak","86913","Praktijken van psychotherapeuten/-logen","","","","","N","N",0,0,20000830,20000901,20171218,0,0,"",0,0
"Berlicum","H","41","Besloten vennootschap met gewone structuur","70221","Organisatie-adviesbureaus","","","","","","",20000828,20000828,20000830,20000828,20120227,0,0,"",2020,20211008
"Tilburg","H","41","Besloten vennootschap met gewone structuur","70221","Organisatie-adviesbureaus","","","","","","",20000828,20000828,20000830,20000828,20140523,0,0,"",2019,20210728
"'s-Hertogenbosch","H","41","Besloten vennootschap met gewone structuur","70221","Organisatie-adviesbureaus","","","","","","",20000828,20000828,20000830,20000828,20150821,0,0,"",2020,20210714
"Tilburg","H","41","Besloten vennootschap met gewone structuur","70221","Organisatie-adviesbureaus","","","","","","",20000828,20000828,20000830,20000828,20120701,0,0,"",2020,20211231
"Etten-Leur","","71","Vereniging met volledige rechtsbevoegdheid","94991","Gezelligheidsverenigingen","","","","","","",20000815,20000815,0,0,0,0,0,"",0,0
"Etten-Leur","H","41","Besloten vennootschap met gewone structuur","3329","Installatie van overige toebehoren","","","","","N","N",20070329,20070329,20000830,20000901,0,0,20070329,"",2020,20211224
"Tilburg","H","41","Besloten vennootschap met gewone structuur","6420","Financiële holdings","","","","","","",20000821,20000821,20020110,20000825,20150801,0,0,"",2021,20220228
"Hoogerheide","H","11","Vennootschap onder firma","46696","Groothandel in emballage","46422","Groothandel in werkkleding","","","J","J",20060101,0,20000830,20000901,20190501,0,20060101,"",0,0
"Vlissingen","","71","Vereniging met volledige rechtsbevoegdheid","94992","Hobbyclubs","","","","","","",19990619,20010504,0,0,0,0,0,"",0,0
"Zierikzee","","71","Vereniging met volledige rechtsbevoegdheid","94991","Gezelligheidsverenigingen","","","","","","",20000824,0,0,0,0,0,0,"",0,0
"Papendrecht","","71","Vereniging met volledige rechtsbevoegdheid","68201","Woningbouwverenigingen en -stichtingen","","","","","","",20000826,20000826,0,0,0,0,0,"",0,0
"Alphen aan den Rijn","H","41","Besloten vennootschap met gewone structuur","6420","Financiële holdings","43999","Overige gespec. werkz. in de bouw (rest)","4663","Groothandel in machines voor de bouw","N","N",20000824,20000824,20190717,20000824,20190411,0,0,"",2020,20220107
"Rotterdam","H","41","Besloten vennootschap met gewone structuur","6810","Handel in eigen onroerend goed","","","","","N","N",20000824,20000824,20000830,20000824,0,0,0,"",2020,20220213
"Barendrecht","H","01","Eenmanszaak","6201","Ontwikkelen/produceren/uitgeven software","","","","","N","N",0,0,20000830,20000816,0,0,0,"",0,0
"Rotterdam","H","11","Vennootschap onder firma","4721","Winkels in aardappelen/groenten/fruit","","","","","N","N",19990901,0,20000830,19820203,0,0,19990901,"",0,0
"Goes","","74","Stichting","9002","Dienstverlening voor uitvoerende kunst","","","","","","",20000818,20000818,0,0,0,0,0,"",0,0
"Eindhoven","","74","Stichting","66191","Admin.kantoren voor aandelen/obligaties","","","","","","",20000816,20000816,0,0,0,0,0,"",0,0
"Rotterdam","","71","Vereniging met volledige rechtsbevoegdheid","94997","Overige belangenbehartiging (rest)","","","","","","",20000822,20000822,0,0,0,0,0,"",2001,20020527
"'s-Gravenhage","H","41","Besloten vennootschap met gewone structuur","70222","Advisering ohgv management/bedrijfsv.","","","","","N","N",20000818,20000818,20000824,20000818,20001001,0,0,"",2018,20201201
"'s-Gravenhage","H","41","Besloten vennootschap met gewone structuur","68204","Verh. onroerend goed (niet v woonruimte)","","","","","N","N",20001024,20001024,20000830,20000801,0,0,20001024,"",2020,20211108
"Amsterdam","H","41","Besloten vennootschap met gewone structuur","47591","Winkels in meubels","","","","","J","J",20000825,20000825,20010316,20000825,20010316,0,0,"",2019,20210709
"'s-Gravenhage","H","41","Besloten vennootschap met gewone structuur","70222","Advisering ohgv management/bedrijfsv.","","","","","N","N",20000825,20000825,20040329,20000825,20120101,0,0,"",2019,20210709
"'s-Gravenhage","H","41","Besloten vennootschap met gewone structuur","70222","Advisering ohgv management/bedrijfsv.","","","","","N","N",20000825,20000825,20071030,20000825,20120111,0,0,"",2019,20210709
"'s-Gravenhage","","71","Vereniging met volledige rechtsbevoegdheid","94997","Overige belangenbehartiging (rest)","","","","","","",19980101,0,0,0,0,0,0,"",0,0
"Badhoevedorp","","71","Vereniging met volledige rechtsbevoegdheid","94992","Hobbyclubs","45311","GH/HB auto-ond./-access. (geen banden)","64922","Volkskredietbanken/commerciële financ.","","",20000321,0,0,0,0,0,0,"",0,0
"'s-Gravenhage","H","41","Besloten vennootschap met gewone structuur","6420","Financiële holdings","","","","","","",20000821,20000821,20000824,20000821,20041201,0,0,"",2018,20191031
"Zoetermeer","H","01","Eenmanszaak","70222","Advisering ohgv management/bedrijfsv.","6190","Overige telecommunicatie","","","N","N",0,0,20190910,20000801,20190808,0,0,"",0,0
"Zoetermeer","H","41","Besloten vennootschap met gewone structuur","70221","Organisatie-adviesbureaus","69203","Boekhoudkantoren","","","N","N",20020221,20020221,20000830,20000901,20190308,0,20020221,"",2017,20190308
"'s-Gravenhage","H","41","Besloten vennootschap met gewone structuur","6420","Financiële holdings","","","","","N","N",20001130,20001130,20000830,20000901,20180220,0,20001130,"",2020,20210831
"Alphen aan den Rijn","H","41","Besloten vennootschap met gewone structuur","6420","Financiële holdings","","","","","N","N",20000825,20000825,20000829,20000701,20200414,0,20000825,"",2020,20210910
"Alphen aan den Rijn","H","01","Eenmanszaak","43993","Metselen en voegen","","","","","N","N",0,0,20000829,20000828,20160301,0,0,"",0,0
"Utrecht","H","41","Besloten vennootschap met gewone structuur","2120","Verv. farmaceutische producten","","","","","N","N",20000727,20000727,20010724,20000401,20200201,0,20000727,"",2019,20200420
"Nieuwe Wetering","H","01","Eenmanszaak","8553","Auto- en motorrijscholen","","","","","N","N",0,0,20000830,20000901,20210129,0,0,"",0,0
"Nieuwerbrug aan den Rijn","H","41","Besloten vennootschap met gewone structuur","70102","Holdings (geen financiële)","","","","","N","N",20001220,20001220,20001227,20000904,0,0,20001220,"",2020,20211007
"Mijdrecht","H","01","Eenmanszaak","86919","Overige paramedische praktijken","","","","","","",0,0,20000829,20000901,0,0,0,"",0,0
"Nieuwegein","","74","Stichting","91019","Ov. cult. uitleencentra en openb. arch.","","","","","","",20000810,20000810,0,0,0,0,0,"",0,0
"Leersum","H","41","Besloten vennootschap met gewone structuur","74103","Interieur- en ruimtelijk ontwerp","6420","Financiële holdings","46499","GH ov. consumentenart. (non-food) (rest)","","",20000824,20000824,20000830,20000824,20030627,0,0,"",2020,20211108
"Utrecht","H","01","Eenmanszaak","4332","Bouwtimmeren","","","","","","",0,0,20000830,20000904,20170714,0,0,"",0,0
"Woerden","","74","Stichting","94997","Overige belangenbehartiging (rest)","","","","","","",20000814,20000814,0,0,0,0,0,"",0,0
"Leuvenheim","H","01","Eenmanszaak","6202","Advisering ohgv informatietechnologie","","","","","","",0,0,20220505,20000901,20220501,0,0,"",0,0
"Utrecht","H","01","Eenmanszaak","4120","Algemene burgerlijke en utiliteitsbouw","","","","","","",0,0,20000829,20000904,20180101,0,0,"",0,0
"Bilthoven","H","41","Besloten vennootschap met gewone structuur","66191","Admin.kantoren voor aandelen/obligaties","7320","Markt- en opinieonderzoekbureaus","","","J","J",20000823,20000823,20000830,20000823,20060524,0,0,"",2020,20211104
"Ede","H","41","Besloten vennootschap met gewone structuur","6420","Financiële holdings","","","","","","",20000825,20000825,20210406,20000829,20210402,0,0,"",2020,20211202
"Hoofddorp","H","41","Besloten vennootschap met gewone structuur","6630","Vermogensbeheer","","","","","N","N",19920210,19920210,20001222,19920210,20100616,0,0,"",2017,20190109
"Baarn","H","41","Besloten vennootschap met gewone structuur","45112","Handel/rep. personen-/lichte bedr.auto's","45201","Auto-onderdelenservicebedrijven","","","","",20000623,20000623,20000830,20000623,0,0,0,"",2020,20210624
"Huizen","H","01","Eenmanszaak","6202","Advisering ohgv informatietechnologie","6311","Gegevensverw./webhosting/aanverw. activ.","","","","",0,0,20000830,20000901,0,0,0,"",0,0
"Amersfoort","H","01","Eenmanszaak","4120","Algemene burgerlijke en utiliteitsbouw","","","","","","",0,0,20000830,20000901,20130403,0,0,"",0,0
"'s-Hertogenbosch","H","41","Besloten vennootschap met gewone structuur","6420","Financiële holdings","","","","","","",20000822,20000822,20011101,20000822,20040216,0,0,"",2020,20211215
"Veen","","72","Vereniging met beperkte rechtsbevoegdheid","90011","Beoefening van podiumkunst","","","","","","",20000801,0,0,0,0,0,0,"",0,0
"Amersfoort","H","01","Eenmanszaak","4120","Algemene burgerlijke en utiliteitsbouw","","","","","","",0,0,20000830,20000901,20021009,0,0,"",0,0
"Ermelo","H","41","Besloten vennootschap met gewone structuur","3012","Bouw van sport- en recreatievaartuigen","","","","","N","N",20080129,20080129,20000830,20000901,20161105,0,20080129,"",2021,20220531
"Amsterdam","H","01","Eenmanszaak","74201","Fotografie","","","","","N","N",0,0,20000830,20000801,0,0,0,"",0,0
"Amsterdam","H","01","Eenmanszaak","7112","Ingenieurs/overig techn. ontwerp/advies","","","","","N","N",0,0,20000830,20000830,20220616,0,0,"",0,0
"Amstelveen","H","01","Eenmanszaak","6202","Advisering ohgv informatietechnologie","70222","Advisering ohgv management/bedrijfsv.","","","N","N",0,0,20000830,20000901,20140428,0,0,"",0,0
"Amsterdam","","71","Vereniging met volledige rechtsbevoegdheid","94997","Overige belangenbehartiging (rest)","","","","","","",20000731,20000731,0,0,0,0,0,"",0,0
"Diemen","H","41","Besloten vennootschap met gewone structuur","8230","Organiseren van congressen en beurzen","","","","","N","N",20001114,20001114,20000830,20000829,20200423,0,20001114,"",2020,20210224
"Cruquius","H","41","Besloten vennootschap met gewone structuur","6420","Financiële holdings","","","","","N","N",20010314,20010314,20000830,20000801,0,0,20010314,"",2020,20210504
"Amsterdam","H","41","Besloten vennootschap met gewone structuur","7112","Ingenieurs/overig techn. ontwerp/advies","","","","","N","N",20000829,20000829,20000830,20000829,20160622,0,0,"",2018,20200413
"Cruquius","H","41","Besloten vennootschap met gewone structuur","78202","Uitleenbureaus","","","","","N","N",20010314,20010314,20000830,20000801,0,0,20010314,"",2020,20210503
"Amsterdam","H","01","Eenmanszaak","8130","Landschapsverzorging","","","","","N","N",0,0,20000830,20000901,0,0,0,"",0,0
"Amsterdam","H","01","Eenmanszaak","69203","Boekhoudkantoren","85592","Bedrijfsopleiding en -training","7320","Markt- en opinieonderzoekbureaus","N","N",0,0,20000830,20000830,20100303,0,0,"",0,0
"Amsterdam","H","01","Eenmanszaak","70221","Organisatie-adviesbureaus","","","","","N","N",0,0,20000830,20000901,20160101,0,0,"",0,0
"Amstelveen","H","01","Eenmanszaak","7311","Reclamebureaus","","","","","N","N",0,0,20000830,20000830,20061006,0,0,"",0,0
"Alkmaar","","74","Stichting","94993","Steunfondsen (niet ohgv welzijnszorg)","","","","","","",20000823,20000823,0,0,0,0,0,"",0,0
"Beverwijk","","74","Stichting","93143","Kracht- en vechtsport","","","","","","",20000823,20000823,20060612,0,0,0,0,"",0,0
"Amsterdam","","72","Vereniging met beperkte rechtsbevoegdheid","94994","Vriendenkringen ohgv cultuur / fanclubs","","","","","","",20000701,0,0,0,0,0,0,"",0,0
"Heiloo","H","41","Besloten vennootschap met gewone structuur","6420","Financiële holdings","","","","","","",20000823,20000823,20000830,20000823,20101126,0,0,"",2020,20220422
"Swifterbant","H","01","Eenmanszaak","31012","Vervaardiging van bedrijfsmeubels","46471","Groothandel in huismeubilair","46442","GH was-, poets- en reinigingsmiddelen","J","J",0,0,20000829,20000825,20090116,0,0,"",0,0
"Zeewolde","H","01","Eenmanszaak","69209","Overige administratiekantoren","52291","Expediteurs/cargadoors/bevrachters e.d.","4637","GH koffie/thee/cacao/specer. (geen ruwe)","N","N",0,0,20000829,20000901,0,0,0,"",0,0
"Urk","H","01","Eenmanszaak","4120","Algemene burgerlijke en utiliteitsbouw","","","","","N","N",0,0,20000830,20000830,20200215,0,0,"",0,0
"Wehe-den Hoorn","","71","Vereniging met volledige rechtsbevoegdheid","94992","Hobbyclubs","","","","","","",19600128,20010515,0,0,0,0,0,"",0,0
"Peize","","71","Vereniging met volledige rechtsbevoegdheid","88993","Lokaal welzijnswerk","","","","","","",19991013,0,0,0,0,0,0,"",0,0
"Groningen","H","01","Eenmanszaak","70222","Advisering ohgv management/bedrijfsv.","","","","","","",0,0,20000831,20000901,20161101,0,0,"",0,0
"Groningen","H","01","Eenmanszaak","9003","Schrijven en overige scheppende kunst","","","","","","",0,0,20000831,20000901,20191101,0,20050101,"",0,0
"De Krim","","71","Vereniging met volledige rechtsbevoegdheid","94991","Gezelligheidsverenigingen","","","","","","",20000808,20000808,0,0,0,0,0,"",0,0
"Heino","","71","Vereniging met volledige rechtsbevoegdheid","64303","Beleggingsinst. met beperkte toetreding","","","","","","",19971001,20000828,0,0,0,0,0,"",0,0
"Zwolle","H","01","Eenmanszaak","7311","Reclamebureaus","","","","","","",0,0,20000830,20000101,20100123,0,0,"",0,0
"Zwolle","H","01","Eenmanszaak","4332","Bouwtimmeren","","","","","","",0,0,20000831,20000904,20180711,0,0,"",0,0
"Zutphen","H","01","Eenmanszaak","6201","Ontwikkelen/produceren/uitgeven software","","","","","N","N",0,0,20000828,20000828,0,0,20050718,"",0,0
"Haarlem","H","01","Eenmanszaak","85592","Bedrijfsopleiding en -training","94996","Overige ideële organisaties (rest)","88999","Overig maatsch.adv./gemeenschapshuizen","N","N",0,0,20180201,20000901,20190601,0,0,"",0,0
"Westerhaar-Vriezenv.wijk","H","41","Besloten vennootschap met gewone structuur","4334","Schilderen en glaszetten","","","","","N","N",20001215,20001215,20000830,20000821,0,0,20001215,"",2021,20220609
"Almelo","H","11","Vennootschap onder firma","7311","Reclamebureaus","","","","","N","N",20000901,0,20000831,20000901,20141015,0,0,"",0,0
"Apeldoorn","H","41","Besloten vennootschap met gewone structuur","70221","Organisatie-adviesbureaus","","","","","N","N",20000829,20000829,20000831,20000829,20100219,0,0,"",2020,20220604
"Eefde","H","41","Besloten vennootschap met gewone structuur","6420","Financiële holdings","","","","","N","N",20000825,20000825,20000831,20000825,20210910,0,0,"",2021,20220531
"Enschede","","74","Stichting","7112","Ingenieurs/overig techn. ontwerp/advies","","","","","","",20000830,20000830,0,0,0,0,0,"",0,0
"Apeldoorn","H","41","Besloten vennootschap met gewone structuur","70222","Advisering ohgv management/bedrijfsv.","","","","","N","N",20000829,20000829,20000831,20000829,20170101,0,0,"",2020,20220604
"Voorthuizen","","71","Vereniging met volledige rechtsbevoegdheid","94997","Overige belangenbehartiging (rest)","","","","","","",20000824,20000824,0,0,0,0,0,"",0,0
"Markelo","H","41","Besloten vennootschap met gewone structuur","70102","Holdings (geen financiële)","","","","","N","N",20000823,20000823,20000831,20000823,0,0,0,"",2020,20220110
"Hall","H","41","Besloten vennootschap met gewone structuur","6420","Financiële holdings","","","","","N","N",20000822,20000822,20000831,20000822,20191027,0,0,"",2020,20220413
"Elspeet","H","41","Besloten vennootschap met gewone structuur","6420","Financiële holdings","","","","","N","N",20000829,20000829,20000831,20000829,0,0,0,"",2020,20210929
"Almelo","H","01","Eenmanszaak","2562","Algemene metaalbewerking","","","","","N","N",0,0,20000831,20000831,0,0,0,"",0,0
"Nijmegen","","74","Stichting","88993","Lokaal welzijnswerk","","","","","","",20000817,20000817,0,0,0,0,0,"",0,0
"Wijchen","H","41","Besloten vennootschap met gewone structuur","70221","Organisatie-adviesbureaus","70102","Holdings (geen financiële)","","","","",20000912,20000912,20000831,20000101,20050801,0,20000912,"",2019,20210726
"Wijchen","","74","Stichting","66191","Admin.kantoren voor aandelen/obligaties","","","","","","",20000823,0,0,0,0,0,0,"",0,0
"Otterlo","H","01","Eenmanszaak","85592","Bedrijfsopleiding en -training","","","","","","",0,0,20000831,19900816,20120101,0,20050101,"",0,0
"Haaften","H","01","Eenmanszaak","4941","Goederenvervoer over weg (geen verhuiz.)","","","","","J","J",0,0,20140422,20000831,20140413,0,0,"",0,0
"Geldermalsen","","71","Vereniging met volledige rechtsbevoegdheid","94997","Overige belangenbehartiging (rest)","","","","","","",20000710,20000710,0,0,0,0,0,"",0,0
"Arnhem","H","41","Besloten vennootschap met gewone structuur","7112","Ingenieurs/overig techn. ontwerp/advies","","","","","N","N",20010509,20010509,20220121,20000830,20211001,0,20010509,"",2021,20220404
"Gorinchem","","74","Stichting","90011","Beoefening van podiumkunst","","","","","","",20000621,20000621,0,0,0,0,0,"",0,0
"Nederweert","H","41","Besloten vennootschap met gewone structuur","4730","Benzinestations","","","","","N","N",20000803,20000803,20000831,19830415,0,0,20000803,"",2020,20220316
"Maastricht","","74","Stichting","6420","Financiële holdings","","","","","","",20000811,20000811,0,0,0,0,0,"",0,0
"Wittem","H","01","Eenmanszaak","45112","Handel/rep. personen-/lichte bedr.auto's","","","","","J","N",0,0,20000830,20000901,0,0,0,"",0,0
"Best","H","41","Besloten vennootschap met gewone structuur","6420","Financiële holdings","","","","","N","N",20010213,20010213,20051117,20000701,20190801,0,20010213,"",2020,20211210
"Bakel","H","01","Eenmanszaak","96022","Schoonheidsverzorging/pedi-/manicures","","","","","N","N",0,0,20000829,20000901,20031201,0,0,"",0,0
"Hooge Mierde","H","01","Eenmanszaak","4332","Bouwtimmeren","","","","","","",0,0,20000829,20000904,20131223,0,0,"",0,0
"Eindhoven","H","41","Besloten vennootschap met gewone structuur","64922","Volkskredietbanken/commerciële financ.","","","","","","",20000926,20000926,20000829,20000901,0,0,20000926,"",2020,20210721
"Soest","H","41","Besloten vennootschap met gewone structuur","6420","Financiële holdings","","","","","","",20000922,20000922,20110914,20000801,20130306,0,20000922,"",2018,20200104
"Hapert","H","11","Vennootschap onder firma","85599","Studiebegeleiding/vorming/onderwijs","","","","","","",20000701,0,20000829,20000701,0,0,0,"",0,0
"'s-Hertogenbosch","H","41","Besloten vennootschap met gewone structuur","6420","Financiële holdings","69102","Rechtskundige adviesbureaus","","","","",20000821,20000821,20000829,20000821,20210301,0,0,"",2020,20210710
"Baarn","H","41","Besloten vennootschap met gewone structuur","46462","GH med./tandheelk.instr./verpl.art. e.d.","","","","","J","J",20000828,20000828,20071211,20000828,20180917,0,0,"",2020,20210915
"Eindhoven","H","41","Besloten vennootschap met gewone structuur","70221","Organisatie-adviesbureaus","","","","","N","N",20000828,20000828,20000829,20000828,0,0,0,"",2019,20200706
"Casteren","H","41","Besloten vennootschap met gewone structuur","6420","Financiële holdings","","","","","","",20000825,20000825,20000829,20000825,20160801,0,0,"",2020,20211103
"Veldhoven","H","41","Besloten vennootschap met gewone structuur","6201","Ontwikkelen/produceren/uitgeven software","4614","HB mach./techn.ben./schepen/vliegtuigen","6209","Ov. dienstv. act. ohgv informatietechn.","N","N",20000818,20000818,20110902,20000818,20110725,0,0,"",2020,20211021
"'s-Hertogenbosch","H","01","Eenmanszaak","8219","Secretariële dienstverlening","8292","Pakken, sorteren e.d. in loon","","","N","N",0,0,20000831,20000901,0,0,0,"",0,0
"Helmond","H","41","Besloten vennootschap met gewone structuur","4634","Groothandel in dranken (geen zuivel)","6202","Advisering ohgv informatietechnologie","56101","Restaurants","J","J",20021129,20021129,20000831,20000831,20200701,0,20021129,"",2015,20170130
"Veghel","H","01","Eenmanszaak","4321","Elektrotechnische bouwinstallatie","","","","","N","N",0,0,20000831,20000901,20060201,0,20020215,"",0,0
"Oss","H","41","Besloten vennootschap met gewone structuur","4333","Afwerking van vloeren en wanden","46736","Groothandel in tegels en plavuizen","","","N","N",20001206,20001206,20000830,19610401,0,0,20001206,"",2021,20220325
"Langenboom","H","11","Vennootschap onder firma","01499","Fokken en houden van overige dieren","46232","GH huis-/wilde dieren/siervissen/-vogels","47763","Winkels dier(benodigdhed)en/hengelsp.art","N","J",19990101,0,20000831,19990101,20070331,0,0,"",0,0
"Geleen","H","41","Besloten vennootschap met gewone structuur","6420","Financiële holdings","","","","","N","N",20001018,20001018,20010313,20000831,20010313,0,20001018,"",2020,20211224
"Vinkel","H","41","Besloten vennootschap met gewone structuur","4941","Goederenvervoer over weg (geen verhuiz.)","","","","","N","N",20001122,20001122,20000831,19490701,0,0,20001122,"",2020,20211011
"Geldrop","H","01","Eenmanszaak","4120","Algemene burgerlijke en utiliteitsbouw","","","","","","",0,0,20000831,20000815,0,0,0,"",0,0
"Drunen","H","01","Eenmanszaak","2229","Verv. overige producten van kunststof","","","","","N","N",0,0,20000831,20000901,0,0,0,"",0,0
"Oirschot","H","01","Eenmanszaak","0161","Dienstverl. akker- en/of tuinbouw","","","","","N","N",0,0,20000831,20000901,0,0,0,"",0,0
"Chaam","H","41","Besloten vennootschap met gewone structuur","70102","Holdings (geen financiële)","","","","","","",20000818,20000818,20071222,20000818,0,0,0,"",2020,20220607
"Made","H","41","Besloten vennootschap met gewone structuur","70221","Organisatie-adviesbureaus","","","","","","",20001030,20001030,20071222,20000901,0,0,20001030,"",2019,20210901
"Tilburg","H","41","Besloten vennootschap met gewone structuur","6420","Financiële holdings","70221","Organisatie-adviesbureaus","","","","",20010328,20010328,20000831,20000801,20220101,0,20010328,"",2021,20220523
"Raamsdonksveer","H","01","Eenmanszaak","4329","Overige bouwinstallatie","","","","","N","N",0,0,20071222,20000901,20210101,0,0,"",0,0
"Tilburg","H","01","Eenmanszaak","4120","Algemene burgerlijke en utiliteitsbouw","","","","","","",0,0,20000831,20000901,20071015,0,0,"",0,0
"Weert","N","41","Besloten vennootschap met gewone structuur","10822","Verv. chocolade en suikerwerk","","","","","","",19360207,19360207,20000831,20000601,0,0,0,"",2021,0
"Fijnaart","","74","Stichting","88999","Overig maatsch.adv./gemeenschapshuizen","","","","","","",20000828,20000828,0,0,0,0,0,"",0,0
"Zundert","H","01","Eenmanszaak","70221","Organisatie-adviesbureaus","85592","Bedrijfsopleiding en -training","","","","",0,0,20000831,20000901,20220610,0,0,"",0,0
"Utrecht","H","41","Besloten vennootschap met gewone structuur","6202","Advisering ohgv informatietechnologie","","","","","","",20001110,20001110,20180614,20000901,20180604,0,20001110,"",2021,20220325
"Amersfoort","H","41","Besloten vennootschap met gewone structuur","6420","Financiële holdings","","","","","","",20010330,20010330,20051207,19991201,20051207,0,20010330,"",2020,20220429
"Breda","H","41","Besloten vennootschap met gewone structuur","6420","Financiële holdings","","","","","","",20000828,20000828,20000831,20000828,20170326,0,0,"",2021,20220601
"Sprundel","H","41","Besloten vennootschap met gewone structuur","4391","Dakdekken en bouwen van dakconstructies","64303","Beleggingsinst. met beperkte toetreding","","","N","N",20060530,20060530,20000831,20000901,0,0,20060530,"",2020,20211223
"Hoek","H","01","Eenmanszaak","96021","Haarverzorging","","","","","N","N",0,0,20000831,20000901,0,0,0,"",0,0
"Breda","H","41","Besloten vennootschap met gewone structuur","46499","GH ov. consumentenart. (non-food) (rest)","2120","Verv. farmaceutische producten","","","N","N",19970605,19970605,20220103,20000817,20211216,0,0,"",2020,20220113
"Hardinxveld-Giessendam","H","11","Vennootschap onder firma","50401","Binnenvaart (vrachtvaart)","","","","","","",20000101,0,20000830,20000101,20080902,0,0,"",0,0
"Hendrik-Ido-Ambacht","H","41","Besloten vennootschap met gewone structuur","6420","Financiële holdings","","","","","N","N",20001222,20001222,20000830,20000901,20050701,0,20001222,"",2020,20211102
"Zwijndrecht","H","41","Besloten vennootschap met gewone structuur","6420","Financiële holdings","","","","","N","N",20001222,20001222,20000830,20000901,20020812,0,20001222,"",2020,20211029
"Zwijndrecht","H","41","Besloten vennootschap met gewone structuur","6420","Financiële holdings","","","","","N","N",20001222,20001222,20000830,20000901,20050101,0,20001222,"",2020,20211012
"Bergschenhoek","H","11","Vennootschap onder firma","4120","Algemene burgerlijke en utiliteitsbouw","","","","","N","N",19990603,0,20071222,19990603,0,0,0,"",0,0
"Vlaardingen","","71","Vereniging met volledige rechtsbevoegdheid","94991","Gezelligheidsverenigingen","","","","","","",19801025,20000531,0,0,0,0,0,"",0,0
"'s-Hertogenbosch","H","01","Eenmanszaak","5912","Facilitaire activ. voor film-/tv-prod.","","","","","N","N",0,0,20160725,20000831,20160708,0,20030703,"",0,0
"Apeldoorn","H","01","Eenmanszaak","6202","Advisering ohgv informatietechnologie","78201","Uitzendbureaus","","","N","N",0,0,20191206,20000831,20191205,0,0,"",0,0
"Bergschenhoek","H","41","Besloten vennootschap met gewone structuur","6420","Financiële holdings","","","","","N","N",20011102,20011102,20071222,20000901,0,0,20011102,"",2020,20211231
"Eindhoven","H","41","Besloten vennootschap met gewone structuur","70102","Holdings (geen financiële)","","","","","","",20000816,20000816,20060901,20000816,20060901,0,0,"",2020,20220427
"Rotterdam","","74","Stichting","64301","Beleggingsinstell. in financiële activa","","","","","","",20000831,20000831,0,0,0,0,0,"",0,0
"Numansdorp","H","01","Eenmanszaak","7112","Ingenieurs/overig techn. ontwerp/advies","","","","","N","N",0,0,20000831,20000701,0,0,0,"",0,0
"Gouda","H","41","Besloten vennootschap met gewone structuur","7112","Ingenieurs/overig techn. ontwerp/advies","","","","","","",20000829,20000829,20000831,20000829,20080501,0,0,"",2021,20211104
"Dordrecht","H","41","Besloten vennootschap met gewone structuur","46496","GH sportartikelen (geen watersport)","46699","GH ov.mach./app./toeb. ind./handel","46901","Niet-gespec. GH in consumentenartikelen","","",20000822,20000822,20000831,19861201,0,0,20000822,"",2021,20220117
"'s-Gravenhage","H","41","Besloten vennootschap met gewone structuur","6420","Financiële holdings","","","","","","",20000829,20000829,20100218,20000829,20090201,0,0,"",2020,20211230
"Reeuwijk","H","41","Besloten vennootschap met gewone structuur","6420","Financiële holdings","","","","","N","N",20001019,20001019,20000831,20000831,0,0,20001019,"",2020,20211203
"Zwijndrecht","H","41","Besloten vennootschap met gewone structuur","6420","Financiële holdings","","","","","","",20000825,20000825,20000831,20000825,20050901,0,0,"",2019,20210114
"'s-Gravenhage","","71","Vereniging met volledige rechtsbevoegdheid","93144","Bowlen, kegelen, biljarten e.d.","","","","","","",20000817,20000817,0,0,0,0,0,"",0,0
"'s-Gravenhage","H","41","Besloten vennootschap met gewone structuur","69101","Advocatenkantoren, bewindv. en curatoren","","","","","N","N",20000818,20000818,20000824,20000818,0,0,0,"",2018,20201201
"Nijetrijne","H","11","Vennootschap onder firma","70221","Organisatie-adviesbureaus","86913","Praktijken van psychotherapeuten/-logen","85522","Kunstzinnige vorming voor amateurs","N","N",20040101,0,20010611,20000901,20010609,0,20040101,"",0,0
"Wassenaar","H","41","Besloten vennootschap met gewone structuur","70221","Organisatie-adviesbureaus","","","","","N","N",20000823,20000823,20000828,20000823,0,0,0,"",2021,20220605
"'s-Gravenhage","","74","Stichting","69209","Overige administratiekantoren","","","","","","",20000720,20000720,0,0,0,0,0,"",0,0
"'s-Gravenhage","H","41","Besloten vennootschap met gewone structuur","4619","Niet-gespecialiseerde handelsbemiddeling","","","","","N","N",20000822,20000822,20000828,20000822,0,0,0,"",2020,20211012
"Schipluiden","","74","Stichting","94996","Overige ideële organisaties (rest)","","","","","","",20000823,20000823,0,0,0,0,0,"",0,0
"Berkel en Rodenrijs","H","41","Besloten vennootschap met gewone structuur","70102","Holdings (geen financiële)","","","","","N","N",20000829,20000829,20000830,20000829,0,0,0,"",2021,20220404
"'s-Gravenhage","","71","Vereniging met volledige rechtsbevoegdheid","94997","Overige belangenbehartiging (rest)","","","","","","",20000823,20000823,0,0,0,0,0,"",0,0
"Schipluiden","H","41","Besloten vennootschap met gewone structuur","70102","Holdings (geen financiële)","","","","","N","N",20000929,20000929,20000831,20000801,20140701,0,20000929,"",2020,20210812
"Schipluiden","H","41","Besloten vennootschap met gewone structuur","6810","Handel in eigen onroerend goed","","","","","N","N",20000929,20000929,20000831,20000801,20140701,0,20000929,"",2020,20210811
"Voorburg","H","01","Eenmanszaak","69203","Boekhoudkantoren","8219","Secretariële dienstverlening","","","N","N",0,0,20000831,20000101,0,0,0,"",0,0
"'s-Gravenhage","H","01","Eenmanszaak","4120","Algemene burgerlijke en utiliteitsbouw","","","","","N","N",0,0,20000831,20000901,20140407,0,0,"",0,0
"Delft","H","01","Eenmanszaak","43221","Loodg.- en fitterswerk; inst. sanitair","","","","","N","N",0,0,20000831,20000901,20180410,0,0,"",0,0
"Apeldoorn","H","41","Besloten vennootschap met gewone structuur","64302","Beleggingsinstellingen in vaste activa","70221","Organisatie-adviesbureaus","77399","Verh./lease ov.mach./werkt./ov. goederen","N","N",20000824,20000824,20001227,20000824,20220207,0,0,"",2020,20220328
"Delfgauw","H","01","Eenmanszaak","85592","Bedrijfsopleiding en -training","85599","Studiebegeleiding/vorming/onderwijs","","","N","N",0,0,20000831,20000101,20060908,0,0,"",0,0
"Schipluiden","H","01","Eenmanszaak","3109","Vervaardiging van overige meubels","","","","","N","N",0,0,20000831,20000901,0,0,0,"",0,0
"Amsterdam","","72","Vereniging met beperkte rechtsbevoegdheid","9002","Dienstverlening voor uitvoerende kunst","","","","","","",20000101,20000101,0,0,0,0,0,"",0,0
"'s-Gravenhage","H","01","Eenmanszaak","4120","Algemene burgerlijke en utiliteitsbouw","42112","Stratenmaken","","","N","N",0,0,20050609,20000901,20050512,0,0,"",0,0
"'s-Gravenhage","H","11","Vennootschap onder firma","9609","Overige dienstverlening (rest)","","","","","N","N",20031024,0,20000831,20000831,20031024,0,20031024,"",0,0
"Leiden","","74","Stichting","8541","Niet-universitair hoger onderwijs","","","","","","",20000825,20000825,0,0,0,0,0,"",0,0
"Noordwijkerhout","H","41","Besloten vennootschap met gewone structuur","70102","Holdings (geen financiële)","","","","","N","N",20001207,20001207,20001221,20000817,20180701,0,20001221,"",2019,20210608
"De Kwakel","H","01","Eenmanszaak","9003","Schrijven en overige scheppende kunst","47593","Winkels art. woninginrichting alg. ass.","","","N","N",0,0,20070402,20000101,20040501,0,0,"",0,0
"Veenendaal","H","41","Besloten vennootschap met gewone structuur","68204","Verh. onroerend goed (niet v woonruimte)","","","","","","",20000825,20000825,20000831,20000825,20210428,0,0,"",2020,20210722
"Wilnis","H","01","Eenmanszaak","4941","Goederenvervoer over weg (geen verhuiz.)","","","","","","",0,0,20000831,20000901,0,0,0,"",0,0
"Driebergen-Rijsenburg","H","01","Eenmanszaak","85592","Bedrijfsopleiding en -training","","","","","","",0,0,20000831,20000901,20090130,0,0,"",0,0
"Utrecht","","74","Stichting","85519","Overig sport- en recreatieonderwijs","","","","","","",20000411,20000411,0,0,0,0,0,"",0,0
"Doorn","H","01","Eenmanszaak","96022","Schoonheidsverzorging/pedi-/manicures","","","","","","",0,0,20000831,20000901,20050127,0,0,"",0,0
"Zeist","H","01","Eenmanszaak","4333","Afwerking van vloeren en wanden","","","","","","",0,0,20000831,20000901,20020501,0,0,"",0,0
"Leerdam","H","01","Eenmanszaak","7311","Reclamebureaus","","","","","","",0,0,20140412,20000901,20080601,0,0,"",0,0
"Utrecht","H","41","Besloten vennootschap met gewone structuur","70222","Advisering ohgv management/bedrijfsv.","","","","","","",20000825,20000825,20000831,20000825,20120101,0,0,"",2021,20220419
"Utrecht","H","41","Besloten vennootschap met gewone structuur","6420","Financiële holdings","","","","","","",20000825,20000825,20000831,20000825,20120101,0,0,"",2021,20220413
"Benschop","H","41","Besloten vennootschap met gewone structuur","7112","Ingenieurs/overig techn. ontwerp/advies","78202","Uitleenbureaus","","","N","N",20040129,20040129,20000831,20000901,20041214,0,20040129,"",2021,20220610
"Amersfoort","N","01","Eenmanszaak","46434","Groothandel in fotografische artikelen","47781","Winkels in fotografische artikelen","47912","Internethandel consumentenelektronica","J","",0,0,20000831,20000801,20050301,0,0,"",0,0
"Weesp","H","41","Besloten vennootschap met gewone structuur","6420","Financiële holdings","","","","","","",20001026,20001026,20000831,20000101,0,0,20001026,"",2019,20210223
"Pijnacker","H","41","Besloten vennootschap met gewone structuur","8010","Particuliere beveiliging","46699","GH ov.mach./app./toeb. ind./handel","71202","Keuring/controle mach./app./materialen","","",20001026,20001026,20100107,20000101,20170201,0,20001026,"",2021,20220224
"Utrecht","H","41","Besloten vennootschap met gewone structuur","6420","Financiële holdings","","","","","","",20000825,20000825,20010530,20000825,20211129,0,0,"",2020,20210721
"Zwolle","H","41","Besloten vennootschap met gewone structuur","6420","Financiële holdings","64303","Beleggingsinst. met beperkte toetreding","","","N","N",20000822,20000822,20201201,20000822,20201130,0,0,"",2020,20211021
"Hoofddorp","H","41","Besloten vennootschap met gewone structuur","6420","Financiële holdings","","","","","N","N",20001017,20001017,20000830,20000821,0,0,20001017,"",2020,20210427
"Hoofddorp","H","41","Besloten vennootschap met gewone structuur","46693","GH verbrandingsmotoren/pompen/compress.","2813","Verv. niet-hydraulische pompen en compr.","","","J","J",20001017,20001017,20000830,20000821,0,0,20001017,"",2020,20210427
"Hoofddorp","H","41","Besloten vennootschap met gewone structuur","7721","Verhuur van sport- en recreatieartikelen","6420","Financiële holdings","7734","Verhuur en lease van schepen","N","N",20000824,20000824,20000830,20000824,20060101,0,0,"",2020,0
"Haarlem","H","01","Eenmanszaak","4332","Bouwtimmeren","4331","Stukadoren","4120","Algemene burgerlijke en utiliteitsbouw","N","N",0,0,20000830,20000901,20010701,0,0,"",0,0
"Amsterdam","H","01","Eenmanszaak","4777","Winkels in juweliersartikelen/uurwerken","3212","Bewerken edelstenen en verv. sieraden","","","N","N",0,0,20000830,20000901,0,0,20070901,"",0,0
"Uithoorn","N","01","Eenmanszaak","7320","Markt- en opinieonderzoekbureaus","70222","Advisering ohgv management/bedrijfsv.","70221","Organisatie-adviesbureaus","N","N",0,0,20000831,20000301,0,0,0,"",0,0
"Baarn","H","01","Eenmanszaak","74103","Interieur- en ruimtelijk ontwerp","47915","Internethandel huis- en tuinartikelen","","","N","N",0,0,20080414,20000831,20080414,0,0,"",0,0
"Haarlem","H","11","Vennootschap onder firma","66193","Hypotheek-/kredietbem./bankagentschappen","","","","","N","N",20000807,0,20000831,20000807,0,0,0,"",0,0
"Heemstede","H","41","Besloten vennootschap met gewone structuur","6420","Financiële holdings","","","","","N","N",20000830,20000830,20000831,20000830,20180321,0,0,"",2020,20210904
"Oud-Alblas","H","01","Eenmanszaak","47912","Internethandel consumentenelektronica","4652","GH elektronische/telecommunicatieapp.","4651","GH computers, randapparatuur en software","N","N",0,0,20161024,20000901,20190709,0,0,"",0,0
"Hoofddorp","H","41","Besloten vennootschap met gewone structuur","6420","Financiële holdings","","","","","N","N",20000828,20000828,20000831,20000828,20090101,0,0,"",2017,20180412
"Almere","H","41","Besloten vennootschap met gewone structuur","6420","Financiële holdings","","","","","N","N",20001205,20001205,20210617,20000101,20210617,0,20001205,"",2018,20191128
"Almere","H","41","Besloten vennootschap met gewone structuur","6420","Financiële holdings","","","","","N","N",20001205,20001205,20210202,20000101,20210202,0,20001205,"",2020,20210929
"Waardenburg","H","41","Besloten vennootschap met gewone structuur","46699","GH ov.mach./app./toeb. ind./handel","46751","GH chem.grondst./chemicaliën ind.toep.","45203","Reparatie van specifieke auto-onderdelen","N","N",20000825,20000825,20051219,20000825,20051216,0,0,"",2020,20210624
"Valkenburg","H","41","Besloten vennootschap met gewone structuur","47912","Internethandel consumentenelektronica","7733","Verh./lease computers/kantoorapparatuur","","","N","N",20001205,20001205,20190314,20000601,20190312,0,20001205,"",2020,20211216
"Den Helder","","74","Stichting","93299","Ov. recreatie (rest)(geen jachthavens)","","","","","","",20000824,20000824,0,0,0,0,0,"",0,0
"Purmerend","H","41","Besloten vennootschap met gewone structuur","6420","Financiële holdings","","","","","N","N",20011109,20011109,20000830,20000821,20060623,0,20011109,"",2021,20220302
"Bergen (NH)","H","41","Besloten vennootschap met gewone structuur","64303","Beleggingsinst. met beperkte toetreding","6202","Advisering ohgv informatietechnologie","","","","",20000829,20000829,20000830,20000829,20160401,0,0,"",2020,20211223
"Lelystad","H","41","Besloten vennootschap met gewone structuur","46738","Groothandel gespec. in overige bouwmat.","2221","Verv. platen,folie,buizen e.d.(kunstst.)","","","J","J",20001120,20001120,20000830,20000801,20180702,0,20001120,"",2020,20211228
"Rijnsburg","H","41","Besloten vennootschap met gewone structuur","6202","Advisering ohgv informatietechnologie","78202","Uitleenbureaus","","","","",20010129,20010129,20011212,20000801,20151102,0,20010129,"",2020,20211026
"Lelystad","H","01","Eenmanszaak","4782","Markthandel in textiel/kleding/schoeisel","","","","","N","N",0,0,20000831,20000901,20130429,0,0,"",0,0
"Sneek","H","11","Vennootschap onder firma","56101","Restaurants","","","","","N","N",20010614,0,20000829,20000801,0,0,20010614,"",0,0
"Sneek","H","01","Eenmanszaak","96022","Schoonheidsverzorging/pedi-/manicures","","","","","","",0,0,20000904,20000904,0,0,0,"",0,0
"Balk","H","01","Eenmanszaak","7311","Reclamebureaus","","","","","","",0,0,20000904,20000904,0,0,0,"",0,0
"Winsum","H","41","Besloten vennootschap met gewone structuur","45204","Carrosserieherstel","45112","Handel/rep. personen-/lichte bedr.auto's","45203","Reparatie van specifieke auto-onderdelen","","",20000331,20000331,20000901,20000331,20060201,0,0,"",2021,20220408
"Winsum","H","41","Besloten vennootschap met gewone structuur","6831","Bemidd. bij handel/huur/verhuur onr.goed","","","","","N","N",20001017,20001017,20000901,20000830,20101125,0,20001017,"",2021,20220202
"Leek","","71","Vereniging met volledige rechtsbevoegdheid","88993","Lokaal welzijnswerk","","","","","","",19981213,20000714,0,0,0,0,0,"",0,0
"Eenrum","H","01","Eenmanszaak","4331","Stukadoren","","","","","N","N",0,0,20000904,20000911,0,0,0,"",0,0
"Groningen","H","01","Eenmanszaak","9003","Schrijven en overige scheppende kunst","","","","","N","N",0,0,20000904,20000901,0,0,0,"",0,0
"Sappemeer","H","41","Besloten vennootschap met gewone structuur","6420","Financiële holdings","","","","","","",20001023,20001023,20000904,20000825,20181001,0,20001023,"",2020,20220308
"Groningen","H","01","Eenmanszaak","6201","Ontwikkelen/produceren/uitgeven software","7312","Handel in advertentieruimte en -tijd","6311","Gegevensverw./webhosting/aanverw. activ.","","",0,0,20000904,20000904,20061201,0,0,"",0,0
"Meppel","N","11","Vennootschap onder firma","4777","Winkels in juweliersartikelen/uurwerken","","","","","","",20090101,0,20000901,20000901,0,0,0,"",0,0
"Appelscha","H","01","Eenmanszaak","86913","Praktijken van psychotherapeuten/-logen","","","","","","",0,0,20000901,20000901,20211228,0,0,"",0,0
"Emmen","H","01","Eenmanszaak","45112","Handel/rep. personen-/lichte bedr.auto's","8130","Landschapsverzorging","","","","",0,0,20000904,20000904,20020101,0,0,"",0,0
"Assen","H","41","Besloten vennootschap met gewone structuur","4773","Apotheken","","","","","N","N",20001102,20001102,20000904,20000101,0,0,20001102,"",2018,20190719
"Havelte","H","41","Besloten vennootschap met gewone structuur","6420","Financiële holdings","","","","","N","N",20000901,20000901,20000904,20000901,0,0,0,"",2020,20220420
"Meppel","H","01","Eenmanszaak","47999","DH via overige distributievormen","88101","Thuiszorg","","","","",0,0,20000904,20000901,0,0,0,"",0,0
"Heeten","","72","Vereniging met beperkte rechtsbevoegdheid","93119","Overige sportaccommodaties","","","","","","",20000620,0,0,0,0,0,0,"",0,0
"Broekland","","72","Vereniging met beperkte rechtsbevoegdheid","94991","Gezelligheidsverenigingen","","","","","","",19970107,0,0,0,0,0,0,"",2002,0
"Raalte","H","41","Besloten vennootschap met gewone structuur","6420","Financiële holdings","","","","","","",20000830,20000830,20000901,20000830,0,0,0,"",2020,20220104
"Doornspijk","H","01","Eenmanszaak","4941","Goederenvervoer over weg (geen verhuiz.)","","","","","N","N",0,0,20000830,20000828,20140507,0,0,"",0,0
"Gorinchem","H","41","Besloten vennootschap met gewone structuur","2511","Verv. metalen constr.werken/delen ervan","","","","","N","N",20001117,20001117,20120807,20000901,20120801,0,20001117,"",2021,20220428
"Apeldoorn","H","41","Besloten vennootschap met gewone structuur","78201","Uitzendbureaus","","","","","N","N",20000830,20000830,20000901,20000830,20110418,0,0,"",2021,20220523
"Apeldoorn","H","41","Besloten vennootschap met gewone structuur","78201","Uitzendbureaus","7830","Payrolling (personeelsbeheer)","8010","Particuliere beveiliging","N","N",20000830,20000830,20000901,20000830,20110418,0,0,"",2021,0
"Almelo","","71","Vereniging met volledige rechtsbevoegdheid","94997","Overige belangenbehartiging (rest)","","","","","","",20000605,20000809,0,0,0,0,0,"",0,0
"Stroe","H","01","Eenmanszaak","4120","Algemene burgerlijke en utiliteitsbouw","","","","","N","N",0,0,20000901,19900613,0,0,20000801,"",0,0
"Apeldoorn","H","01","Eenmanszaak","7810","Arbeidsbemiddeling","","","","","N","N",0,0,20000901,20000901,0,0,0,"",0,0
"Apeldoorn","H","41","Besloten vennootschap met gewone structuur","6420","Financiële holdings","","","","","N","N",20000831,20000831,20060712,20000831,20220101,0,0,"",2020,20211029
"Herten","H","01","Eenmanszaak","6202","Advisering ohgv informatietechnologie","","","","","N","N",0,0,20040601,20000901,20100501,0,0,"",0,0
"Nunspeet","H","41","Besloten vennootschap met gewone structuur","6420","Financiële holdings","","","","","N","N",20000831,20000831,20000901,20000831,0,0,0,"",2020,20211102
"Voorthuizen","H","01","Eenmanszaak","7112","Ingenieurs/overig techn. ontwerp/advies","43999","Overige gespec. werkz. in de bouw (rest)","46691","Groothandel in intern transportmaterieel","J","J",0,0,20000904,20000907,0,0,0,"",0,0
"Putten","H","01","Eenmanszaak","2562","Algemene metaalbewerking","33121","Rep./onderh. mach. voor algemeen gebruik","5221","Dienstverlening voor vervoer over land","N","N",0,0,20000904,20000911,20160203,0,0,"",0,0
"Harderwijk","H","01","Eenmanszaak","4312","Grondverzet","4311","Slopen van bouwwerken","","","N","N",0,0,20000904,20000904,20170802,0,0,"",0,0
"Opheusden","H","01","Eenmanszaak","7311","Reclamebureaus","","","","","","",0,0,20140412,20000901,20031218,0,0,"",0,0
"Dieren","H","41","Besloten vennootschap met gewone structuur","70221","Organisatie-adviesbureaus","85592","Bedrijfsopleiding en -training","","","","",20010209,20010209,20000831,20000601,20041211,0,20010209,"",2020,20211214
"Hardinxveld-Giessendam","H","41","Besloten vennootschap met gewone structuur","4652","GH elektronische/telecommunicatieapp.","","","","","N","N",20001121,20001121,20010518,20000901,20190615,0,20001121,"",2021,20220602
"Amsterdam","","74","Stichting","94993","Steunfondsen (niet ohgv welzijnszorg)","","","","","","",20000830,20000830,0,0,0,0,0,"",0,0
"Nijmegen","H","01","Eenmanszaak","7490","Overige special. zakelijke dienstverl.","90012","Producenten van podiumkunst","5920","Maken en uitgeven van geluidsopnamen","","",0,0,20000831,20000101,20130715,0,0,"",0,0
"Waalre","H","01","Eenmanszaak","70221","Organisatie-adviesbureaus","","","","","","",0,0,20071211,20000601,20080701,0,0,"",0,0
"Aalten","H","41","Besloten vennootschap met gewone structuur","6420","Financiële holdings","","","","","N","N",20050104,20050104,20000901,20000619,20180814,0,20050104,"",2020,20220612
"Huissen","H","41","Besloten vennootschap met gewone structuur","70102","Holdings (geen financiële)","","","","","","",20001106,20001106,20000901,20000101,20170717,0,20001106,"",2020,20220121
"Arnhem","H","41","Besloten vennootschap met gewone structuur","6420","Financiële holdings","","","","","","",20001019,20001019,20000901,20000701,0,0,20001019,"",2020,20210803
"Didam","H","01","Eenmanszaak","4120","Algemene burgerlijke en utiliteitsbouw","","","","","","",0,0,20000901,20000901,20121218,0,0,"",0,0
"Hengelo (Gld)","H","01","Eenmanszaak","4321","Elektrotechnische bouwinstallatie","","","","","","",0,0,20120523,20000901,20120501,0,0,"",0,0
"Zutphen","H","01","Eenmanszaak","47789","Winkels gespec. in overige art. (rest)","47761","Winkels bloemen/planten/zaden/tuinbenod.","47918","Internethandel overige non-food","","",0,0,20060102,20000901,20170612,0,0,"",0,0
"Harreveld","H","41","Besloten vennootschap met gewone structuur","6420","Financiële holdings","","","","","","",20000830,20000830,20000904,20000830,0,0,0,"",2019,20210104
"Harskamp","H","11","Vennootschap onder firma","01422","Overige vleesveehouderij/zoogkoeienbedr.","46738","Groothandel gespec. in overige bouwmat.","","","","",20000101,0,20000904,20000101,0,0,0,"",0,0
"Oosterhout","H","01","Eenmanszaak","4312","Grondverzet","70221","Organisatie-adviesbureaus","43222","Inst. verwarmings-/luchtbehandelingsapp.","N","N",0,0,20000904,20000904,20211126,0,0,"",0,0
"Nijmegen","H","01","Eenmanszaak","85599","Studiebegeleiding/vorming/onderwijs","","","","","","",0,0,20000904,19990901,20200711,0,0,"",0,0
"Dordrecht","H","41","Besloten vennootschap met gewone structuur","4110","Projectontwikkeling","","","","","","",20000801,20000801,20210517,20000801,20210517,0,0,"",2021,20220523
"47533 Kleve","H","01","Eenmanszaak","9609","Overige dienstverlening (rest)","4941","Goederenvervoer over weg (geen verhuiz.)","49391","Ongeregeld personenvervoer over de weg","N","N",0,0,20211217,20000902,20211103,0,0,"",0,0
"Beuningen Gld","H","41","Besloten vennootschap met gewone structuur","70221","Organisatie-adviesbureaus","","","","","","",20070330,20070330,20000904,20000901,20070205,0,20070330,"",2021,20220522
"Opheusden","N","41","Besloten vennootschap met gewone structuur","4711","Supermarkten e.d. winkels alg.ass.v.gm.","","","","","N","N",19770823,19770823,20000904,20000503,20180525,0,0,"",2020,20210825
"Wijk en Aalburg","N","41","Besloten vennootschap met gewone structuur","4711","Supermarkten e.d. winkels alg.ass.v.gm.","","","","","N","N",19770823,19770823,20000904,20000621,0,0,0,"",2020,20210825
"Utrecht","H","41","Besloten vennootschap met gewone structuur","6202","Advisering ohgv informatietechnologie","78202","Uitleenbureaus","","","","",20000831,20000831,20050223,20000831,20150202,0,0,"",2020,20210605
"Hedel","H","01","Eenmanszaak","8129","Overige reiniging","","","","","N","N",0,0,20000901,20000901,0,0,0,"",0,0
"Zaltbommel","H","41","Besloten vennootschap met gewone structuur","4637","GH koffie/thee/cacao/specer. (geen ruwe)","46682","GH machines voedings-/genotmiddelenindu.","5621","Eventcatering","J","J",20090527,20090527,20000904,20000901,20160401,0,20090527,"",2020,20211130
"Emmer-Compascuum","H","41","Besloten vennootschap met gewone structuur","70102","Holdings (geen financiële)","7735","Verhuur en lease van vliegtuigen","","","","",20000831,20000831,20060530,20000831,20060524,0,0,"",2020,20211231
"Deil","H","01","Eenmanszaak","85592","Bedrijfsopleiding en -training","","","","","","",0,0,20000904,20000911,20051013,0,0,"",0,0
"Kesteren","H","01","Eenmanszaak","0161","Dienstverl. akker- en/of tuinbouw","0210","Bosbouw","","","","",0,0,20000904,20000904,20120103,0,0,"",0,0
"Helden","H","41","Besloten vennootschap met gewone structuur","6420","Financiële holdings","","","","","N","N",20000822,20000822,20000901,20000822,0,0,0,"",2019,20200811
"Helden","H","41","Besloten vennootschap met gewone structuur","45112","Handel/rep. personen-/lichte bedr.auto's","","","","","N","N",20000822,20000822,20000901,20000822,0,0,0,"",2019,20200811
"Beesel","H","01","Eenmanszaak","4312","Grondverzet","","","","","N","N",0,0,20000901,20000901,20051215,0,0,"",0,0
"Nederweert","H","01","Eenmanszaak","9522","Reparatie van elekt. huishoudelijke app.","","","","","N","N",0,0,20000904,20000801,0,0,0,"",0,0
"Weert","H","01","Eenmanszaak","69203","Boekhoudkantoren","","","","","N","N",0,0,20000904,20000815,20070201,0,0,"",0,0
"Tegelen","H","01","Eenmanszaak","96022","Schoonheidsverzorging/pedi-/manicures","","","","","N","N",0,0,20000904,20000815,0,0,0,"",0,0
"Maastricht","","74","Stichting","96031","Uitvaartverzorging","","","","","","",20000829,20000829,0,0,0,0,0,"",0,0
"Spijk","","74","Stichting","6420","Financiële holdings","","","","","","",20000811,20000811,20170515,0,0,0,0,"",0,0
"Maastricht","","74","Stichting","94993","Steunfondsen (niet ohgv welzijnszorg)","","","","","","",20000825,20000825,0,0,0,0,0,"",0,0
"Margraten","","74","Stichting","94994","Vriendenkringen ohgv cultuur / fanclubs","","","","","","",20000828,20000828,0,0,0,0,0,"",0,0
"Voerendaal","H","11","Vennootschap onder firma","56102","Fastfoodrest, cafet, ijssal, eetkr e.d.","","","","","N","N",20000801,0,20000901,20000801,20080401,0,0,"",0,0
"Maastricht","H","41","Besloten vennootschap met gewone structuur","5630","Cafés","78202","Uitleenbureaus","56101","Restaurants","N","N",20010425,20010425,20000904,20000901,20040111,0,20010425,"",2020,20211020
"Heesch","","71","Vereniging met volledige rechtsbevoegdheid","94991","Gezelligheidsverenigingen","","","","","","",19680214,20000809,0,0,0,0,0,"",0,0
"Eindhoven","","74","Stichting","88999","Overig maatsch.adv./gemeenschapshuizen","","","","","","",20000816,20000816,0,0,0,0,0,"",0,0
"Eersel","H","41","Besloten vennootschap met gewone structuur","6420","Financiële holdings","","","","","","",20000825,20000825,20000829,20000825,20081001,0,0,"",2021,20220603
"Helmond","H","41","Besloten vennootschap met gewone structuur","6420","Financiële holdings","","","","","","",20000825,20000825,20000830,20000825,20060724,0,0,"",2020,20211129
"Veghel","","74","Stichting","94993","Steunfondsen (niet ohgv welzijnszorg)","","","","","","",20000809,20000809,0,0,0,0,0,"",0,0
"Geldrop","H","41","Besloten vennootschap met gewone structuur","6420","Financiële holdings","","","","","","",20000825,20000825,20000830,20000825,0,0,0,"",2021,20220510
"Sint-Oedenrode","","74","Stichting","88999","Overig maatsch.adv./gemeenschapshuizen","","","","","","",20000809,20000809,0,0,0,0,0,"",0,0
"Nijmegen","H","11","Vennootschap onder firma","90011","Beoefening van podiumkunst","","","","","","",20000101,0,20040106,20000101,20060901,0,0,"",0,0
"'s-Hertogenbosch","H","41","Besloten vennootschap met gewone structuur","7311","Reclamebureaus","","","","","","",20000822,20000822,20000830,20000822,20120608,0,0,"",2020,20211018
"Liessel","H","11","Vennootschap onder firma","47789","Winkels gespec. in overige art. (rest)","33121","Rep./onderh. mach. voor algemeen gebruik","","","J","J",20030801,0,20000830,20000901,0,0,20030801,"",0,0
"Bladel","H","11","Vennootschap onder firma","45205","Overige gespec. reparatie/slepen auto's","","","","","N","N",20000901,0,20000830,20000901,0,0,0,"",0,0
"'s-Hertogenbosch","H","41","Besloten vennootschap met gewone structuur","6201","Ontwikkelen/produceren/uitgeven software","6202","Advisering ohgv informatietechnologie","","","","",20001207,20001207,20000830,20000717,20071228,0,20001207,"",2021,20220530
"Someren","H","01","Eenmanszaak","96022","Schoonheidsverzorging/pedi-/manicures","","","","","","",0,0,20000901,20000901,20120715,0,0,"",0,0
"'s-Hertogenbosch","H","01","Eenmanszaak","4618","HB gespecialiseerd in overige goederen","","","","","N","N",0,0,20000901,20000901,0,0,0,"",0,0
"Maren-Kessel","H","41","Besloten vennootschap met gewone structuur","6420","Financiële holdings","","","","","","",20000829,20000829,20000830,20000829,0,0,0,"",2020,20210428
"Budel","H","01","Eenmanszaak","4331","Stukadoren","","","","","","",0,0,20000901,20000904,0,0,0,"",0,0
"'s-Hertogenbosch","H","01","Eenmanszaak","4618","HB gespecialiseerd in overige goederen","","","","","N","N",0,0,20000901,20000901,20160414,0,0,"",0,0
"Vught","","71","Vereniging met volledige rechtsbevoegdheid","94991","Gezelligheidsverenigingen","","","","","","",20000822,20000822,0,0,0,0,0,"",0,0
"Uden","H","01","Eenmanszaak","96022","Schoonheidsverzorging/pedi-/manicures","","","","","N","N",0,0,20000901,20000901,20141007,0,0,"",0,0
"Vlierden","","72","Vereniging met beperkte rechtsbevoegdheid","88999","Overig maatsch.adv./gemeenschapshuizen","","","","","","",20000620,20000620,0,0,0,0,0,"",0,0
"Rosmalen","H","01","Eenmanszaak","7311","Reclamebureaus","","","","","N","N",0,0,20000901,20000701,20080509,0,0,"",0,0
"Nieuwkuijk","H","01","Eenmanszaak","4120","Algemene burgerlijke en utiliteitsbouw","","","","","","",0,0,20000904,20000904,20060209,0,0,"",0,0
"Geldrop","H","11","Vennootschap onder firma","96021","Haarverzorging","96022","Schoonheidsverzorging/pedi-/manicures","47593","Winkels art. woninginrichting alg. ass.","","",20031201,0,20000904,20000901,20011101,0,20031201,"",0,0
"Veldhoven","H","01","Eenmanszaak","4725","Winkels in dranken","","","","","","",0,0,20000904,20000901,0,0,0,"",0,0
"Rosmalen","H","01","Eenmanszaak","6201","Ontwikkelen/produceren/uitgeven software","","","","","","",0,0,20190211,20000901,20190118,0,0,"",0,0
"Best","H","41","Besloten vennootschap met gewone structuur","70221","Organisatie-adviesbureaus","78201","Uitzendbureaus","","","","",20010213,20010213,20000904,20000701,20190801,0,20010213,"",2020,20211210
"'s-Hertogenbosch","H","01","Eenmanszaak","90011","Beoefening van podiumkunst","7112","Ingenieurs/overig techn. ontwerp/advies","","","N","N",0,0,20000904,20000909,0,0,0,"",0,0
"Eindhoven","H","01","Eenmanszaak","85592","Bedrijfsopleiding en -training","","","","","","",0,0,20000904,20000909,0,0,0,"",0,0
"Bladel","H","01","Eenmanszaak","4120","Algemene burgerlijke en utiliteitsbouw","","","","","","",0,0,20000904,20000904,20160812,0,0,"",0,0
"Drunen","H","01","Eenmanszaak","90011","Beoefening van podiumkunst","9002","Dienstverlening voor uitvoerende kunst","4321","Elektrotechnische bouwinstallatie","N","N",0,0,20000901,20000801,20130311,0,0,"",0,0
"Uden","H","01","Eenmanszaak","45112","Handel/rep. personen-/lichte bedr.auto's","49391","Ongeregeld personenvervoer over de weg","45202","Bandenservicebedrijven","N","N",0,0,20001107,20000904,20160701,0,20000904,"",0,0
"Vught","H","01","Eenmanszaak","4331","Stukadoren","","","","","N","N",0,0,20000904,20000904,20120312,0,0,"",0,0
"Tilburg","","71","Vereniging met volledige rechtsbevoegdheid","93121","Veldvoetbal","","","","","","",20000825,20000825,0,0,0,0,0,"",0,0
"Veen","H","01","Eenmanszaak","4941","Goederenvervoer over weg (geen verhuiz.)","","","","","N","N",0,0,20000901,20000901,0,0,0,"",0,0
"Almkerk","H","01","Eenmanszaak","96021","Haarverzorging","","","","","","",0,0,20000904,20000828,20180403,0,0,"",0,0
"Sprang-Capelle","H","41","Besloten vennootschap met gewone structuur","4332","Bouwtimmeren","6420","Financiële holdings","","","N","J",20090128,20090128,20000904,20000901,20200429,0,20090128,"",2020,20210927
"Tilburg","H","41","Besloten vennootschap met gewone structuur","6420","Financiële holdings","","","","","","",20000830,20000830,20000904,20000830,0,0,0,"",2020,20211104
"Woudrichem","H","01","Eenmanszaak","7112","Ingenieurs/overig techn. ontwerp/advies","","","","","N","N",0,0,20000904,20000908,0,0,0,"",0,0
"Tilburg","H","01","Eenmanszaak","96021","Haarverzorging","","","","","N","N",0,0,20000904,20000907,0,0,0,"",0,0
"Hilvarenbeek","H","01","Eenmanszaak","96022","Schoonheidsverzorging/pedi-/manicures","","","","","","",0,0,20000904,20000809,20140701,0,0,"",0,0
"Werkendam","H","41","Besloten vennootschap met gewone structuur","69203","Boekhoudkantoren","","","","","","",20060626,20060626,20000904,19960102,20181101,0,20060626,"",2021,20220610
"Roosendaal","H","41","Besloten vennootschap met gewone structuur","6420","Financiële holdings","","","","","","",20001222,20001222,20000901,20000801,0,0,20001222,"",2012,20140131
"Breda","H","41","Besloten vennootschap met gewone structuur","7810","Arbeidsbemiddeling","78202","Uitleenbureaus","","","N","N",20070227,20070227,20000901,20000901,20151001,0,20070227,"",2021,20220527
"Breda","","71","Vereniging met volledige rechtsbevoegdheid","94996","Overige ideële organisaties (rest)","","","","","","",20000831,20000831,0,0,0,0,0,"",0,0
"Breda","H","41","Besloten vennootschap met gewone structuur","68204","Verh. onroerend goed (niet v woonruimte)","4110","Projectontwikkeling","","","N","N",20080327,20080327,20000901,20000901,20170518,0,20080327,"",2020,20210825
"Kerkwerve","H","41","Besloten vennootschap met gewone structuur","6420","Financiële holdings","","","","","N","N",20000828,20000828,20000901,20000828,0,0,0,"",2020,20220505
"Kerkwerve","H","41","Besloten vennootschap met gewone structuur","6420","Financiële holdings","","","","","N","N",20000828,20000828,20000901,20000828,0,0,0,"",2020,20220505
"Kerkwerve","H","41","Besloten vennootschap met gewone structuur","6420","Financiële holdings","","","","","N","N",20000828,20000828,20000901,20000828,0,0,0,"",2020,20220505
"Hoofdplaat","H","11","Vennootschap onder firma","7112","Ingenieurs/overig techn. ontwerp/advies","","","","","N","N",20000901,0,20000901,20000901,20000901,0,0,"",0,0
"Vlissingen","H","11","Vennootschap onder firma","47713","Winkels in bovenkleding/mode-artikelen","47721","Winkels in schoenen","","","N","N",20010101,0,20000904,20000904,20160301,0,20010101,"",0,0
"Sliedrecht","H","01","Eenmanszaak","47513","Winkels breiwol/handwerken/fournituren","","","","","","",0,0,20000901,19940714,0,0,20000901,"",0,0
"Rotterdam","N","41","Besloten vennootschap met gewone structuur","46699","GH ov.mach./app./toeb. ind./handel","","","","","N","N",19841029,19841029,20000901,20000101,0,0,0,"",2020,20210419
"Breda","N","41","Besloten vennootschap met gewone structuur","46699","GH ov.mach./app./toeb. ind./handel","","","","","N","N",19841029,19841029,20000901,20000101,0,0,0,"",2020,20210419
"'s-Gravenhage","N","41","Besloten vennootschap met gewone structuur","46699","GH ov.mach./app./toeb. ind./handel","","","","","N","N",19841029,19841029,20000901,20000101,0,0,0,"",2020,20210419
"Utrecht","N","41","Besloten vennootschap met gewone structuur","46699","GH ov.mach./app./toeb. ind./handel","","","","","N","N",19841029,19841029,20000901,20000701,20070108,0,0,"",2020,20210419
"Haarlem","N","41","Besloten vennootschap met gewone structuur","46699","GH ov.mach./app./toeb. ind./handel","","","","","N","N",19841029,19841029,20000901,20000901,0,0,0,"",2020,20210419
"Ede","N","41","Besloten vennootschap met gewone structuur","46699","GH ov.mach./app./toeb. ind./handel","","","","","N","N",19841029,19841029,20000901,19840601,20020315,0,20000701,"",2020,20210419
"Amsterdam","N","41","Besloten vennootschap met gewone structuur","46699","GH ov.mach./app./toeb. ind./handel","","","","","N","N",19841029,19841029,20000901,19940401,0,0,20000901,"",2020,20210419
"Rotterdam","H","01","Eenmanszaak","7320","Markt- en opinieonderzoekbureaus","4614","HB mach./techn.ben./schepen/vliegtuigen","","","N","N",0,0,20000901,20000901,20210530,0,0,"",0,0
"Zwijndrecht","H","01","Eenmanszaak","43222","Inst. verwarmings-/luchtbehandelingsapp.","","","","","N","N",0,0,20000901,20000901,20070129,0,0,"",0,0
"Ridderkerk","H","01","Eenmanszaak","4332","Bouwtimmeren","7112","Ingenieurs/overig techn. ontwerp/advies","","","","",0,0,20000901,20000908,20080116,0,0,"",0,0
"Bergschenhoek","H","41","Besloten vennootschap met gewone structuur","64303","Beleggingsinst. met beperkte toetreding","","","","","N","N",20000824,20000824,20090708,20000824,20090706,0,0,"",2020,20210707
"Bergschenhoek","H","41","Besloten vennootschap met gewone structuur","6420","Financiële holdings","","","","","N","N",20000825,20000825,20071222,20000825,20060821,0,0,"",2020,20210716
"Krimpen aan den IJssel","H","41","Besloten vennootschap met gewone structuur","6420","Financiële holdings","","","","","N","N",20000828,20000828,20000901,20000828,20060830,0,0,"",2018,20200526
"Rotterdam","H","41","Besloten vennootschap met gewone structuur","7311","Reclamebureaus","","","","","N","N",20000922,20000922,20030306,20000401,20130301,0,20000922,"",2020,20211201
"Delft","H","41","Besloten vennootschap met gewone structuur","69102","Rechtskundige adviesbureaus","","","","","N","N",20090529,20090529,20200902,20000901,20200901,0,20090529,"",2019,20200218
"Hoogvliet Rotterdam","H","41","Besloten vennootschap met gewone structuur","70222","Advisering ohgv management/bedrijfsv.","78202","Uitleenbureaus","","","N","N",20010131,20010131,20120615,20000901,20181027,0,20010131,"",2020,20211116
"Monster","H","61","Coöperatie","5221","Dienstverlening voor vervoer over land","","","","","N","N",19950717,19950717,20130903,20000101,20171002,0,0,"",2020,20211004
"Gouda","H","01","Eenmanszaak","8130","Landschapsverzorging","78202","Uitleenbureaus","","","","",0,0,20000901,20000701,0,0,20031210,"",0,0
"Vlaardingen","H","41","Besloten vennootschap met gewone structuur","6420","Financiële holdings","","","","","N","N",20001009,20001009,20000901,20000901,20010417,0,20001009,"",2019,20211103
"Maasdam","H","01","Eenmanszaak","4120","Algemene burgerlijke en utiliteitsbouw","","","","","N","N",0,0,20000901,20000904,20100101,0,0,"",0,0
"Gouda","H","01","Eenmanszaak","86922","Arbobegeleiding en reïntegratie","69209","Overige administratiekantoren","7830","Payrolling (personeelsbeheer)","","",0,0,20000901,20000909,20030801,0,0,"",0,0
"Amsterdam","H","41","Besloten vennootschap met gewone structuur","4941","Goederenvervoer over weg (geen verhuiz.)","46462","GH med./tandheelk.instr./verpl.art. e.d.","4614","HB mach./techn.ben./schepen/vliegtuigen","J","J",20001214,20001214,20130814,20000816,20160101,0,20001214,"",2015,20170127
"Capelle aan den IJssel","H","01","Eenmanszaak","4321","Elektrotechnische bouwinstallatie","","","","","N","N",0,0,20000901,20000901,0,0,0,"",0,0
"Hekelingen","H","01","Eenmanszaak","45112","Handel/rep. personen-/lichte bedr.auto's","","","","","N","N",0,0,20000901,20000904,20040201,0,0,"",0,0
"Dordrecht","H","41","Besloten vennootschap met gewone structuur","5621","Eventcatering","56101","Restaurants","","","","",20000830,20000830,20000901,20000830,20190125,0,0,"",2021,20220520
"Papendrecht","H","01","Eenmanszaak","6201","Ontwikkelen/produceren/uitgeven software","","","","","","",0,0,20000901,20000901,20171016,0,0,"",0,0
"'s-Gravenhage","H","01","Eenmanszaak","70221","Organisatie-adviesbureaus","","","","","N","N",0,0,20000901,20000901,20081022,0,0,"",0,0
"Zoetermeer","H","41","Besloten vennootschap met gewone structuur","70102","Holdings (geen financiële)","","","","","N","N",20000830,20000830,20130514,20000830,20130514,0,0,"",2020,20210920
"Amsterdam","H","41","Besloten vennootschap met gewone structuur","69101","Advocatenkantoren, bewindv. en curatoren","","","","","N","N",20000822,20000822,20091016,20000822,20090921,0,0,"",2020,20220309
"Amsterdam","H","41","Besloten vennootschap met gewone structuur","69101","Advocatenkantoren, bewindv. en curatoren","","","","","N","N",20000822,20000822,20091016,20000822,20220228,0,0,"",2020,20220126
"Aerdenhout","H","41","Besloten vennootschap met gewone structuur","6420","Financiële holdings","","","","","N","N",20000824,20000824,20020920,20000824,20131220,0,0,"",2021,20220531
"Naaldwijk","","74","Stichting","64301","Beleggingsinstell. in financiële activa","","","","","","",20000822,20000822,0,0,0,0,0,"",0,0
"'s-Gravenhage","","74","Stichting","85592","Bedrijfsopleiding en -training","","","","","","",20000828,20000828,0,0,0,0,0,"",0,0
"'s-Gravenhage","H","01","Eenmanszaak","6312","Webportals","6311","Gegevensverw./webhosting/aanverw. activ.","6201","Ontwikkelen/produceren/uitgeven software","N","N",0,0,20071114,20000818,20170531,0,0,"",0,0
"Uithoorn","H","01","Eenmanszaak","6312","Webportals","4651","GH computers, randapparatuur en software","6201","Ontwikkelen/produceren/uitgeven software","N","N",0,0,20010530,20000901,20180920,0,20020801,"",0,0
"Poeldijk","H","41","Besloten vennootschap met gewone structuur","6420","Financiële holdings","","","","","N","N",20000830,20000830,20190228,20000830,20190228,0,0,"",2020,20211115
"Monster","H","41","Besloten vennootschap met gewone structuur","64923","Participatiemaatschappijen","46311","Groothandel in groenten en fruit","","","N","N",20000831,20000831,20000901,20000831,20021007,0,0,"",2020,20220214
"Poeldijk","H","41","Besloten vennootschap met gewone structuur","0161","Dienstverl. akker- en/of tuinbouw","","","","","N","N",20000830,20000830,20190228,20000830,20190228,0,0,"",2020,20211115
"Rijswijk","H","41","Besloten vennootschap met gewone structuur","6420","Financiële holdings","","","","","N","N",20001127,20001127,20000901,20000901,20000901,0,20001127,"",2020,20211005
"Rijswijk","H","41","Besloten vennootschap met gewone structuur","6810","Handel in eigen onroerend goed","","","","","N","N",20001127,20001127,20000901,20000901,20000901,0,20001127,"",2020,20211005
"'s-Gravenhage","H","11","Vennootschap onder firma","5621","Eventcatering","9002","Dienstverlening voor uitvoerende kunst","78202","Uitleenbureaus","N","N",20010701,0,20000901,19910801,0,0,20010701,"",0,0
"Boskoop","H","11","Vennootschap onder firma","01411","Houden van melkvee","","","","","N","N",19970101,0,20000831,19740000,0,0,19970101,"",0,0
"'s-Gravenhage","H","11","Vennootschap onder firma","69203","Boekhoudkantoren","7311","Reclamebureaus","","","N","N",20000901,0,20000831,20000901,20110725,0,0,"",0,0
"Roelofarendsveen","H","41","Besloten vennootschap met gewone structuur","4941","Goederenvervoer over weg (geen verhuiz.)","78202","Uitleenbureaus","","","N","N",20000719,20000719,20000901,18900701,20021108,0,20000719,"",2020,20210908
"Oude Wetering","H","41","Besloten vennootschap met gewone structuur","70221","Organisatie-adviesbureaus","","","","","N","N",20000824,20000824,20000901,20000824,0,0,0,"",2020,20220426
"Alphen aan den Rijn","H","41","Besloten vennootschap met gewone structuur","6420","Financiële holdings","","","","","N","N",20000829,20000829,20000901,20000829,20140114,0,0,"",2020,20211026
"Ter Aar","H","41","Besloten vennootschap met gewone structuur","6420","Financiële holdings","","","","","N","N",20000829,20000829,20000901,20000829,20210531,0,0,"",2020,20220204
"Alphen aan den Rijn","H","41","Besloten vennootschap met gewone structuur","70221","Organisatie-adviesbureaus","","","","","N","N",20000912,20000912,20000914,20000908,20201125,0,20000912,"",2020,20211206
"Ter Aar","","74","Stichting","66191","Admin.kantoren voor aandelen/obligaties","","","","","","",20000829,20000829,0,0,0,0,0,"",0,0
"Lisse","H","41","Besloten vennootschap met gewone structuur","47591","Winkels in meubels","","","","","N","N",20010723,20010723,20010725,20000901,20111101,0,20010723,"",2020,20210917
"Oegstgeest","","74","Stichting","94996","Overige ideële organisaties (rest)","","","","","","",20000831,20000831,0,0,0,0,0,"",0,0
"Giethoorn","","74","Stichting","94996","Overige ideële organisaties (rest)","","","","","","",20000901,20000901,0,0,0,0,0,"",0,0
"Zeist","N","41","Besloten vennootschap met gewone structuur","6420","Financiële holdings","","","","","","",19970327,19970327,20000831,20000701,0,0,0,"",2019,20201213
"Utrecht","H","41","Besloten vennootschap met gewone structuur","6420","Financiële holdings","","","","","","",20001004,20001004,20000831,20000901,20040213,0,20001004,"",2020,20210903
"Utrecht","H","41","Besloten vennootschap met gewone structuur","70221","Organisatie-adviesbureaus","","","","","","",20001004,20001004,20000831,20000901,20031101,0,20001004,"",2020,20210903
"Waalwijk","H","41","Besloten vennootschap met gewone structuur","4651","GH computers, randapparatuur en software","64303","Beleggingsinst. met beperkte toetreding","","","","",20000829,20000829,20080728,20000829,20190724,0,0,"",2020,20211122
"Vlijmen","H","41","Besloten vennootschap met gewone structuur","78202","Uitleenbureaus","70221","Organisatie-adviesbureaus","","","","",20000829,20000829,20210707,20000829,20210701,0,0,"",2020,20211122
"Zeist","","71","Vereniging met volledige rechtsbevoegdheid","94997","Overige belangenbehartiging (rest)","","","","","","",20000530,0,0,0,0,0,0,"",0,0
"Vianen","H","11","Vennootschap onder firma","01191","Teelt snij-bloemen/heesters volle grond ","","","","","","",20000101,0,20000901,19900115,0,0,20000101,"",0,0
"Lopik","H","01","Eenmanszaak","70222","Advisering ohgv management/bedrijfsv.","","","","","","",0,0,20000901,20000801,0,0,0,"",0,0
"Rijswijk","H","41","Besloten vennootschap met gewone structuur","6420","Financiële holdings","","","","","N","N",20000831,20000831,20210302,20000831,20210226,0,0,"",2017,20200126
"Rhenen","H","01","Eenmanszaak","01411","Houden van melkvee","4120","Algemene burgerlijke en utiliteitsbouw","4622","Groothandel in bloemen en planten","","",0,0,20000901,20000101,0,0,0,"",0,0
"Werkhoven","H","41","Besloten vennootschap met gewone structuur","85592","Bedrijfsopleiding en -training","6202","Advisering ohgv informatietechnologie","7320","Markt- en opinieonderzoekbureaus","","",20001221,20001221,20000901,20000901,0,0,20001221,"",2020,20210809
"Utrecht","H","71","Vereniging met volledige rechtsbevoegdheid","88993","Lokaal welzijnswerk","","","","","N","N",20000810,20000810,20160905,20101220,20160726,0,0,"",0,0
"Maastricht","H","01","Eenmanszaak","85592","Bedrijfsopleiding en -training","88993","Lokaal welzijnswerk","88992","Maatschappelijk werk","N","N",0,0,20011231,20000901,20130901,0,0,"",0,0
"Nijmegen","","74","Stichting","94993","Steunfondsen (niet ohgv welzijnszorg)","","","","","","",20000831,20000831,0,0,0,0,0,"",0,0
"Uithoorn","H","41","Besloten vennootschap met gewone structuur","6420","Financiële holdings","","","","","N","N",20000822,20000822,20001207,20000822,20001129,0,0,"",2019,20210621
"Utrecht","H","01","Eenmanszaak","4651","GH computers, randapparatuur en software","","","","","","",0,0,20000901,20000101,0,0,0,"",0,0
"Epse","","74","Stichting","94997","Overige belangenbehartiging (rest)","","","","","","",20000817,20000817,0,0,0,0,0,"",0,0
"Driebergen-Rijsenburg","H","41","Besloten vennootschap met gewone structuur","6420","Financiële holdings","","","","","","",20000831,20000831,20000904,20000831,0,0,0,"",2020,20220407
"Utrecht","H","01","Eenmanszaak","47791","Winkels in antiek","47783","Winkels in schilderijen/kunstvoorwerpen","","","","",0,0,20000904,20000101,20120115,0,0,"",0,0
"Woerden","H","41","Besloten vennootschap met gewone structuur","46739","GH bouwmaterialen algemeen assortiment","","","","","","",20000829,20000829,20000904,20000829,0,0,0,"",2021,0
"Langbroek","H","41","Besloten vennootschap met gewone structuur","6420","Financiële holdings","","","","","","",20000831,20000831,20030901,20000831,20180901,0,0,"",2016,20180615
"Vleuten","H","11","Vennootschap onder firma","4932","Vervoer per taxi","","","","","","",20001124,0,20000904,20000904,20160509,0,20001124,"",0,0
"Ameide","H","01","Eenmanszaak","5920","Maken en uitgeven van geluidsopnamen","9002","Dienstverlening voor uitvoerende kunst","","","","",0,0,20000904,20000801,20220101,0,0,"",0,0
"Utrecht","H","41","Besloten vennootschap met gewone structuur","6420","Financiële holdings","","","","","","",20000905,20000905,20000904,20000801,0,0,20000905,"",2020,20210830
"Zeist","H","41","Besloten vennootschap met gewone structuur","6420","Financiële holdings","","","","","","",20000925,20000925,20000904,20000901,20150202,0,20000925,"",2020,20210414
"Rotterdam","H","41","Besloten vennootschap met gewone structuur","6420","Financiële holdings","46722","GH ferrometalen en -halffabrikaten","","","","",20000831,20000831,20100114,20000831,20091124,0,0,"",2020,20210924
"Nieuwegein","H","01","Eenmanszaak","43993","Metselen en voegen","","","","","","",0,0,20000904,20000904,20210901,0,0,"",0,0
"Bergambacht","H","41","Besloten vennootschap met gewone structuur","52109","Opslag in distr.centra en overige opslag","","","","","","",20000831,20000831,20201008,20000831,20200929,0,0,"",2021,20220520
"Polsbroek","H","41","Besloten vennootschap met gewone structuur","52109","Opslag in distr.centra en overige opslag","","","","","","",20000831,20000831,20000904,20000831,20211224,0,0,"",2021,20220607
"Maartensdijk","H","01","Eenmanszaak","96022","Schoonheidsverzorging/pedi-/manicures","88101","Thuiszorg","","","","",0,0,20000904,20000901,20120405,0,0,"",0,0
"Amersfoort","H","01","Eenmanszaak","46311","Groothandel in groenten en fruit","","","","","","",0,0,20000904,19980923,20180301,0,0,"",0,0
"Nijkerk","H","01","Eenmanszaak","4120","Algemene burgerlijke en utiliteitsbouw","0161","Dienstverl. akker- en/of tuinbouw","68204","Verh. onroerend goed (niet v woonruimte)","","",0,0,20000901,20000901,0,0,0,"",0,0
"Woudenberg","H","41","Besloten vennootschap met gewone structuur","46499","GH ov. consumentenart. (non-food) (rest)","","","","","N","N",20080617,20080617,20000901,20000901,0,0,20080617,"",2020,20210429
"Bunschoten-Spakenburg","H","01","Eenmanszaak","4120","Algemene burgerlijke en utiliteitsbouw","","","","","","",0,0,20000901,20000901,20180522,0,0,"",0,0
"Bussum","H","01","Eenmanszaak","7112","Ingenieurs/overig techn. ontwerp/advies","18123","Drukkerijen van reclame","","","","",0,0,20000904,20000901,20150119,0,0,"",0,0
"Houten","","74","Stichting","88992","Maatschappelijk werk","","","","","","",20000831,20000831,0,0,0,0,0,"",0,0
"Huizen","H","11","Vennootschap onder firma","53202","Koeriers","","","","","N","N",20030101,0,20000904,20000901,0,0,20030101,"",0,0
"Soest","H","01","Eenmanszaak","4120","Algemene burgerlijke en utiliteitsbouw","","","","","","",0,0,20000904,20000904,20140523,0,0,"",0,0
"Weesp","H","01","Eenmanszaak","70221","Organisatie-adviesbureaus","","","","","","",0,0,20000904,20000821,20190103,0,0,"",0,0
"Giethoorn","H","41","Besloten vennootschap met gewone structuur","70222","Advisering ohgv management/bedrijfsv.","","","","","","",20001120,20001120,20170810,20000623,20170807,0,20001120,"",2020,20220419
"Lelystad","N","96","Buitenl. op EG-venn. lijkende venn. met onderneming in Nederland","6202","Advisering ohgv informatietechnologie","46499","GH ov. consumentenart. (non-food) (rest)","9002","Dienstverlening voor uitvoerende kunst","J","J",0,0,20000901,20000830,0,0,0,"",0,0
"Amsterdam","H","01","Eenmanszaak","4726","Winkels in tabaksproducten","","","","","N","N",0,0,20000901,18981231,18981231,0,20000901,"",0,0
"Amsterdam","","74","Stichting","94911","Religieuze organisaties","","","","","","",20000814,20000814,0,0,0,0,0,"",0,0
"Amstelveen","H","41","Besloten vennootschap met gewone structuur","7810","Arbeidsbemiddeling","","","","","N","N",20000810,20000810,20000831,20000810,20180101,0,0,"",2021,0
"Amsterdam","H","01","Eenmanszaak","6201","Ontwikkelen/produceren/uitgeven software","47913","Internethandel boek,tijdschrift,cd,dvd","","","N","N",0,0,20000904,20000101,0,0,0,"",0,0
"Amsterdam","","74","Stichting","94994","Vriendenkringen ohgv cultuur / fanclubs","","","","","","",20000814,20000814,0,0,0,0,0,"",0,0
"Amsterdam","","74","Stichting","69209","Overige administratiekantoren","","","","","","",20000824,20000824,0,0,0,0,0,"",0,0
"Amsterdam","H","41","Besloten vennootschap met gewone structuur","69102","Rechtskundige adviesbureaus","","","","","N","N",20000825,20000825,20000904,20000825,20081127,0,0,"",2020,20211013
"Haarlem","H","41","Besloten vennootschap met gewone structuur","6190","Overige telecommunicatie","","","","","N","N",20001122,20001122,20000831,20000830,0,0,20001122,"",2017,20181220
"Amsterdam","H","41","Besloten vennootschap met gewone structuur","47526","Winkels in parket-/laminaat-/kurkvloeren","47525","Winkels in keukens","4333","Afwerking van vloeren en wanden","N","N",20001110,20001110,20000831,20000831,20021230,0,20001110,"",2020,20211130
"Amsterdam","H","41","Besloten vennootschap met gewone structuur","6831","Bemidd. bij handel/huur/verhuur onr.goed","","","","","N","N",20000831,20000831,20000831,20000831,20081008,0,0,"",2021,20220318
"Hoofddorp","H","01","Eenmanszaak","85592","Bedrijfsopleiding en -training","7311","Reclamebureaus","","","N","N",0,0,20000831,20000718,20190119,0,0,"",0,0
"Amsterdam","","74","Stichting","6420","Financiële holdings","","","","","","",20000823,20000823,0,0,0,0,0,"",0,0
"Almere","H","41","Besloten vennootschap met gewone structuur","6420","Financiële holdings","","","","","N","N",20001205,20001205,20210202,20000101,20210202,0,20001205,"",2020,20211130
"Amsterdam","H","41","Besloten vennootschap met gewone structuur","6420","Financiële holdings","","","","","N","N",20000823,20000823,20000831,20000823,20030505,0,0,"",2021,20220215
"Badhoevedorp","H","01","Eenmanszaak","4932","Vervoer per taxi","","","","","N","N",0,0,20000831,20000831,20210101,0,0,"",0,0
"Amsterdam","H","41","Besloten vennootschap met gewone structuur","64303","Beleggingsinst. met beperkte toetreding","","","","","N","N",20000831,20000831,20000831,20000831,0,0,0,"",2021,20220614
"Amsterdam","H","41","Besloten vennootschap met gewone structuur","6420","Financiële holdings","","","","","N","N",20000823,20000823,20000831,20000823,20030505,0,0,"",2021,20220215
"Amsterdam","H","01","Eenmanszaak","8553","Auto- en motorrijscholen","","","","","N","N",0,0,20000901,20000904,20111010,0,0,"",0,0
"Zeist","H","11","Vennootschap onder firma","85592","Bedrijfsopleiding en -training","","","","","N","N",20040101,0,20040106,20000901,20160401,0,20040101,"",0,0
"Amsterdam","H","01","Eenmanszaak","5811","Uitgeverijen van boeken","9003","Schrijven en overige scheppende kunst","","","N","N",0,0,20000901,20000901,20160907,0,0,"",0,0
"Amsterdam","H","01","Eenmanszaak","59111","Prod. films (geen televisiefilms)","","","","","N","N",0,0,20000901,20000901,20020115,0,0,"",0,0
"Uithoorn","H","41","Besloten vennootschap met gewone structuur","6420","Financiële holdings","","","","","N","N",20000829,20000829,20000901,20000829,0,0,0,"",2021,20220514
"Utrecht","H","01","Eenmanszaak","4765","Winkels in speelgoed","","","","","J","J",0,0,20110126,20000101,20110120,0,0,"",0,0
"Heemstede","H","01","Eenmanszaak","86913","Praktijken van psychotherapeuten/-logen","","","","","N","N",0,0,20000901,20000901,0,0,0,"",0,0
"Eindhoven","N","41","Besloten vennootschap met gewone structuur","70221","Organisatie-adviesbureaus","70222","Advisering ohgv management/bedrijfsv.","","","N","N",20000828,20000828,20181008,20000828,20181001,0,0,"",2021,0
"Amstelveen","","74","Stichting","88999","Overig maatsch.adv./gemeenschapshuizen","","","","","","",20000718,20000718,0,0,0,0,0,"",0,0
"Amsterdam","H","41","Besloten vennootschap met gewone structuur","6190","Overige telecommunicatie","","","","","N","N",20010102,20010102,20000901,20000701,20181101,0,20010102,"",2020,20220523
"Almere","N","41","Besloten vennootschap met gewone structuur","8220","Callcenters","6190","Overige telecommunicatie","6202","Advisering ohgv informatietechnologie","N","N",20000830,20000830,20151116,20000830,20001101,0,0,"",2020,20220202
"Amsterdam","","74","Stichting","68204","Verh. onroerend goed (niet v woonruimte)","","","","","","",20000728,20000728,0,0,0,0,0,"",0,0
"Haarlem","H","01","Eenmanszaak","47594","Winkels in muziekinstrumenten","9529","Reparatie van overige consumentenart.","4651","GH computers, randapparatuur en software","N","N",0,0,20000901,18990000,0,0,20000701,"",0,0
"Badhoevedorp","H","41","Besloten vennootschap met gewone structuur","6420","Financiële holdings","","","","","N","N",20000823,20000823,20000901,20000823,20220215,0,0,"",2020,20220124
"Uithoorn","H","41","Besloten vennootschap met gewone structuur","69201","Registeraccountants","","","","","N","N",20000829,20000829,20000901,20000829,0,0,0,"",2021,20220514
"Amsterdam","H","01","Eenmanszaak","4932","Vervoer per taxi","","","","","N","N",0,0,20000901,20000901,0,0,0,"",0,0
"Haarlem","H","01","Eenmanszaak","69209","Overige administratiekantoren","70222","Advisering ohgv management/bedrijfsv.","","","N","N",0,0,20080908,20000801,20091211,0,0,"",0,0
"Eindhoven","H","01","Eenmanszaak","7021","Adviesbureaus publ. relations en comm.","","","","","N","N",0,0,20080407,20000901,20150901,0,0,"",0,0
"Amsterdam","","74","Stichting","94996","Overige ideële organisaties (rest)","","","","","","",20000830,20000830,0,0,0,0,0,"",0,0
"Amsterdam","H","01","Eenmanszaak","85519","Overig sport- en recreatieonderwijs","86919","Overige paramedische praktijken","","","N","N",0,0,20000904,20000904,20160503,0,0,"",0,0
"Bergen (NH)","H","41","Besloten vennootschap met gewone structuur","70221","Organisatie-adviesbureaus","6622","Assurantietussenpersonen","66193","Hypotheek-/kredietbem./bankagentschappen","N","N",20010612,20010612,20201208,20000701,20201202,0,20010612,"",2017,20190406
"Zaandam","H","11","Vennootschap onder firma","7311","Reclamebureaus","","","","","N","N",20070101,0,20000904,20000904,0,0,20070101,"",0,0
"Almere","H","41","Besloten vennootschap met gewone structuur","6201","Ontwikkelen/produceren/uitgeven software","6209","Ov. dienstv. act. ohgv informatietechn.","4321","Elektrotechnische bouwinstallatie","","",20081124,20081124,20010409,20000901,20150501,0,20081124,"",2021,20220222
"Amsterdam","H","41","Besloten vennootschap met gewone structuur","6420","Financiële holdings","","","","","N","N",20000831,20000831,20000904,20000831,20020521,0,0,"",2020,20210820
"Hoofddorp","H","01","Eenmanszaak","4331","Stukadoren","4333","Afwerking van vloeren en wanden","","","N","N",0,0,20000904,20000910,0,0,0,"",0,0
"Amsterdam","H","11","Vennootschap onder firma","5912","Facilitaire activ. voor film-/tv-prod.","5920","Maken en uitgeven van geluidsopnamen","","","N","J",20000904,0,20000904,19930126,20070101,0,20000904,"",0,0
"Bilthoven","H","01","Eenmanszaak","7311","Reclamebureaus","4120","Algemene burgerlijke en utiliteitsbouw","9002","Dienstverlening voor uitvoerende kunst","N","N",0,0,20180802,20000904,20180725,0,0,"",0,0
"Beverwijk","H","01","Eenmanszaak","4332","Bouwtimmeren","4339","Overige afwerking van gebouwen","","","N","N",0,0,20000904,20000911,20161017,0,0,"",0,0
"Amsterdam","H","41","Besloten vennootschap met gewone structuur","6420","Financiële holdings","","","","","N","N",20001213,20001213,20000904,20000904,20110826,0,20001213,"",2020,20220318
"Amsterdam","H","41","Besloten vennootschap met gewone structuur","4334","Schilderen en glaszetten","4331","Stukadoren","","","N","N",20040618,20040618,20000904,20000904,20040618,0,20040618,"",2020,20220601
"Utrecht","","74","Stichting","94994","Vriendenkringen ohgv cultuur / fanclubs","","","","","","",20000616,20000616,0,0,0,0,0,"",0,0
"Wormerveer","N","01","Eenmanszaak","3102","Vervaardiging van keukenmeubels","31012","Vervaardiging van bedrijfsmeubels","","","","",0,0,20000901,19921201,0,0,20000901,"",0,0
"Alkmaar","H","41","Besloten vennootschap met gewone structuur","68204","Verh. onroerend goed (niet v woonruimte)","","","","","","",20001214,20001214,20000831,19930701,20000901,0,20001214,"",2017,20180302
"Reeuwijk","H","41","Besloten vennootschap met gewone structuur","6420","Financiële holdings","70222","Advisering ohgv management/bedrijfsv.","","","N","N",20000823,20000823,20061107,20000823,20160901,0,0,"",2020,20220530
"Broek op Langedijk","H","41","Besloten vennootschap met gewone structuur","6420","Financiële holdings","70221","Organisatie-adviesbureaus","","","N","N",20000823,20000823,20000831,20000823,20041204,0,0,"",2020,20220207
"Heerhugowaard","H","41","Besloten vennootschap met gewone structuur","6311","Gegevensverw./webhosting/aanverw. activ.","","","","","N","N",20040330,20040330,20000831,20000831,20171027,0,20040330,"",2020,20220109
"Den Helder","H","01","Eenmanszaak","4332","Bouwtimmeren","4333","Afwerking van vloeren en wanden","4120","Algemene burgerlijke en utiliteitsbouw","N","N",0,0,20000831,20000831,20130426,0,0,"",0,0
"Edam","H","41","Besloten vennootschap met gewone structuur","6420","Financiële holdings","","","","","N","N",20000817,20000817,20000901,20000817,20200201,0,0,"",2020,20220428
"Sint Maarten","H","41","Besloten vennootschap met gewone structuur","68204","Verh. onroerend goed (niet v woonruimte)","","","","","","",20000829,20000829,20000901,20000829,20210301,0,0,"",2019,20191105
"Avenhorn","H","01","Eenmanszaak","70221","Organisatie-adviesbureaus","9003","Schrijven en overige scheppende kunst","47913","Internethandel boek,tijdschrift,cd,dvd","","",0,0,20000901,20000901,0,0,0,"",0,0
"Broek op Langedijk","H","11","Vennootschap onder firma","4765","Winkels in speelgoed","","","","","","",20000904,0,20000904,20000904,20180101,0,0,"",0,0
"Almere","H","41","Besloten vennootschap met gewone structuur","6420","Financiële holdings","70221","Organisatie-adviesbureaus","","","N","N",20001009,20001009,20000831,20000815,0,0,20001009,"",2017,20190125
"Lelystad","H","41","Besloten vennootschap met gewone structuur","6420","Financiële holdings","","","","","N","N",20000830,20000830,20000904,20000830,20171018,0,0,"",2020,20210318
"Surhuizum","H","01","Eenmanszaak","01451","Fokken en houden van schapen","4622","Groothandel in bloemen en planten","","","","",0,0,20000831,20000101,0,0,0,"",0,0
"Wergea","","74","Stichting","47192","Winkels met alg.assort. (geen warenh.)","","","","","","",20000830,0,0,0,0,0,0,"",0,0
"Wijnjewoude","H","01","Eenmanszaak","4120","Algemene burgerlijke en utiliteitsbouw","43222","Inst. verwarmings-/luchtbehandelingsapp.","","","","",0,0,20000905,20000901,0,0,0,"",0,0
"Oosterwolde","H","11","Vennootschap onder firma","47221","Winkels in vlees en vleeswaren","01422","Overige vleesveehouderij/zoogkoeienbedr.","","","","",19950101,0,20000905,19270800,20120222,0,19950101,"",0,0
"Marum","H","41","Besloten vennootschap met gewone structuur","6420","Financiële holdings","","","","","","",20000830,20000830,20000905,20000830,20161221,0,0,"",2021,20220613
"Eelde","H","01","Eenmanszaak","7430","Vertalers en tolken","","","","","","",0,0,20010723,20000101,20010712,0,0,"",0,0
"Groningen","H","11","Vennootschap onder firma","5630","Cafés","56102","Fastfoodrest, cafet, ijssal, eetkr e.d.","","","","",20100331,0,20000905,20000905,0,0,20100331,"",0,0
"Wanneperveen","H","01","Eenmanszaak","96021","Haarverzorging","","","","","","",0,0,20170810,20000905,20170804,0,0,"",0,0
"Amsterdam","","74","Stichting","6420","Financiële holdings","","","","","","",20000707,20000707,0,0,0,0,0,"",0,0
"Oldenzaal","H","41","Besloten vennootschap met gewone structuur","64303","Beleggingsinst. met beperkte toetreding","","","","","N","N",20000824,20000824,20000904,20000824,20060605,0,0,"",2020,20211224
"Hengelo","H","01","Eenmanszaak","4333","Afwerking van vloeren en wanden","","","","","N","N",0,0,20000904,20000827,20050429,0,0,"",0,0
"Borne","H","41","Besloten vennootschap met gewone structuur","6420","Financiële holdings","","","","","N","N",20000831,20000831,20000904,20000831,20110808,0,0,"",2020,20211124
"Veenendaal","H","41","Besloten vennootschap met gewone structuur","4782","Markthandel in textiel/kleding/schoeisel","","","","","N","N",20000904,20000904,20031031,20000904,20031101,0,0,"",2020,20211029
"Apeldoorn","","71","Vereniging met volledige rechtsbevoegdheid","88993","Lokaal welzijnswerk","","","","","","",20000818,20000818,0,0,0,0,0,"",0,0
"Barneveld","H","41","Besloten vennootschap met gewone structuur","70102","Holdings (geen financiële)","","","","","N","N",20000901,20000901,20000905,20000901,20090925,0,0,"",2020,20210601
"Hengelo","H","01","Eenmanszaak","5912","Facilitaire activ. voor film-/tv-prod.","","","","","N","N",0,0,20000905,20000905,0,0,0,"",0,0
"Millingen aan de Rijn","H","01","Eenmanszaak","47761","Winkels bloemen/planten/zaden/tuinbenod.","","","","","","",0,0,20000904,20000901,20001123,0,0,"",0,0
"Ede","H","01","Eenmanszaak","4332","Bouwtimmeren","","","","","","",0,0,20000904,20000724,20160601,0,0,"",0,0
"Nijmegen","H","01","Eenmanszaak","6202","Advisering ohgv informatietechnologie","4120","Algemene burgerlijke en utiliteitsbouw","4334","Schilderen en glaszetten","N","N",0,0,20030221,20000904,20030201,0,20030201,"",0,0
"Oploo","H","41","Besloten vennootschap met gewone structuur","64303","Beleggingsinst. met beperkte toetreding","64301","Beleggingsinstell. in financiële activa","","","","",20010130,20010130,20010910,20000901,20010908,0,20010130,"",2019,20210813
"Overasselt","H","41","Besloten vennootschap met gewone structuur","69202","Accountants-administratieconsulenten","69204","Belastingconsulenten","","","","",20060330,20060330,20000905,20000901,0,0,20060330,"",2020,20211217
"Druten","H","41","Besloten vennootschap met gewone structuur","2620","Verv. computers en randapparatuur","","","","","J","J",20000830,20000830,20140412,19890616,20220615,0,20000830,"",2020,20210608
"Doesburg","H","41","Besloten vennootschap met gewone structuur","70102","Holdings (geen financiële)","","","","","","",20001004,20001004,20181029,20000901,20181008,0,20001004,"",2020,20211214
"Meerkerk","H","41","Besloten vennootschap met gewone structuur","4120","Algemene burgerlijke en utiliteitsbouw","4321","Elektrotechnische bouwinstallatie","4332","Bouwtimmeren","N","N",20060529,20060529,20090309,20000905,20081219,0,20060529,"",2020,20210827
"Venlo","H","41","Besloten vennootschap met gewone structuur","6209","Ov. dienstv. act. ohgv informatietechn.","82999","Overige zakelijke dienstverlening (rest)","70222","Advisering ohgv management/bedrijfsv.","N","N",20060823,20060823,20000904,20000901,20080601,0,20060823,"",2018,20200429
"Tegelen","H","01","Eenmanszaak","7112","Ingenieurs/overig techn. ontwerp/advies","","","","","N","N",0,0,20000904,19630401,20050517,0,19990101,"",0,0
"Helden","H","01","Eenmanszaak","90011","Beoefening van podiumkunst","","","","","N","N",0,0,20050627,20000901,20180101,0,0,"",0,0
"Venray","H","01","Eenmanszaak","4120","Algemene burgerlijke en utiliteitsbouw","","","","","N","N",0,0,20000905,20000901,0,0,0,"",0,0
"Sevenum","H","01","Eenmanszaak","33123","Rep./onderh. machines specif.bedrijfstak","","","","","N","N",0,0,20000905,20000901,0,0,0,"",0,0
"Helden","H","01","Eenmanszaak","96022","Schoonheidsverzorging/pedi-/manicures","","","","","N","N",0,0,20000905,20000901,20010802,0,0,"",0,0
"Best","H","41","Besloten vennootschap met gewone structuur","6202","Advisering ohgv informatietechnologie","78202","Uitleenbureaus","","","","",20000830,20000830,20000831,20000830,20160627,0,0,"",2020,20210630
"Deurne","H","11","Vennootschap onder firma","01193","Teelt van voedergewassen","01134","Teelt aardapp en ov. wortel/knolgewassen","01199","Teelt overige eenjarige gewassen (rest)","","",19980101,0,20000901,19980101,0,0,0,"",0,0
"Haaren","H","01","Eenmanszaak","70221","Organisatie-adviesbureaus","","","","","","",0,0,20000901,20000901,0,0,0,"",0,0
"Heeswijk-Dinther","H","41","Besloten vennootschap met gewone structuur","69202","Accountants-administratieconsulenten","6420","Financiële holdings","","","","",20000825,20000825,20000831,20000825,20180202,0,0,"",2020,20210419
"Heusden","H","41","Besloten vennootschap met gewone structuur","6420","Financiële holdings","","","","","N","N",20000830,20000830,20000831,20000830,20181001,0,0,"",2020,20210105
"Heusden","","71","Vereniging met volledige rechtsbevoegdheid","94997","Overige belangenbehartiging (rest)","","","","","","",20000824,20000824,0,0,0,0,0,"",0,0
"Waalre","H","01","Eenmanszaak","69203","Boekhoudkantoren","","","","","","",0,0,20000904,20000901,20120101,0,0,"",0,0
"Wintelre","","71","Vereniging met volledige rechtsbevoegdheid","94991","Gezelligheidsverenigingen","","","","","","",20000523,20000523,0,0,0,0,0,"",0,0
"Soerendonk","H","01","Eenmanszaak","96021","Haarverzorging","","","","","N","N",0,0,20000905,20000901,20071111,0,0,"",0,0
"Best","H","41","Besloten vennootschap met gewone structuur","46693","GH verbrandingsmotoren/pompen/compress.","","","","","J","J",20001107,20001107,20000905,20000811,20090901,0,20001107,"",2020,20211108
"Best","H","41","Besloten vennootschap met gewone structuur","6420","Financiële holdings","","","","","N","N",20001107,20001107,20000905,20000811,20090101,0,20001108,"",2020,20211108
"Eindhoven","H","01","Eenmanszaak","4725","Winkels in dranken","","","","","N","N",0,0,20000905,20000911,20130315,0,0,"",0,0
"'s-Hertogenbosch","H","41","Besloten vennootschap met gewone structuur","77299","Verh. overige consumentenartikelen","4614","HB mach./techn.ben./schepen/vliegtuigen","","","","",20000831,20000831,20000904,20000831,20040105,0,0,"",2020,20211018
"'s-Hertogenbosch","H","41","Besloten vennootschap met gewone structuur","6201","Ontwikkelen/produceren/uitgeven software","6202","Advisering ohgv informatietechnologie","","","N","N",20001011,20001011,20000905,20000905,0,0,20001011,"",2020,20211229
"Gemert","H","41","Besloten vennootschap met gewone structuur","64303","Beleggingsinst. met beperkte toetreding","","","","","","",20000831,20000831,20000904,20000831,20150606,0,0,"",2020,20211221
"Utrecht","H","41","Besloten vennootschap met gewone structuur","70221","Organisatie-adviesbureaus","","","","","","",20010427,20010427,20210503,20000901,20160905,0,20010427,"",2020,20220106
"Rotterdam","H","41","Besloten vennootschap met gewone structuur","6420","Financiële holdings","","","","","","",20000905,20000905,20220118,20000905,20211201,0,0,"",2020,20220119
"Rotterdam","H","41","Besloten vennootschap met gewone structuur","7311","Reclamebureaus","","","","","","",20000905,20000905,20220118,20000905,20211201,0,0,"",2020,20220119
"Rosmalen","","74","Stichting","66191","Admin.kantoren voor aandelen/obligaties","","","","","","",20000831,20000831,0,0,0,0,0,"",0,0
"Bladel","H","01","Eenmanszaak","46692","GH mach./app.warmte-/koel-/vriestechniek","46682","GH machines voedings-/genotmiddelenindu.","","","","",0,0,20000905,20000901,20181101,0,0,"",0,0
"Vlijmen","H","41","Besloten vennootschap met gewone structuur","6420","Financiële holdings","","","","","","",19880425,19880425,19880503,19880425,20010108,0,0,"",2021,20220602
"Waalwijk","H","41","Besloten vennootschap met gewone structuur","16231","Verv. deuren, ramen en kozijnen van hout","46738","Groothandel gespec. in overige bouwmat.","","","N","N",20040122,20040122,20000905,20000701,20210615,0,20040122,"",2021,20220513
"Sleeuwijk","H","41","Besloten vennootschap met gewone structuur","6420","Financiële holdings","","","","","N","N",20080530,20080530,20080606,19790801,0,0,20080530,"",2020,20211125
"Hamont-Achel 3930","","74","Stichting","6420","Financiële holdings","","","","","","",20000904,20000904,0,0,0,0,0,"",0,0
"Etten-Leur","H","41","Besloten vennootschap met gewone structuur","6420","Financiële holdings","","","","","","",20000831,20000831,20000905,20000831,20091203,0,0,"",2019,20201103
"Bergen op Zoom","H","01","Eenmanszaak","4332","Bouwtimmeren","81221","Glazenwassen","","","N","N",0,0,20000905,20000905,20170612,0,20011228,"",0,0
"Hoofddorp","H","41","Besloten vennootschap met gewone structuur","68204","Verh. onroerend goed (niet v woonruimte)","","","","","N","N",20001116,20001116,20180108,20000701,20180104,0,20001116,"",2020,20220105
"Renesse","H","41","Besloten vennootschap met gewone structuur","6420","Financiële holdings","","","","","N","N",20000901,20000901,20000905,20000901,20140713,0,0,"",2021,20220408
"Oostburg","H","41","Besloten vennootschap met gewone structuur","64301","Beleggingsinstell. in financiële activa","","","","","N","N",20000901,20000901,20000905,20000901,20180305,0,0,"",2021,20220112
"Renesse","H","41","Besloten vennootschap met gewone structuur","6420","Financiële holdings","","","","","N","N",20000901,20000901,20000905,20000901,20050401,0,0,"",2020,20211223
"Kortgene","","74","Stichting","93152","Roei-, kano-, zeil- en surfsport e.d.","","","","","","",20000828,20000828,0,0,0,0,0,"",0,0
"Renesse","H","41","Besloten vennootschap met gewone structuur","6420","Financiële holdings","","","","","N","N",20000901,20000901,20000905,20000901,20150907,0,0,"",2020,20220120
"Renesse","H","41","Besloten vennootschap met gewone structuur","6420","Financiële holdings","","","","","N","N",20000901,20000901,20000905,20000901,20190201,0,0,"",2020,20211206
"Vlissingen","H","01","Eenmanszaak","96022","Schoonheidsverzorging/pedi-/manicures","","","","","N","N",0,0,20000905,20000901,20040115,0,0,"",0,0
"Wissenkerke","H","01","Eenmanszaak","4120","Algemene burgerlijke en utiliteitsbouw","","","","","N","N",0,0,20000905,20000905,20150407,0,0,"",0,0
"Hellevoetsluis","","74","Stichting","69209","Overige administratiekantoren","","","","","","",20000831,20000831,0,0,0,0,0,"",0,0
"Poortugaal","H","11","Vennootschap onder firma","6202","Advisering ohgv informatietechnologie","85592","Bedrijfsopleiding en -training","46494","Groothandel in speelgoed","J","J",20010101,0,20000904,20000101,20060701,0,20010101,"",0,0
"Bergschenhoek","H","41","Besloten vennootschap met gewone structuur","64303","Beleggingsinst. met beperkte toetreding","6420","Financiële holdings","","","N","N",20000821,20000821,20071222,20000821,20060526,0,0,"",2020,20210429
"Barendrecht","H","41","Besloten vennootschap met gewone structuur","43221","Loodg.- en fitterswerk; inst. sanitair","","","","","N","N",20000831,20000831,20000904,20000831,20051219,0,0,"",2020,20211228
"Capelle aan den IJssel","H","01","Eenmanszaak","96022","Schoonheidsverzorging/pedi-/manicures","47789","Winkels gespec. in overige art. (rest)","","","N","N",0,0,20000904,20000911,20070301,0,0,"",0,0
"Ooltgensplaat","H","41","Besloten vennootschap met gewone structuur","6420","Financiële holdings","","","","","N","N",20000831,20000831,20000904,20000831,20110701,0,0,"",2020,20220127
"Elst","H","41","Besloten vennootschap met gewone structuur","6420","Financiële holdings","","","","","N","N",20000803,20000803,20200706,20000803,20200101,0,0,"",2021,20220523
"Elst","H","41","Besloten vennootschap met gewone structuur","69201","Registeraccountants","","","","","N","N",20000804,20000804,20200706,20000804,20200101,0,0,"",2021,20220523
"Rotterdam","H","41","Besloten vennootschap met gewone structuur","6420","Financiële holdings","","","","","N","N",20020404,20020404,20220412,20000901,20220406,0,20020404,"",2020,20211107
"Alblasserdam","H","01","Eenmanszaak","4334","Schilderen en glaszetten","46734","Groothandel in vlakglas","","","N","N",0,0,20000904,19580907,20061101,0,20020601,"",0,0
"'s-Gravenhage","H","41","Besloten vennootschap met gewone structuur","6201","Ontwikkelen/produceren/uitgeven software","47919","Internethandel alg.assortiment non-food","","","N","N",20001115,20001115,20031222,20000901,20190327,0,20001115,"",2020,20211119
"Rotterdam","H","41","Besloten vennootschap met gewone structuur","6420","Financiële holdings","","","","","N","N",20000804,20000804,20000904,20000804,20200224,0,0,"",2020,20211012
"Hendrik-Ido-Ambacht","H","41","Besloten vennootschap met gewone structuur","70221","Organisatie-adviesbureaus","","","","","N","N",20001005,20001005,20000905,20000901,20010901,0,20001005,"",2020,20211110
"Moordrecht","H","41","Besloten vennootschap met gewone structuur","6420","Financiële holdings","","","","","N","N",20000831,20000831,20000905,20000831,20150701,0,0,"",2020,20211222
"Abbenbroek","H","01","Eenmanszaak","4120","Algemene burgerlijke en utiliteitsbouw","","","","","N","N",0,0,20000905,20000911,20121127,0,0,"",0,0
"Capelle aan den IJssel","H","41","Besloten vennootschap met gewone structuur","6420","Financiële holdings","","","","","N","N",20000814,20000814,20000905,20000814,20170106,0,0,"",2020,20220511
"Capelle aan den IJssel","H","01","Eenmanszaak","6201","Ontwikkelen/produceren/uitgeven software","6202","Advisering ohgv informatietechnologie","","","N","N",0,0,20000905,20000905,20071015,0,0,"",0,0
"Noordwijk","H","41","Besloten vennootschap met gewone structuur","71202","Keuring/controle mach./app./materialen","","","","","N","N",20000901,20000901,20070903,20000901,20111015,0,0,"",2021,20220422
"Alblasserdam","H","41","Besloten vennootschap met gewone structuur","70221","Organisatie-adviesbureaus","","","","","N","N",20050527,20050527,20000905,20000912,0,0,20050527,"",2020,20210721
"Rotterdam","H","41","Besloten vennootschap met gewone structuur","6420","Financiële holdings","","","","","N","N",20000825,20000825,20000905,20000825,0,0,0,"",2021,20220331
"Voorburg","H","41","Besloten vennootschap met gewone structuur","7311","Reclamebureaus","5814","Uitgeverijen van tijdschriften","","","N","N",20001130,20001130,20051021,20000701,20171030,0,20001130,"",2020,20211109
"Hardinxveld-Giessendam","H","11","Vennootschap onder firma","01411","Houden van melkvee","","","","","","",20000802,0,20000905,20000801,0,0,20000802,"",0,0
"Bergschenhoek","H","01","Eenmanszaak","7112","Ingenieurs/overig techn. ontwerp/advies","70221","Organisatie-adviesbureaus","","","N","N",0,0,20071222,20000904,0,0,0,"",0,0
"Oud-Beijerland","H","01","Eenmanszaak","4334","Schilderen en glaszetten","4333","Afwerking van vloeren en wanden","","","N","N",0,0,20000905,20000912,20170725,0,0,"",0,0
"'s-Gravenhage","H","41","Besloten vennootschap met gewone structuur","6420","Financiële holdings","","","","","N","N",20000830,20000830,20000904,20000830,20190523,0,0,"",2020,20211126
"Leidschendam","H","41","Besloten vennootschap met gewone structuur","70221","Organisatie-adviesbureaus","","","","","N","N",20040827,20040827,20000825,20000901,0,0,20040827,"",2021,20220509
"'s-Gravenhage","H","01","Eenmanszaak","43221","Loodg.- en fitterswerk; inst. sanitair","88992","Maatschappelijk werk","4941","Goederenvervoer over weg (geen verhuiz.)","N","N",0,0,20000830,20000901,0,0,0,"",0,0
"Poeldijk","H","41","Besloten vennootschap met gewone structuur","4941","Goederenvervoer over weg (geen verhuiz.)","","","","","N","N",20050601,20050601,20000904,20000901,20190329,0,20050601,"",2021,20220607
"Leidschendam","H","41","Besloten vennootschap met gewone structuur","6202","Advisering ohgv informatietechnologie","","","","","N","N",20010815,20010815,20000904,20000901,20200706,0,20010815,"",2020,20220303
"1118 Quezon City NRC Mani","","74","Stichting","9604","Sauna's, solaria, baden e.d.","","","","","","",20000825,20000825,0,0,0,0,0,"",0,0
"Mussel","H","01","Eenmanszaak","85522","Kunstzinnige vorming voor amateurs","","","","","N","N",0,0,20180906,20000901,20180831,0,0,"",0,0
"Leidschendam","H","01","Eenmanszaak","85599","Studiebegeleiding/vorming/onderwijs","82999","Overige zakelijke dienstverlening (rest)","","","N","N",0,0,20000830,20000601,0,0,0,"",0,0
"Delft","H","41","Besloten vennootschap met gewone structuur","86912","Praktijken van fysiotherapeuten","","","","","N","N",20000828,20000828,20000830,20000828,20020124,0,0,"",2020,20211028
"Zoetermeer","","74","Stichting","64301","Beleggingsinstell. in financiële activa","","","","","","",20000427,20000427,0,0,0,0,0,"",0,0
"Rotterdam","H","41","Besloten vennootschap met gewone structuur","6420","Financiële holdings","","","","","N","N",20010319,20010319,20190205,20000701,20200302,0,20010319,"",2013,20160314
"'s-Gravenhage","H","41","Besloten vennootschap met gewone structuur","6420","Financiële holdings","","","","","N","N",20000901,20000901,20000904,20000901,20111115,0,0,"",2020,20220131
"Schipluiden","H","01","Eenmanszaak","70221","Organisatie-adviesbureaus","","","","","N","N",0,0,20000904,20000904,20100101,0,0,"",0,0
"Pijnacker","H","01","Eenmanszaak","72192","Technisch speur- en ontwikkelingswerk","4634","Groothandel in dranken (geen zuivel)","","","","",0,0,20000904,20000501,20080101,0,0,"",0,0
"Naaldwijk","H","01","Eenmanszaak","4120","Algemene burgerlijke en utiliteitsbouw","","","","","N","N",0,0,20000905,20000905,20070316,0,0,"",0,0
"'s-Gravenhage","H","01","Eenmanszaak","69203","Boekhoudkantoren","","","","","","",0,0,20000905,20000701,0,0,0,"",0,0
"'s-Gravenhage","H","41","Besloten vennootschap met gewone structuur","64303","Beleggingsinst. met beperkte toetreding","","","","","N","N",20000912,20000912,20000905,20000901,0,0,20000912,"",2017,20180531
"Deventer","H","41","Besloten vennootschap met gewone structuur","6420","Financiële holdings","","","","","N","N",20000831,20000831,20200813,20000831,20200630,0,0,"",2013,20150130
"Woerden","H","41","Besloten vennootschap met gewone structuur","6810","Handel in eigen onroerend goed","","","","","N","N",20001026,20001026,20201020,20000901,20201020,0,20001026,"",2020,20210628
"Alphen aan den Rijn","H","01","Eenmanszaak","96022","Schoonheidsverzorging/pedi-/manicures","","","","","N","N",0,0,20000905,20000905,20091101,0,0,"",0,0
"Polsbroek","H","41","Besloten vennootschap met gewone structuur","4611","HB landbouwprod., levende dieren e.d.","","","","","","",20000831,20000831,20000904,20000831,0,0,0,"",2021,20220525
"Breukelen","H","41","Besloten vennootschap met gewone structuur","70221","Organisatie-adviesbureaus","","","","","","",20060623,20060623,20000904,20000702,0,0,20060623,"",2020,20220510
"Utrecht","","74","Stichting","72191","Speur-/ontw.werk ohgv landbouw/visserij","","","","","","",20000821,20000821,0,0,0,0,0,"",0,0
"Vreeland","","71","Vereniging met volledige rechtsbevoegdheid","94997","Overige belangenbehartiging (rest)","","","","","","",20000407,0,0,0,0,0,0,"",0,0
"Utrecht","","74","Stichting","8230","Organiseren van congressen en beurzen","","","","","","",20000713,20000713,0,0,0,0,0,"",0,0
"Boelenslaan","H","41","Besloten vennootschap met gewone structuur","6202","Advisering ohgv informatietechnologie","","","","","N","N",20010212,20010212,20060208,20000901,20060207,0,20010212,"",2017,20181214
"Utrecht","H","01","Eenmanszaak","9002","Dienstverlening voor uitvoerende kunst","","","","","","",0,0,20000905,20000905,0,0,0,"",0,0
"Utrecht","","71","Vereniging met volledige rechtsbevoegdheid","94997","Overige belangenbehartiging (rest)","","","","","","",20000809,20000809,0,0,0,0,0,"",0,0
"Vianen","","71","Vereniging met volledige rechtsbevoegdheid","90011","Beoefening van podiumkunst","","","","","","",19920205,0,0,0,0,0,0,"",0,0
"'s-Gravenhage","H","01","Eenmanszaak","9003","Schrijven en overige scheppende kunst","","","","","N","N",0,0,20160802,20000601,20160720,0,0,"",0,0
"Huizen","H","41","Besloten vennootschap met gewone structuur","70102","Holdings (geen financiële)","","","","","","",20001214,20001214,20000905,20000901,20101027,0,20001214,"",2020,20210916
"Hilversum","H","41","Besloten vennootschap met gewone structuur","70102","Holdings (geen financiële)","","","","","","",20000926,20000926,20000905,20000808,20110527,0,20000926,"",2020,20210520
"Amsterdam","H","41","Besloten vennootschap met gewone structuur","6420","Financiële holdings","","","","","","",20001123,20001123,20220407,20000831,20220407,0,20001123,"",2020,20210916
"Schiphol-Rijk","H","41","Besloten vennootschap met gewone structuur","47913","Internethandel boek,tijdschrift,cd,dvd","","","","","","",20001123,20001123,20200407,20000831,20220101,0,20001212,"",2021,0
"Honselersdijk","H","41","Besloten vennootschap met gewone structuur","4611","HB landbouwprod., levende dieren e.d.","","","","","J","J",20010829,20010829,20070222,20000801,20080215,0,20010829,"",2020,20210827
"Amsterdam","H","01","Eenmanszaak","4120","Algemene burgerlijke en utiliteitsbouw","3315","Reparatie en onderhoud van schepen","","","N","N",0,0,20000905,20000801,20040825,0,0,"",0,0
"Leiden","","74","Stichting","94997","Overige belangenbehartiging (rest)","","","","","","",20000828,20000828,0,0,0,0,0,"",0,0
"Westknollendam","","74","Stichting","69209","Overige administratiekantoren","","","","","","",20000831,20000831,0,0,0,0,0,"",0,0
"Heemskerk","","72","Vereniging met beperkte rechtsbevoegdheid","90011","Beoefening van podiumkunst","","","","","","",20000901,20000901,0,0,0,0,0,"",0,0
"Amsterdam","H","01","Eenmanszaak","59111","Prod. films (geen televisiefilms)","7311","Reclamebureaus","","","N","N",0,0,20000905,20000905,20080304,0,0,"",0,0
"Lelystad","H","01","Eenmanszaak","69209","Overige administratiekantoren","4651","GH computers, randapparatuur en software","","","N","N",0,0,20210713,20000901,20210701,0,0,"",0,0
"Uithoorn","H","41","Besloten vennootschap met gewone structuur","8292","Pakken, sorteren e.d. in loon","46696","Groothandel in emballage","","","N","N",20081126,20081126,20000905,19730212,20020101,0,20081126,"",2020,20211126
"Amsterdam","","74","Stichting","91019","Ov. cult. uitleencentra en openb. arch.","","","","","","",20000822,20000822,0,0,0,0,0,"",0,0
"Amsterdam","H","01","Eenmanszaak","6201","Ontwikkelen/produceren/uitgeven software","6202","Advisering ohgv informatietechnologie","6209","Ov. dienstv. act. ohgv informatietechn.","N","N",0,0,20000905,20000905,20150203,0,0,"",0,0
"Krommenie","H","11","Vennootschap onder firma","85592","Bedrijfsopleiding en -training","90011","Beoefening van podiumkunst","","","N","N",20000901,0,20000905,20000901,20141101,0,0,"",0,0
"Nieuw-Vennep","H","41","Besloten vennootschap met gewone structuur","29201","Carrosseriebouw","45204","Carrosserieherstel","45191","Import van nieuwe bedrijfsauto's","J","J",20000831,20000831,20000905,20000831,0,0,0,"",2020,20210713
"Amsterdam","H","01","Eenmanszaak","7810","Arbeidsbemiddeling","","","","","N","N",0,0,20000905,20000710,20190501,0,20020101,"",0,0
"Amsterdam-Duivendrecht","H","11","Vennootschap onder firma","46901","Niet-gespec. GH in consumentenartikelen","47789","Winkels gespec. in overige art. (rest)","","","J","J",20060101,0,20000905,20000907,20210507,0,20060101,"",0,0
"'s-Hertogenbosch","H","41","Besloten vennootschap met gewone structuur","6420","Financiële holdings","","","","","N","N",20000823,20000823,20200915,20000823,20200914,0,0,"",2020,20220209
"Beverwijk","H","61","Coöperatie","5629","Kantines en contractcatering","","","","","N","N",20000905,20000905,20000905,20000905,20050701,0,0,"",2020,20220414
"Amsterdam","H","01","Eenmanszaak","1071","Verv. brood en vers banketbakkerswerk","","","","","N","N",0,0,20000905,20000905,0,0,0,"",0,0
"Alkmaar","H","41","Besloten vennootschap met gewone structuur","45112","Handel/rep. personen-/lichte bedr.auto's","77112","Operat. lease pers.-/lichte bedr.auto's","77111","Verh. personen-/lichte bedrijfsauto's","N","N",20000830,20000830,20000905,20000830,20120915,0,0,"",2018,20190605
"Alkmaar","H","41","Besloten vennootschap met gewone structuur","4110","Projectontwikkeling","","","","","","",20000830,20000830,20000905,20000830,20130301,0,0,"",2020,20211216
"Hippolytushoef","H","41","Besloten vennootschap met gewone structuur","6420","Financiële holdings","","","","","N","N",20000831,20000831,20000905,20000831,20080819,0,0,"",2020,20210429
"Hoornsterzwaag","H","01","Eenmanszaak","45205","Overige gespec. reparatie/slepen auto's","5530","Kampeerterreinen","","","N","N",0,0,20181123,20000905,20181028,0,0,"",0,0
"Nijmegen","H","01","Eenmanszaak","70221","Organisatie-adviesbureaus","","","","","","",0,0,20050208,20000905,20050208,0,0,"",0,0
"Appelscha","H","11","Vennootschap onder firma","46742","Groothandel in verwarmingsapparaten","43222","Inst. verwarmings-/luchtbehandelingsapp.","47919","Internethandel alg.assortiment non-food","J","J",20000905,0,20220221,20000905,20220221,0,0,"",0,0
"Heerhugowaard","H","01","Eenmanszaak","7112","Ingenieurs/overig techn. ontwerp/advies","85592","Bedrijfsopleiding en -training","","","N","N",0,0,20000905,20000905,20080401,0,0,"",0,0
"Zeewolde","H","41","Besloten vennootschap met gewone structuur","6420","Financiële holdings","","","","","","",20000831,20000831,20000904,20000831,20120101,0,0,"",2020,20220530
"Almere","","74","Stichting","93299","Ov. recreatie (rest)(geen jachthavens)","","","","","","",20000904,20000904,0,0,0,0,0,"",0,0
"Amsterdam","","71","Vereniging met volledige rechtsbevoegdheid","6190","Overige telecommunicatie","","","","","","",20000905,0,0,0,0,0,0,"",0,0
"Lelystad","H","01","Eenmanszaak","7021","Adviesbureaus publ. relations en comm.","","","","","N","N",0,0,20000905,20000905,20130422,0,0,"",0,0
"Woudsend","","72","Vereniging met beperkte rechtsbevoegdheid","64303","Beleggingsinst. met beperkte toetreding","","","","","","",19970821,0,0,0,0,0,0,"",0,0
"Nij Beets","H","01","Eenmanszaak","4120","Algemene burgerlijke en utiliteitsbouw","4332","Bouwtimmeren","","","","",0,0,20000906,20000911,20101022,0,0,"",0,0
"Groningen","H","01","Eenmanszaak","7311","Reclamebureaus","","","","","N","N",0,0,20000906,20000905,20010324,0,0,"",0,0
"Oude Pekela","H","41","Besloten vennootschap met gewone structuur","6420","Financiële holdings","","","","","N","N",20001212,20001212,20000906,20000901,20190201,0,20001212,"F",2011,20130129
"Heerenveen","H","41","Besloten vennootschap met gewone structuur","4666","GH kantoormachines (geen computers)","","","","","J","J",20001212,20001212,20000906,20000901,20130801,0,20001212,"F",2011,20130110
"Westeremden","H","74","Stichting","88999","Overig maatsch.adv./gemeenschapshuizen","","","","","N","N",20000831,20000831,20110624,20030101,0,0,0,"",0,0
"Groningen","H","01","Eenmanszaak","86923","Preventieve gezondh.zorg (geen arbobeg.)","","","","","N","N",0,0,20000906,20000807,20081001,0,0,"",0,0
"Musselkanaal","H","01","Eenmanszaak","88992","Maatschappelijk werk","","","","","N","N",0,0,20000906,20000906,20150401,0,0,"",0,0
"Steenwijk","H","01","Eenmanszaak","4120","Algemene burgerlijke en utiliteitsbouw","","","","","","",0,0,20070312,20000901,20060901,0,0,"",0,0
"Zwartemeer","H","01","Eenmanszaak","96022","Schoonheidsverzorging/pedi-/manicures","","","","","","",0,0,20000906,20000906,20180101,0,0,"",0,0
"Haaksbergen","H","41","Besloten vennootschap met gewone structuur","6420","Financiële holdings","","","","","N","N",20000904,20000904,20000905,20000904,20120901,0,0,"",2020,20211004
"Hengelo","H","11","Vennootschap onder firma","4120","Algemene burgerlijke en utiliteitsbouw","","","","","N","N",20000904,0,20000905,20000904,0,0,0,"",0,0
"Almelo","H","01","Eenmanszaak","7112","Ingenieurs/overig techn. ontwerp/advies","2511","Verv. metalen constr.werken/delen ervan","","","N","N",0,0,20000905,20000101,20090601,0,0,"",0,0
"Bornerbroek","H","01","Eenmanszaak","70221","Organisatie-adviesbureaus","78201","Uitzendbureaus","","","N","N",0,0,20000905,19991201,20030101,0,0,"",0,0
"Enschede","H","41","Besloten vennootschap met gewone structuur","4665","Groothandel in bedrijfsmeubels","","","","","N","N",20010719,20010719,20000905,20000905,20111001,0,20010719,"",2021,20220412
"Enter","","71","Vereniging met volledige rechtsbevoegdheid","94991","Gezelligheidsverenigingen","","","","","","",20000829,20000829,0,0,0,0,0,"",0,0
"Borne","H","41","Besloten vennootschap met gewone structuur","6420","Financiële holdings","","","","","N","N",20000831,20000831,20000906,20000831,20160929,0,0,"",2020,20211124
"Zutphen","H","01","Eenmanszaak","70221","Organisatie-adviesbureaus","","","","","N","N",0,0,20000906,20000901,20050321,0,0,"",0,0
"Hengelo","H","01","Eenmanszaak","85592","Bedrijfsopleiding en -training","","","","","N","N",0,0,20000906,20000101,0,0,0,"",0,0
"Keijenborg","","74","Stichting","69209","Overige administratiekantoren","","","","","","",20000830,20000830,20080117,0,0,0,0,"",0,0
"Nijmegen","H","41","Besloten vennootschap met gewone structuur","6420","Financiële holdings","","","","","","",20001220,20001220,20000906,20000901,20091204,0,20001220,"",2017,20190124
"Nijmegen","H","41","Besloten vennootschap met gewone structuur","70221","Organisatie-adviesbureaus","","","","","","",20001220,20001220,20000906,20000901,20071201,0,20001220,"",2017,20190124
"Nijmegen","N","41","Besloten vennootschap met gewone structuur","4775","Winkels in parfums en cosmetica","","","","","","",19260702,19260702,20000906,20000906,0,0,0,"",2019,0
"Geldermalsen","","74","Stichting","6420","Financiële holdings","","","","","","",20000905,20000905,0,0,0,0,0,"",0,0
"Horssen","H","01","Eenmanszaak","2599","Verv. overige producten van metaal","","","","","N","N",0,0,20170626,20000914,20170619,0,0,"",0,0
"Sevenum","H","11","Vennootschap onder firma","1052","Vervaardiging van consumptie-ijs","","","","","N","N",20000301,0,20000906,20000301,0,0,0,"",0,0
"Ospel","H","01","Eenmanszaak","4332","Bouwtimmeren","16239","Verv. overig timmerwerk voor de bouw","","","N","N",0,0,20000906,20000901,20190401,0,0,"",0,0
"Andijk","H","01","Eenmanszaak","47916","Internethandel in vrijetijdsartikelen","4765","Winkels in speelgoed","","","N","N",0,0,20191118,20000701,20191104,0,20030101,"",0,0
"Vlijtingen 3770","","74","Stichting","9002","Dienstverlening voor uitvoerende kunst","","","","","","",20000706,20000706,0,0,0,0,0,"",0,0
"Elsloo","H","41","Besloten vennootschap met gewone structuur","70102","Holdings (geen financiële)","","","","","N","N",20000830,20000830,20000906,20000830,0,0,0,"",2020,20210804
"Nuth","","72","Vereniging met beperkte rechtsbevoegdheid","9492","Politieke organisaties","","","","","","",19780801,0,0,0,0,0,0,"",0,0
"Landgraaf","H","41","Besloten vennootschap met gewone structuur","4773","Apotheken","","","","","N","N",20000829,20000829,20000906,20000829,20130604,0,0,"",2020,20220304
"Susteren","H","01","Eenmanszaak","43993","Metselen en voegen","","","","","N","N",0,0,20000906,20000801,20040301,0,0,"",0,0
"Heerlen","H","41","Besloten vennootschap met gewone structuur","45205","Overige gespec. reparatie/slepen auto's","","","","","N","N",20000829,20000829,20000906,20000829,0,0,0,"",2020,20211104
"Lierop","","74","Stichting","66191","Admin.kantoren voor aandelen/obligaties","","","","","","",20000829,20000829,0,0,0,0,0,"",0,0
"Eindhoven","H","41","Besloten vennootschap met gewone structuur","66191","Admin.kantoren voor aandelen/obligaties","","","","","","",20000830,20000830,20000904,20000830,0,0,0,"",2019,20201029
"Oosterhout","H","01","Eenmanszaak","4332","Bouwtimmeren","","","","","","",0,0,20191204,20000904,20191203,0,0,"",0,0
"Eindhoven","H","41","Besloten vennootschap met gewone structuur","6810","Handel in eigen onroerend goed","6420","Financiële holdings","6832","Beheer van onroerend goed","","",20000825,20000825,20000904,20000825,20051201,0,0,"",2021,20220615
"Aarle-Rixtel","H","41","Besloten vennootschap met gewone structuur","6420","Financiële holdings","","","","","","",20000822,20000822,20000904,20000822,20030223,0,0,"",2020,20220107
"Vlijmen","","74","Stichting","69203","Boekhoudkantoren","","","","","","",20000828,20000828,0,0,0,0,0,"",0,0
"Geldrop","H","11","Vennootschap onder firma","47782","Winkels in optische artikelen","","","","","","",20000901,0,20000906,20000901,0,0,0,"",0,0
"Eindhoven","H","41","Besloten vennootschap met gewone structuur","4941","Goederenvervoer over weg (geen verhuiz.)","","","","","","",20090331,20090331,20000906,20000901,0,0,20090331,"",2020,20211123
"Eindhoven","H","01","Eenmanszaak","4331","Stukadoren","4120","Algemene burgerlijke en utiliteitsbouw","","","","",0,0,20000906,20000906,0,0,0,"",0,0
"Werkendam","H","11","Vennootschap onder firma","50401","Binnenvaart (vrachtvaart)","","","","","","",20000901,0,20000906,20000901,0,0,0,"",0,0
"Rijen","H","41","Besloten vennootschap met gewone structuur","70102","Holdings (geen financiële)","","","","","","",20000905,20000905,20000906,20000905,0,0,0,"",2020,20211028
"Rijen","","74","Stichting","88999","Overig maatsch.adv./gemeenschapshuizen","","","","","","",20000828,20000828,0,0,0,0,0,"",0,0
"Diepenheim","H","41","Besloten vennootschap met gewone structuur","6399","Ov. dienstv. activ. opgv informatie","","","","","N","N",20060328,20060328,20200826,20000906,20200101,0,20060328,"",2021,20220614
"Rotterdam","H","41","Besloten vennootschap met gewone structuur","69201","Registeraccountants","69202","Accountants-administratieconsulenten","69204","Belastingconsulenten","N","N",20060329,20060329,20190219,20000906,20190215,0,20060329,"",2021,20220223
"Rucphen","H","01","Eenmanszaak","71112","Interieurarchitecten","","","","","","",0,0,20000906,20000906,0,0,0,"",0,0
"Glimmen","H","41","Besloten vennootschap met gewone structuur","6420","Financiële holdings","","","","","N","N",20000830,20000830,20050722,20000830,20140115,0,0,"",2020,20220222
"Arnemuiden","H","01","Eenmanszaak","4312","Grondverzet","4311","Slopen van bouwwerken","","","N","N",0,0,20000906,20000911,0,0,0,"",0,0
"Hardinxveld-Giessendam","H","01","Eenmanszaak","4753","Winkels in vloerbedekking en gordijnen","4333","Afwerking van vloeren en wanden","","","N","N",0,0,20000906,18961128,20011115,0,19970101,"",0,0
"2000 Antwerpen","H","41","Besloten vennootschap met gewone structuur","6420","Financiële holdings","","","","","N","N",20000927,20000927,20210301,20000814,20210301,0,20000927,"",2014,20170104
"Reeuwijk","H","41","Besloten vennootschap met gewone structuur","6420","Financiële holdings","","","","","N","N",20000831,20000831,20000906,20000831,0,0,0,"",2020,20211222
"Capelle aan den IJssel","H","01","Eenmanszaak","4932","Vervoer per taxi","","","","","N","N",0,0,20000906,20000906,0,0,0,"",0,0
"Ridderkerk","H","41","Besloten vennootschap met gewone structuur","2829","Verv. ov. machines/apparaten alg.gebruik","","","","","N","N",20001009,20001009,20000906,20000901,20000901,0,20001009,"",2019,20201124
"Rotterdam","H","41","Besloten vennootschap met gewone structuur","6420","Financiële holdings","6831","Bemidd. bij handel/huur/verhuur onr.goed","78202","Uitleenbureaus","N","N",20001003,20001003,20000906,20000818,20130418,0,20001003,"",2021,20220525
"Stolwijk","H","01","Eenmanszaak","96022","Schoonheidsverzorging/pedi-/manicures","","","","","","",0,0,20000906,20000901,20200602,0,0,"",0,0
"Gorinchem","","74","Stichting","70221","Organisatie-adviesbureaus","","","","","","",20000904,20000904,0,0,0,0,0,"",0,0
"Rotterdam","H","01","Eenmanszaak","4615","HB in meubels, huish. art. en ijzerwaren","47762","Tuincentra","47915","Internethandel huis- en tuinartikelen","N","N",0,0,20000906,20000906,0,0,0,"",0,0
"Gouda","N","01","Eenmanszaak","90011","Beoefening van podiumkunst","85521","Dansscholen","85599","Studiebegeleiding/vorming/onderwijs","","",0,0,20000906,20000906,20011001,0,0,"",0,0
"Rotterdam","H","01","Eenmanszaak","74101","Communicatie- en grafisch ontwerp","","","","","N","N",0,0,20000906,20000906,20090101,0,0,"",0,0
"Hoogvliet Rotterdam","","74","Stichting","88993","Lokaal welzijnswerk","","","","","","",20000905,20000905,0,0,0,0,0,"",0,0
"Driebruggen","H","41","Besloten vennootschap met gewone structuur","6420","Financiële holdings","","","","","N","N",20001228,20001228,20190312,20000831,20180301,0,20001228,"",2018,20191223
"Rotterdam","H","41","Besloten vennootschap met gewone structuur","52291","Expediteurs/cargadoors/bevrachters e.d.","","","","","N","N",20000830,20000830,20000609,20000830,0,0,0,"",2020,20211028
"Voorburg","H","01","Eenmanszaak","7430","Vertalers en tolken","","","","","N","N",0,0,20000831,20000901,20100710,0,0,"",0,0
"'s-Gravenhage","","74","Stichting","86923","Preventieve gezondh.zorg (geen arbobeg.)","","","","","","",20000518,20000518,0,0,0,0,0,"",0,0
"Delft","H","41","Besloten vennootschap met gewone structuur","70102","Holdings (geen financiële)","","","","","N","N",20000830,20000830,20000904,20000830,0,0,0,"",2021,20220329
"'s-Gravenhage","H","41","Besloten vennootschap met gewone structuur","7112","Ingenieurs/overig techn. ontwerp/advies","","","","","N","N",20000829,20000829,20000904,20000829,20160606,0,0,"",2021,20220512
"'s-Gravenhage","H","41","Besloten vennootschap met gewone structuur","68204","Verh. onroerend goed (niet v woonruimte)","7021","Adviesbureaus publ. relations en comm.","","","N","N",20000810,20000810,20220224,20220218,0,0,0,"",0,0
"'s-Gravenhage","H","21","Commanditaire vennootschap","7112","Ingenieurs/overig techn. ontwerp/advies","","","","","N","N",20000829,0,20000904,20000829,20160606,0,0,"",0,0
"'s-Gravenhage","H","41","Besloten vennootschap met gewone structuur","6810","Handel in eigen onroerend goed","46429","GH textielwaren algemeen assortiment","","","J","J",20001003,20001003,20000831,20000823,0,0,20001003,"",2019,20200914
"Kwintsheul","H","41","Besloten vennootschap met gewone structuur","6420","Financiële holdings","","","","","N","N",20000906,20000906,20000906,20000906,20160731,0,0,"",2013,20151021
"Monster","H","01","Eenmanszaak","6622","Assurantietussenpersonen","","","","","N","N",0,0,20000906,20000906,20120328,0,20070219,"",0,0
"'s-Gravenhage","H","01","Eenmanszaak","4334","Schilderen en glaszetten","","","","","N","N",0,0,20000906,20000908,20050101,0,0,"",0,0
"'s-Gravenhage","H","01","Eenmanszaak","7311","Reclamebureaus","","","","","N","N",0,0,20000906,19990101,20070404,0,0,"",0,0
"'s-Gravenhage","H","41","Besloten vennootschap met gewone structuur","70221","Organisatie-adviesbureaus","","","","","N","N",20000830,20000830,20160909,20000830,20180901,0,0,"",2020,20220315
"Rotterdam","H","41","Besloten vennootschap met gewone structuur","6420","Financiële holdings","","","","","N","N",20001214,20001214,20021210,20000901,20021201,0,20001214,"",2020,20211108
"Montfoort","H","41","Besloten vennootschap met gewone structuur","70102","Holdings (geen financiële)","","","","","N","N",20001214,20001214,20071115,20000601,20090212,0,20001214,"",2020,20211108
"Lisse","H","41","Besloten vennootschap met gewone structuur","01301","Teelt van bloembollen","","","","","N","N",20010116,20010116,20010118,19580101,0,0,20010116,"",2020,20220428
"Ter Aar","H","01","Eenmanszaak","43993","Metselen en voegen","","","","","N","N",0,0,20000906,20000901,0,0,0,"",0,0
"Bodegraven","H","11","Vennootschap onder firma","56102","Fastfoodrest, cafet, ijssal, eetkr e.d.","","","","","N","N",20060715,0,20060717,19890408,0,0,20060715,"",0,0
"Katwijk","","71","Vereniging met volledige rechtsbevoegdheid","93152","Roei-, kano-, zeil- en surfsport e.d.","","","","","","",20000831,20000831,0,0,0,0,0,"",0,0
"Woerden","","71","Vereniging met volledige rechtsbevoegdheid","9492","Politieke organisaties","","","","","","",20000904,20000904,0,0,0,0,0,"",0,0
"'s-Heerenberg","H","41","Besloten vennootschap met gewone structuur","6420","Financiële holdings","","","","","","",20000901,20000901,20150602,20000901,20150505,0,0,"",2019,20210402
"Utrecht","","74","Stichting","94997","Overige belangenbehartiging (rest)","","","","","","",20000824,20000824,0,0,0,0,0,"",0,0
"Utrecht","H","01","Eenmanszaak","86923","Preventieve gezondh.zorg (geen arbobeg.)","86221","Praktijken medisch spec./med. dagbehand.","","","","",0,0,20000906,20000906,20150101,0,0,"",0,0
"Vleuten","H","01","Eenmanszaak","7112","Ingenieurs/overig techn. ontwerp/advies","","","","","","",0,0,20000906,20000906,20040915,0,0,"",0,0
"Almere","H","11","Vennootschap onder firma","6622","Assurantietussenpersonen","","","","","N","N",20000701,0,20021001,20000701,20021001,0,0,"",0,0
"Apeldoorn","H","41","Besloten vennootschap met gewone structuur","70102","Holdings (geen financiële)","","","","","","",20000830,20000830,20191111,20000830,20191108,0,0,"",2021,20220421
"Hilversum","H","41","Besloten vennootschap met gewone structuur","70102","Holdings (geen financiële)","","","","","","",20000830,20000830,20000906,20000830,0,0,0,"",2020,20211223
"Apeldoorn","H","41","Besloten vennootschap met gewone structuur","46741","Groothandel in ijzer- en metaalwaren","","","","","","",20050412,20050412,20120928,20000901,20150601,0,20050412,"",2021,20220422
"Woudenberg","H","01","Eenmanszaak","43993","Metselen en voegen","78202","Uitleenbureaus","","","","",0,0,20000906,20000901,0,0,0,"",0,0
"Arnhem","H","41","Besloten vennootschap met gewone structuur","55101","Hotel-restaurants","","","","","","",20000822,20000822,20010410,20000822,20010401,0,0,"",2021,0
"Woudenberg","H","01","Eenmanszaak","47762","Tuincentra","46499","GH ov. consumentenart. (non-food) (rest)","47915","Internethandel huis- en tuinartikelen","J","J",0,0,20000906,20000906,0,0,0,"",0,0
"Hilversum","H","41","Besloten vennootschap met gewone structuur","69203","Boekhoudkantoren","","","","","","",20001006,20001006,20000906,20000701,20011105,0,20001006,"",2021,20220225
"Hollandsche Rading","H","41","Besloten vennootschap met gewone structuur","64303","Beleggingsinst. met beperkte toetreding","86232","Praktijken tandheelkundig specialisten","","","","",20000823,20000823,20200513,20000823,20200513,0,0,"",2020,20211223
"Rotterdam","N","41","Besloten vennootschap met gewone structuur","70221","Organisatie-adviesbureaus","78202","Uitleenbureaus","","","N","N",20000713,20000713,20000906,20000901,20180101,0,0,"",2020,20220414
"Oostzaan","H","41","Besloten vennootschap met gewone structuur","6420","Financiële holdings","","","","","N","N",20030401,20030401,20000906,20000901,20120401,0,20030401,"",2020,20210830
"Zoetermeer","H","41","Besloten vennootschap met gewone structuur","46699","GH ov.mach./app./toeb. ind./handel","4652","GH elektronische/telecommunicatieapp.","72192","Technisch speur- en ontwikkelingswerk","J","J",20000817,20000817,20191202,20000817,20191202,0,0,"",2021,0
"Lijnden","H","41","Besloten vennootschap met gewone structuur","6420","Financiële holdings","","","","","N","N",20000823,20000823,20000906,20000823,20220301,0,0,"",2020,20220112
"Amsterdam","H","41","Besloten vennootschap met gewone structuur","6420","Financiële holdings","","","","","N","N",20000823,20000823,20000906,20000823,0,0,0,"",2020,20211103
"Amsterdam","","74","Stichting","94991","Gezelligheidsverenigingen","","","","","","",20000830,20000830,0,0,0,0,0,"",0,0
"Maastricht","H","41","Besloten vennootschap met gewone structuur","6420","Financiële holdings","","","","","N","N",20000830,20000830,20210609,20000830,20210609,0,0,"",2020,20210511
"Amsterdam","H","01","Eenmanszaak","45112","Handel/rep. personen-/lichte bedr.auto's","45203","Reparatie van specifieke auto-onderdelen","","","N","N",0,0,20000906,20000905,20190123,0,0,"",0,0
"Amsterdam","H","01","Eenmanszaak","45202","Bandenservicebedrijven","45112","Handel/rep. personen-/lichte bedr.auto's","","","N","N",0,0,20000906,20000906,20211202,0,0,"",0,0
"Doetinchem","","74","Stichting","94997","Overige belangenbehartiging (rest)","","","","","","",20000905,20000905,0,0,0,0,0,"",0,0
"Amstelveen","H","41","Besloten vennootschap met gewone structuur","70221","Organisatie-adviesbureaus","78202","Uitleenbureaus","","","N","N",20010404,20010404,20000906,20000906,0,0,20010404,"",2020,20220406
"Wijk aan Zee","H","41","Besloten vennootschap met gewone structuur","6420","Financiële holdings","","","","","N","N",20000830,20000830,20000906,20000830,20210501,0,0,"",2017,20181230
"Amsterdam","H","01","Eenmanszaak","1419","Verv. baby-/sportkleding en kledingacc.","","","","","N","N",0,0,20000906,20000101,20100824,0,0,"",0,0
"Amsterdam","H","41","Besloten vennootschap met gewone structuur","6420","Financiële holdings","","","","","N","N",20000906,20000906,20000906,20000906,0,0,0,"",2019,20201230
"Assendelft","H","01","Eenmanszaak","4941","Goederenvervoer over weg (geen verhuiz.)","","","","","N","N",0,0,20000906,20000912,20081015,0,0,"",0,0
"Amstelveen","H","41","Besloten vennootschap met gewone structuur","3514","Handel elektriciteit/gas via leidingen","","","","","J","J",20001127,20001127,20000906,20000801,20041025,0,20001127,"",2020,20211216
"Amsterdam","H","01","Eenmanszaak","59111","Prod. films (geen televisiefilms)","9002","Dienstverlening voor uitvoerende kunst","","","N","N",0,0,20000906,20000701,20030906,0,0,"",0,0
"Schagen","H","11","Vennootschap onder firma","2849","Verv. gereedschapswerkt niet metaalbew.","4662","Groothandel in gereedschapswerktuigen","","","","",20000101,0,20000904,19380000,0,0,20000101,"",0,0
"De Waal","H","11","Vennootschap onder firma","0150","Akker-/tuinbouw icm fokken/houden dieren","47221","Winkels in vlees en vleeswaren","5530","Kampeerterreinen","","",20000101,0,20000905,19841101,0,0,20000101,"",0,0
"Abbekerk","H","01","Eenmanszaak","43221","Loodg.- en fitterswerk; inst. sanitair","43222","Inst. verwarmings-/luchtbehandelingsapp.","","","","",0,0,20000906,20000911,20090209,0,0,"",0,0
"Oostzaan","","74","Stichting","9002","Dienstverlening voor uitvoerende kunst","","","","","","",20000831,20000831,20091214,0,0,0,0,"",0,0
"Alkmaar","H","01","Eenmanszaak","4632","GH vlees(waren)/wild en gev. (niet lev.)","","","","","","",0,0,20000906,20000906,20001008,0,0,"",0,0
"Alkmaar","H","01","Eenmanszaak","96022","Schoonheidsverzorging/pedi-/manicures","","","","","","",0,0,20000906,20000901,20050101,0,0,"",0,0
"Leek","H","41","Besloten vennootschap met gewone structuur","6420","Financiële holdings","","","","","","",20001103,20001103,20001107,20000904,20001103,0,20001103,"",2020,20211206
"Almere","","74","Stichting","94911","Religieuze organisaties","","","","","","",20000904,20000904,0,0,0,0,0,"",0,0
"Urk","H","01","Eenmanszaak","9511","Reparatie van computers/randapparatuur","4120","Algemene burgerlijke en utiliteitsbouw","53202","Koeriers","N","N",0,0,20000906,20000911,20080101,0,20030101,"",0,0
"Rotterdam","H","01","Eenmanszaak","8130","Landschapsverzorging","","","","","","",0,0,20040726,19970101,20120625,0,0,"",0,0
"Wommels","H","01","Eenmanszaak","4334","Schilderen en glaszetten","","","","","","",0,0,20000906,19880401,20050528,0,20000906,"",0,0
"Leeuwarden","H","01","Eenmanszaak","72193","Speur-/ontw.werk ohgv gezondh./voeding","","","","","N","N",0,0,20000907,20000901,0,0,0,"",0,0
"Heeg","","71","Vereniging met volledige rechtsbevoegdheid","94996","Overige ideële organisaties (rest)","","","","","","",19640326,0,0,0,0,0,0,"",0,0
"Grou","H","01","Eenmanszaak","56101","Restaurants","56102","Fastfoodrest, cafet, ijssal, eetkr e.d.","","","N","N",0,0,20000907,19890619,20200930,0,20090714,"",0,0
"Augustinusga","H","11","Vennootschap onder firma","45112","Handel/rep. personen-/lichte bedr.auto's","47916","Internethandel in vrijetijdsartikelen","47641","Winkels in fietsen en bromfietsen","N","N",20030701,0,20000907,20000904,20040315,0,20030701,"",0,0
"Leeuwarden","H","41","Besloten vennootschap met gewone structuur","47782","Winkels in optische artikelen","","","","","","",20001129,20001129,20000907,20000907,20170713,0,20001129,"",2021,20210830
"Groningen","","71","Vereniging met volledige rechtsbevoegdheid","94997","Overige belangenbehartiging (rest)","","","","","","",20000906,20000906,0,0,0,0,0,"",0,0
"Groningen","H","41","Besloten vennootschap met gewone structuur","66193","Hypotheek-/kredietbem./bankagentschappen","6622","Assurantietussenpersonen","","","N","N",20000831,20000831,20000907,19920102,0,0,20000831,"",2020,20210830
"Groningen","H","41","Besloten vennootschap met gewone structuur","5814","Uitgeverijen van tijdschriften","","","","","N","N",20001024,20001024,20031114,20000901,20200115,0,20001024,"",2020,20211026
"Amsterdam","H","41","Besloten vennootschap met gewone structuur","70102","Holdings (geen financiële)","6312","Webportals","","","","",20000831,20000831,20200223,20000831,20201101,0,0,"",2020,20211123
"Genemuiden","H","41","Besloten vennootschap met gewone structuur","6420","Financiële holdings","","","","","","",20000831,20000831,20000901,20000831,20110321,0,0,"",2021,20220523
"Zwolle","H","41","Besloten vennootschap met gewone structuur","6420","Financiële holdings","","","","","","",20000831,20000831,20000901,20000831,20061201,0,0,"",2021,20220323
"Steenwijk","H","01","Eenmanszaak","4120","Algemene burgerlijke en utiliteitsbouw","","","","","","",0,0,20000906,20000828,0,0,0,"",0,0
"Utrecht","","74","Stichting","90011","Beoefening van podiumkunst","","","","","","",20000811,0,20140714,0,0,0,0,"",0,0
"Steenwijk","","72","Vereniging met beperkte rechtsbevoegdheid","94997","Overige belangenbehartiging (rest)","","","","","","",20000905,20000905,0,0,0,0,0,"",0,0
"Genemuiden","H","41","Besloten vennootschap met gewone structuur","1393","Vervaardiging van vloerkleden en tapijt","46472","GH woningtextiel en vloerbedekking","","","","",20000721,20000721,20000724,20000721,20110321,0,0,"",2021,20220523
"Zwolle","H","11","Vennootschap onder firma","4941","Goederenvervoer over weg (geen verhuiz.)","","","","","","",20000907,0,20000907,20000907,0,0,0,"",0,0
"Zwolle","H","41","Besloten vennootschap met gewone structuur","70221","Organisatie-adviesbureaus","69201","Registeraccountants","78202","Uitleenbureaus","","",20001124,20001124,20000907,20000907,0,0,20001124,"",2019,20210409
"Enschede","","41","Besloten vennootschap met gewone structuur","","","","","","","","",19761222,19761222,0,0,0,0,0,"",2021,20220430
"Amsterdam-Duivendrecht","N","41","Besloten vennootschap met gewone structuur","1013","Vleesverwerking (niet tot maaltijden)","4632","GH vlees(waren)/wild en gev. (niet lev.)","","","N","N",19851230,19851230,20000905,19950901,20140101,0,0,"",2020,0
"Zutphen","H","01","Eenmanszaak","3315","Reparatie en onderhoud van schepen","","","","","N","N",0,0,20000905,20000901,20120801,0,0,"",0,0
"Delden","H","41","Besloten vennootschap met gewone structuur","46231","Groothandel in levend vee","","","","","N","N",20010221,20010221,20000905,20000824,20140301,0,20010221,"",2021,0
"Rijssen","H","41","Besloten vennootschap met gewone structuur","45204","Carrosserieherstel","45203","Reparatie van specifieke auto-onderdelen","","","N","N",20000906,20000906,20000907,20000906,0,0,0,"",2021,20220321
"Hengelo","H","01","Eenmanszaak","70221","Organisatie-adviesbureaus","","","","","N","N",0,0,20000907,20000901,20120821,0,0,"",0,0
"Losser","H","11","Vennootschap onder firma","4391","Dakdekken en bouwen van dakconstructies","","","","","N","N",20070101,0,20000907,20000907,20060304,0,20070101,"",0,0
"Hengevelde","H","01","Eenmanszaak","4332","Bouwtimmeren","4221","Leggen van rioleringen/buizen/pijpen ed","","","N","N",0,0,20000907,20000906,0,0,0,"",0,0
"Neede","H","41","Besloten vennootschap met gewone structuur","6420","Financiële holdings","","","","","N","N",20001005,20001005,20071222,20000818,0,0,20001005,"",2020,20211118
"Elburg","","71","Vereniging met volledige rechtsbevoegdheid","94997","Overige belangenbehartiging (rest)","","","","","","",19920801,20000904,0,0,0,0,0,"",0,0
"Enschede","H","41","Besloten vennootschap met gewone structuur","52109","Opslag in distr.centra en overige opslag","","","","","N","N",20001020,20001020,20000907,20000901,20010601,0,20001020,"",2021,20220328
"Markelo","","71","Vereniging met volledige rechtsbevoegdheid","9492","Politieke organisaties","","","","","","",20000905,20000905,0,0,0,0,0,"",0,0
"Dalfsen","H","41","Besloten vennootschap met gewone structuur","70102","Holdings (geen financiële)","64303","Beleggingsinst. met beperkte toetreding","","","N","N",20000926,20000926,20000907,20000825,20170801,0,20000926,"",2020,20210708
"Zevenhuizen","H","41","Besloten vennootschap met gewone structuur","6420","Financiële holdings","","","","","N","N",20000829,20000829,20200128,20000829,20200121,0,0,"",2020,20210722
"Utrecht","","74","Stichting","94993","Steunfondsen (niet ohgv welzijnszorg)","","","","","","",20000904,20000904,0,0,0,0,0,"",0,0
"Arnhem","H","41","Besloten vennootschap met gewone structuur","18123","Drukkerijen van reclame","","","","","","",20000920,20000920,20000906,20000901,20010901,0,20000920,"",2020,20220508
"Elst","H","01","Eenmanszaak","7112","Ingenieurs/overig techn. ontwerp/advies","6202","Advisering ohgv informatietechnologie","","","","",0,0,20000907,20000817,20200218,0,0,"",0,0
"Andelst","H","01","Eenmanszaak","70221","Organisatie-adviesbureaus","85322","Volwassenen onderwijs","4120","Algemene burgerlijke en utiliteitsbouw","","",0,0,20000907,20000913,20180101,0,0,"",0,0
"'s-Heerenberg","","72","Vereniging met beperkte rechtsbevoegdheid","94992","Hobbyclubs","","","","","","",19970401,19970401,0,0,0,0,0,"",0,0
"Arnhem","","74","Stichting","6420","Financiële holdings","","","","","","",20000831,20000831,0,0,0,0,0,"",0,0
"Doorwerth","H","01","Eenmanszaak","86919","Overige paramedische praktijken","","","","","","",0,0,20000907,20000901,0,0,0,"",0,0
"Duiven","H","41","Besloten vennootschap met gewone structuur","6201","Ontwikkelen/produceren/uitgeven software","","","","","","",20001102,20001102,20000907,20000905,20150727,0,20001102,"",2019,20200614
"Nijmegen","","74","Stichting","93122","Veldsport in teamverband (geen voetbal)","","","","","","",20000905,20000905,0,0,0,0,0,"",0,0
"Nijmegen","H","41","Besloten vennootschap met gewone structuur","47782","Winkels in optische artikelen","","","","","N","N",20001102,20001102,20000907,20000907,0,0,20001102,"",2021,20210804
"Ede","H","41","Besloten vennootschap met gewone structuur","71203","Overige keuring en controle","","","","","","",20000906,20000906,20000907,20000906,20130101,0,0,"",2021,20220503
"Hedel","H","11","Vennootschap onder firma","4120","Algemene burgerlijke en utiliteitsbouw","","","","","N","N",20000901,0,20000907,20000901,0,0,0,"",0,0
"Roermond","N","41","Besloten vennootschap met gewone structuur","47431","Winkels in audio- en videoapparatuur","","","","","","",20000328,20000328,20000907,20000901,0,0,0,"",2020,20210623
"Roermond","H","01","Eenmanszaak","56101","Restaurants","","","","","N","N",0,0,20000907,20000901,0,0,20030401,"",0,0
"Reuver","H","11","Vennootschap onder firma","2561","Oppervlaktebeh. en bekleding van metaal","","","","","N","N",20070101,0,20000907,20000911,0,0,20070101,"",0,0
"Leunen","H","01","Eenmanszaak","96021","Haarverzorging","","","","","N","N",0,0,20000907,20000901,20210101,0,0,"",0,0
"Maastricht","","71","Vereniging met volledige rechtsbevoegdheid","93129","Overige buitensport","","","","","","",19820907,20000728,0,0,0,0,0,"",0,0
"Maastricht","","71","Vereniging met volledige rechtsbevoegdheid","94997","Overige belangenbehartiging (rest)","","","","","","",20000904,20000904,0,0,0,0,0,"",0,0
"Meerssen","H","41","Besloten vennootschap met gewone structuur","6420","Financiële holdings","","","","","N","N",20000828,20000828,20000907,20000828,0,0,0,"",2020,20220103
"Meerssen","H","41","Besloten vennootschap met gewone structuur","47762","Tuincentra","","","","","J","N",20000828,20000828,20000907,20000828,20090901,0,0,"",2020,20220103
"Sint Anthonis","","74","Stichting","6420","Financiële holdings","","","","","","",20000829,20000829,0,0,0,0,0,"",0,0
"Drunen","H","01","Eenmanszaak","96021","Haarverzorging","47915","Internethandel huis- en tuinartikelen","47914","Internethandel kleding, mode-artikelen","","",0,0,20000906,20000906,20020915,0,0,"",0,0
"Hapert","H","41","Besloten vennootschap met gewone structuur","7112","Ingenieurs/overig techn. ontwerp/advies","72192","Technisch speur- en ontwikkelingswerk","","","N","N",20000904,20000904,20000906,20000904,20200101,0,0,"",2020,20210923
"Meerssen","H","41","Besloten vennootschap met gewone structuur","7112","Ingenieurs/overig techn. ontwerp/advies","","","","","N","N",20061219,20061219,20020328,20000901,20020301,0,20061219,"",2019,20200525
"Herpen","H","01","Eenmanszaak","4120","Algemene burgerlijke en utiliteitsbouw","","","","","N","N",0,0,20000907,20000907,20170810,0,0,"",0,0
"Heusden","H","41","Besloten vennootschap met gewone structuur","6420","Financiële holdings","","","","","","",20000901,20000901,20000905,20000901,20040501,0,0,"",2020,20211119
"Oss","H","01","Eenmanszaak","46492","Groothandel in watersportartikelen","7911","Reisbemiddeling","","","J","J",0,0,20000907,20000907,20090725,0,0,"",0,0
"De Mortel","H","41","Besloten vennootschap met gewone structuur","68204","Verh. onroerend goed (niet v woonruimte)","","","","","N","N",20000901,20000901,20000905,20000901,20130102,0,0,"",2020,20210722
"Oisterwijk","","74","Stichting","66191","Admin.kantoren voor aandelen/obligaties","","","","","","",20000904,20000904,0,0,0,0,0,"",0,0
"Oisterwijk","H","41","Besloten vennootschap met gewone structuur","46462","GH med./tandheelk.instr./verpl.art. e.d.","","","","","","",20000904,20000904,20000907,20000904,20030630,0,0,"",2020,20210715
"Baarle-Nassau","H","01","Eenmanszaak","0161","Dienstverl. akker- en/of tuinbouw","4120","Algemene burgerlijke en utiliteitsbouw","","","N","N",0,0,20071222,20000907,0,0,0,"",0,0
"Tilburg","H","01","Eenmanszaak","4120","Algemene burgerlijke en utiliteitsbouw","","","","","","",0,0,20000907,20000911,20170401,0,0,"",0,0
"Breda","H","41","Besloten vennootschap met gewone structuur","6420","Financiële holdings","","","","","","",20000822,20000822,20000907,20000822,20000822,0,0,"",2019,20201201
"St. Willebrord","H","41","Besloten vennootschap met gewone structuur","70102","Holdings (geen financiële)","","","","","","",20000907,20000907,20000907,20000907,20210210,0,0,"",2020,20211029
"Etten-Leur","","74","Stichting","94993","Steunfondsen (niet ohgv welzijnszorg)","","","","","","",20000901,20000901,0,0,0,0,0,"",0,0
"Breda","H","01","Eenmanszaak","96022","Schoonheidsverzorging/pedi-/manicures","","","","","","",0,0,20000907,20000907,20170601,0,0,"",0,0
"Goes","","74","Stichting","9002","Dienstverlening voor uitvoerende kunst","","","","","","",20000803,20000803,0,0,0,0,0,"",0,0
"Heerlen","H","41","Besloten vennootschap met gewone structuur","68203","Verhuur van overige woonruimte","6810","Handel in eigen onroerend goed","","","N","N",20000901,20000901,20150820,20000901,20150701,0,0,"",2020,20210721
"Kwadendamme","H","11","Vennootschap onder firma","70221","Organisatie-adviesbureaus","","","","","N","N",20050401,0,20050610,20000901,20080501,0,20050401,"",0,0
"Renesse","H","41","Besloten vennootschap met gewone structuur","5530","Kampeerterreinen","6810","Handel in eigen onroerend goed","","","N","N",20000901,20000901,20000907,19670401,0,0,20000901,"",2020,20210720
"Schiedam","H","41","Besloten vennootschap met gewone structuur","6420","Financiële holdings","","","","","N","N",20000904,20000904,20000907,20000904,20031120,0,0,"",2020,20210701
"Schiedam","H","41","Besloten vennootschap met gewone structuur","70102","Holdings (geen financiële)","","","","","N","N",20001122,20001122,20180917,20000801,20180917,0,20001122,"",2021,20220602
"Capelle aan den IJssel","H","51","Naamloze vennootschap met gewone structuur","4639","GH voedings-/genotmiddelen algemeen ass.","1107","Verv. frisdranken; prod. gebotteld water","","","N","N",20000901,20000901,20000907,20000901,20040101,0,0,"",2020,20210720
"Rhoon","H","41","Besloten vennootschap met gewone structuur","6202","Advisering ohgv informatietechnologie","","","","","N","N",20000825,20000825,20000907,20000825,20070101,0,0,"",2019,20220125
"Spijk","H","41","Besloten vennootschap met gewone structuur","6420","Financiële holdings","","","","","","",20001123,20001123,20120529,20000907,20120101,0,20001123,"",2020,20210630
"Hardinxveld-Giessendam","H","41","Besloten vennootschap met gewone structuur","6420","Financiële holdings","","","","","N","N",20010205,20010205,20000907,20000701,0,0,20010205,"",2020,20211028
"Dordrecht","H","41","Besloten vennootschap met gewone structuur","46693","GH verbrandingsmotoren/pompen/compress.","46471","Groothandel in huismeubilair","46712","GH vloeibare en gasvormige brandstoffen","","",20001123,20001123,20000907,20000907,0,0,20001123,"",2020,20210628
"Rotterdam","H","01","Eenmanszaak","4120","Algemene burgerlijke en utiliteitsbouw","","","","","N","N",0,0,20000907,20000701,20040618,0,20070102,"",0,0
"Capelle aan den IJssel","H","51","Naamloze vennootschap met gewone structuur","6420","Financiële holdings","","","","","N","N",20000901,20000901,20000907,20000901,20040202,0,0,"",2020,20210721
"Rotterdam","","71","Vereniging met volledige rechtsbevoegdheid","8130","Landschapsverzorging","","","","","","",20000831,20000831,0,0,0,0,0,"",0,0
"Zoetermeer","","74","Stichting","94911","Religieuze organisaties","","","","","","",20000712,20000712,0,0,0,0,0,"",0,0
"Oud-Beijerland","H","41","Besloten vennootschap met gewone structuur","6420","Financiële holdings","","","","","","",20000831,20000831,20000907,20000831,20170711,0,0,"",2019,20200824
"Gouda","","74","Stichting","9103","Monumentenzorg","","","","","","",20000906,20000906,0,0,0,0,0,"",0,0
"Gouda","H","01","Eenmanszaak","69209","Overige administratiekantoren","70221","Organisatie-adviesbureaus","8211","Brede administratieve dienstverlening","N","N",0,0,20000907,19990101,0,0,20011231,"",0,0
"Werkendam","H","41","Besloten vennootschap met gewone structuur","2825","Verv. apparaten industriële koeltechniek","4614","HB mach./techn.ben./schepen/vliegtuigen","","","","",20081218,20081218,20050613,20000907,20220602,0,20081218,"",2020,20211026
"Rotterdam","H","01","Eenmanszaak","85592","Bedrijfsopleiding en -training","86919","Overige paramedische praktijken","","","N","N",0,0,20000907,20000907,20010101,0,0,"",0,0
"Vleuten","H","41","Besloten vennootschap met gewone structuur","4639","GH voedings-/genotmiddelen algemeen ass.","4632","GH vlees(waren)/wild en gev. (niet lev.)","","","N","N",20000825,20000825,20130329,20000825,20130325,0,0,"",2018,20200124
"Europoort Rotterdam","H","41","Besloten vennootschap met gewone structuur","6420","Financiële holdings","","","","","N","N",20000830,20000830,20010227,20000830,20170717,0,0,"",2020,20211125
"'s-Gravenhage","H","41","Besloten vennootschap met gewone structuur","69101","Advocatenkantoren, bewindv. en curatoren","","","","","N","N",20000830,20000830,20000905,20000830,20001001,0,0,"",2020,20211231
"Klazienaveen","H","01","Eenmanszaak","85522","Kunstzinnige vorming voor amateurs","","","","","N","N",0,0,20160804,20000905,20160711,0,0,"",0,0
"Naaldwijk","H","41","Besloten vennootschap met gewone structuur","70102","Holdings (geen financiële)","70221","Organisatie-adviesbureaus","","","N","N",20001003,20001003,20000905,20000818,20170524,0,20001003,"",2020,20210623
"Naaldwijk","H","41","Besloten vennootschap met gewone structuur","70221","Organisatie-adviesbureaus","78201","Uitzendbureaus","78202","Uitleenbureaus","N","N",20001013,20001013,20000905,20000818,20170524,0,20001013,"",2020,20210623
"Rotterdam","H","41","Besloten vennootschap met gewone structuur","4110","Projectontwikkeling","","","","","N","N",20001013,20001013,20190131,20000818,20190130,0,20001013,"",2021,20220525
"Nootdorp","H","11","Vennootschap onder firma","7311","Reclamebureaus","70221","Organisatie-adviesbureaus","9003","Schrijven en overige scheppende kunst","N","N",20001014,0,20000907,20000907,0,0,20001014,"",0,0
"Pijnacker","H","41","Besloten vennootschap met gewone structuur","70102","Holdings (geen financiële)","","","","","N","N",20000901,20000901,20000907,20000901,20060116,0,0,"",2020,20211028
"Noordwijkerhout","H","41","Besloten vennootschap met gewone structuur","4773","Apotheken","","","","","N","N",20000829,20000829,20000906,20000829,20210202,0,0,"",2020,20210410
"Leimuiden","H","41","Besloten vennootschap met gewone structuur","4120","Algemene burgerlijke en utiliteitsbouw","","","","","N","N",20000704,20000704,20000906,19850801,0,0,20000704,"",2020,20211014
"Uithoorn","H","41","Besloten vennootschap met gewone structuur","6420","Financiële holdings","","","","","N","N",20010227,20010227,20090629,20000823,20100101,0,20010227,"",2020,20211130
"Alphen aan den Rijn","H","01","Eenmanszaak","4120","Algemene burgerlijke en utiliteitsbouw","","","","","N","N",0,0,20000906,20000906,20200624,0,0,"",0,0
"Sassenheim","H","41","Besloten vennootschap met gewone structuur","6810","Handel in eigen onroerend goed","","","","","N","N",20000829,20000829,20000907,20000829,20050125,0,0,"",2020,20210429
"Lisse","H","01","Eenmanszaak","6831","Bemidd. bij handel/huur/verhuur onr.goed","4110","Projectontwikkeling","","","N","N",0,0,20000907,20000901,20160701,0,0,"",0,0
"Nieuwegein","H","01","Eenmanszaak","70221","Organisatie-adviesbureaus","4651","GH computers, randapparatuur en software","","","N","N",0,0,20000907,20000907,20050705,0,0,"",0,0
"Mijdrecht","H","41","Besloten vennootschap met gewone structuur","6420","Financiële holdings","","","","","","",20000823,20000823,20150612,20000823,20000823,0,0,"",2020,20210929
"Utrecht","H","01","Eenmanszaak","56102","Fastfoodrest, cafet, ijssal, eetkr e.d.","","","","","","",0,0,20000907,20000915,0,0,0,"",0,0
"Utrecht","H","41","Besloten vennootschap met gewone structuur","6420","Financiële holdings","","","","","","",20001129,20001129,20000907,20000101,20111128,0,20001129,"",2020,20211004
"Linschoten","","74","Stichting","66191","Admin.kantoren voor aandelen/obligaties","","","","","","",20000831,20000831,0,0,0,0,0,"",0,0
"Bilthoven","H","41","Besloten vennootschap met gewone structuur","52291","Expediteurs/cargadoors/bevrachters e.d.","78202","Uitleenbureaus","","","","",20000905,20000905,20090910,20000905,20090901,0,0,"",2021,20220201
"Kockengen","H","01","Eenmanszaak","70221","Organisatie-adviesbureaus","7112","Ingenieurs/overig techn. ontwerp/advies","71202","Keuring/controle mach./app./materialen","","",0,0,20000907,20000815,20180428,0,0,"",0,0
"Bunschoten-Spakenburg","","71","Vereniging met volledige rechtsbevoegdheid","94992","Hobbyclubs","","","","","","",19740301,20000623,0,0,0,0,0,"",0,0
"Hilversum","H","01","Eenmanszaak","4120","Algemene burgerlijke en utiliteitsbouw","","","","","","",0,0,20000907,20000911,0,0,0,"",0,0
"Muiden","H","41","Besloten vennootschap met gewone structuur","6420","Financiële holdings","","","","","","",20000830,20000830,20121017,20000830,20210424,0,0,"",2020,20211213
"Zeist","H","41","Besloten vennootschap met gewone structuur","70221","Organisatie-adviesbureaus","64303","Beleggingsinst. met beperkte toetreding","","","","",20070330,20070330,20220301,20000911,20220301,0,20070330,"",2021,20220606
"Amsterdam","H","41","Besloten vennootschap met gewone structuur","68204","Verh. onroerend goed (niet v woonruimte)","6810","Handel in eigen onroerend goed","","","N","N",20000831,20000831,20011012,20000831,20130101,0,0,"",2021,20220603
"Eemnes","H","11","Vennootschap onder firma","7311","Reclamebureaus","","","","","","",20000901,0,20000907,20000901,20090116,0,0,"",0,0
"Hilversum","H","11","Vennootschap onder firma","8121","Interieurreiniging van gebouwen","81221","Glazenwassen","","","N","N",20030101,0,20000907,20000907,20171101,0,20030101,"",0,0
"Terheijden","H","01","Eenmanszaak","47914","Internethandel kleding, mode-artikelen","9609","Overige dienstverlening (rest)","47915","Internethandel huis- en tuinartikelen","N","N",0,0,20160907,20000901,20160831,0,0,"",0,0
"Amsterdam","H","01","Eenmanszaak","6201","Ontwikkelen/produceren/uitgeven software","","","","","N","N",0,0,20000907,20000901,20080101,0,0,"",0,0
"Amsterdam","H","01","Eenmanszaak","7112","Ingenieurs/overig techn. ontwerp/advies","","","","","N","N",0,0,20000906,20000906,0,0,0,"",0,0
"Heemskerk","H","41","Besloten vennootschap met gewone structuur","35112","Prod. elektriciteit door windenergie","","","","","N","N",20000906,20000906,20000907,20000906,0,0,0,"",2020,20211116
"Amsterdam","H","51","Naamloze vennootschap met gewone structuur","6420","Financiële holdings","","","","","N","N",20000906,20000906,20131210,20000906,20210215,0,0,"",2019,0
"Amsterdam","H","01","Eenmanszaak","93146","Sportscholen","85599","Studiebegeleiding/vorming/onderwijs","","","N","N",0,0,20000907,20000102,20150428,0,0,"",0,0
"Amsterdam","H","01","Eenmanszaak","3109","Vervaardiging van overige meubels","31011","Interieurbouw","74103","Interieur- en ruimtelijk ontwerp","J","J",0,0,20000907,20000801,20031201,0,0,"",0,0
"Amsterdam","H","01","Eenmanszaak","47892","Markthandel in tweedehands goederen","46435","Groothandel in beeld- en geluidsdragers","","","N","N",0,0,20000907,20000901,0,0,0,"",0,0
"Amstelveen","H","41","Besloten vennootschap met gewone structuur","70221","Organisatie-adviesbureaus","","","","","N","N",20000828,20000828,20000907,20000828,0,0,0,"",2021,20220131
"Gouda","H","01","Eenmanszaak","4782","Markthandel in textiel/kleding/schoeisel","","","","","N","N",0,0,20090408,20000801,20090402,0,0,"",0,0
"Abcoude","","71","Vereniging met volledige rechtsbevoegdheid","94991","Gezelligheidsverenigingen","","","","","","",19750917,20000829,0,0,0,0,0,"",0,0
"Amsterdam","H","01","Eenmanszaak","4932","Vervoer per taxi","","","","","N","N",0,0,20000907,20000907,20051101,0,0,"",0,0
"Haarlem","H","41","Besloten vennootschap met gewone structuur","7021","Adviesbureaus publ. relations en comm.","6202","Advisering ohgv informatietechnologie","","","N","N",20010508,20010508,20000907,20000901,0,0,20010508,"",2020,20220217
"Amsterdam","H","41","Besloten vennootschap met gewone structuur","2511","Verv. metalen constr.werken/delen ervan","46738","Groothandel gespec. in overige bouwmat.","","","N","N",20000907,20000907,20000907,20000907,20000907,0,0,"",2020,20210611
"Amsterdam","H","41","Besloten vennootschap met gewone structuur","46721","Groothandel in metaalertsen","","","","","J","J",20001013,20001013,20211122,20000906,20211101,0,20001013,"",2020,20210910
"Amsterdam","H","41","Besloten vennootschap met gewone structuur","6420","Financiële holdings","","","","","N","N",20000907,20000907,20000907,20000907,20000907,0,0,"",2020,20210611
"Bergen (NH)","H","41","Besloten vennootschap met gewone structuur","6420","Financiële holdings","","","","","","",20000829,20000829,20000906,20000829,20140925,0,0,"",2020,20211213
"Alkmaar","H","41","Besloten vennootschap met gewone structuur","6810","Handel in eigen onroerend goed","4110","Projectontwikkeling","","","N","N",20000905,20000905,20000907,20000905,20051221,0,0,"",2020,20211216
"Tuitjenhorn","","74","Stichting","88999","Overig maatsch.adv./gemeenschapshuizen","","","","","","",20000905,20000905,0,0,0,0,0,"",0,0
"Castricum","H","01","Eenmanszaak","4331","Stukadoren","","","","","","",0,0,20000907,20000106,0,0,0,"",0,0
"Castricum","H","01","Eenmanszaak","31011","Interieurbouw","4120","Algemene burgerlijke en utiliteitsbouw","4334","Schilderen en glaszetten","N","N",0,0,20000907,20000907,20060117,0,0,"",0,0
"Ochten","H","41","Besloten vennootschap met gewone structuur","46231","Groothandel in levend vee","","","","","J","J",20010509,20010509,20131101,20000905,20131031,0,20010509,"",2020,20210730
"Balk","H","41","Besloten vennootschap met gewone structuur","46231","Groothandel in levend vee","","","","","J","J",20010509,20010509,20000906,20000905,20050609,0,20010509,"",2020,20211020
"Drogeham","H","01","Eenmanszaak","96022","Schoonheidsverzorging/pedi-/manicures","","","","","","",0,0,20000908,20000904,0,0,0,"",0,0
"Sneek","H","01","Eenmanszaak","4333","Afwerking van vloeren en wanden","4120","Algemene burgerlijke en utiliteitsbouw","","","","",0,0,20000908,20000908,20031020,0,0,"",0,0
"Arum","H","01","Eenmanszaak","4614","HB mach./techn.ben./schepen/vliegtuigen","0162","Dienstverl. voor fokken en houden dieren","","","J","J",0,0,20000908,20000801,20140110,0,0,"",0,0
"De Westereen","H","01","Eenmanszaak","6831","Bemidd. bij handel/huur/verhuur onr.goed","","","","","","",0,0,20000908,20000901,20220503,0,0,"",0,0
"Hindeloopen","H","41","Besloten vennootschap met gewone structuur","6420","Financiële holdings","","","","","","",20000830,20000830,20000908,20000830,0,0,0,"",2020,20220215
"Bolsward","H","41","Besloten vennootschap met gewone structuur","70102","Holdings (geen financiële)","","","","","","",20000908,20000908,20000908,20000908,0,0,0,"",2020,20211220
"Balk","H","41","Besloten vennootschap met gewone structuur","70102","Holdings (geen financiële)","","","","","","",20000908,20000908,20000908,20000908,0,0,0,"",2020,20220419
"Voorburg","","74","Stichting","6420","Financiële holdings","","","","","","",20000823,20000823,0,0,0,0,0,"",0,0
"Waskemeer","H","11","Vennootschap onder firma","6201","Ontwikkelen/produceren/uitgeven software","","","","","","",20000901,0,20000911,20000901,0,0,0,"",0,0
"Damwâld","H","01","Eenmanszaak","4120","Algemene burgerlijke en utiliteitsbouw","7732","Verh./lease machines/instal.voor de bouw","","","","",0,0,20000911,20000901,20200601,0,20090801,"",0,0
"Koudum","H","01","Eenmanszaak","9511","Reparatie van computers/randapparatuur","6202","Advisering ohgv informatietechnologie","","","","",0,0,20000911,20000911,0,0,0,"",0,0
"Groningen","H","41","Besloten vennootschap met gewone structuur","6831","Bemidd. bij handel/huur/verhuur onr.goed","","","","","N","N",20000906,20000906,20000908,20000906,20010718,0,0,"",2021,20220614
"Zuidbroek","H","61","Coöperatie","5811","Uitgeverijen van boeken","46498","GH boeken/tijdschriften/overig drukwerk","5920","Maken en uitgeven van geluidsopnamen","","",20000904,20000904,20000908,20000904,20201024,0,0,"",0,0
"Wildervank","H","01","Eenmanszaak","7810","Arbeidsbemiddeling","9002","Dienstverlening voor uitvoerende kunst","","","N","N",0,0,20000908,20000908,20211204,0,0,"",0,0
"Winschoten","H","01","Eenmanszaak","7311","Reclamebureaus","46498","GH boeken/tijdschriften/overig drukwerk","47919","Internethandel alg.assortiment non-food","","",0,0,20000911,20000911,20060324,0,0,"",0,0
"Dokkum","H","01","Eenmanszaak","6622","Assurantietussenpersonen","","","","","","",0,0,20000911,20000911,20220418,0,0,"",0,0
"Leek","H","01","Eenmanszaak","6201","Ontwikkelen/produceren/uitgeven software","","","","","","",0,0,20000911,20000401,20200114,0,0,"",0,0
"Roosendaal","","74","Stichting","88999","Overig maatsch.adv./gemeenschapshuizen","","","","","","",20000908,20000908,0,0,0,0,0,"",0,0
"Gieten","H","41","Besloten vennootschap met gewone structuur","6420","Financiële holdings","","","","","","",20000908,20000908,20000911,20000908,20120101,0,0,"",2021,20220328
"Hollum","N","41","Besloten vennootschap met gewone structuur","6810","Handel in eigen onroerend goed","","","","","N","N",19590404,19590404,20000908,20000908,0,0,0,"",2020,20210719
"Ruinen","","71","Vereniging met volledige rechtsbevoegdheid","90011","Beoefening van podiumkunst","","","","","","",20000907,20000907,0,0,0,0,0,"",0,0
"Tuk","H","41","Besloten vennootschap met gewone structuur","47527","Winkels gespec. in ov. doe-het-zelf-art.","","","","","","",20011003,20011003,20050128,20000901,20050101,0,20011003,"",2020,20220531
"Hollandscheveld","H","41","Besloten vennootschap met gewone structuur","6420","Financiële holdings","","","","","","",20001002,20001002,20000908,20000901,0,0,20001002,"",2019,20220203
"Groningen","H","01","Eenmanszaak","70221","Organisatie-adviesbureaus","","","","","","",0,0,20000908,20000901,20080401,0,0,"",0,0
"Steenbergen","H","11","Vennootschap onder firma","0150","Akker-/tuinbouw icm fokken/houden dieren","","","","","N","N",20000101,0,20000911,20000101,0,0,0,"",0,0
"Assen","H","01","Eenmanszaak","7311","Reclamebureaus","2229","Verv. overige producten van kunststof","","","N","N",0,0,20000911,20000911,20150201,0,20010101,"",0,0
"Tynaarlo","H","01","Eenmanszaak","7490","Overige special. zakelijke dienstverl.","","","","","","",0,0,20000911,20000908,20171001,0,20031001,"",0,0
"Raalte","","71","Vereniging met volledige rechtsbevoegdheid","01499","Fokken en houden van overige dieren","","","","","","",19590701,0,0,0,0,0,0,"",0,0
"Tuk","H","01","Eenmanszaak","47793","Winkels tweedeh. goederen (geen kleding)","4120","Algemene burgerlijke en utiliteitsbouw","7112","Ingenieurs/overig techn. ontwerp/advies","","",0,0,20000908,20000915,0,0,0,"",0,0
"Rheezerveen","H","11","Vennootschap onder firma","43993","Metselen en voegen","","","","","","",20000911,0,20000908,20000911,20071015,0,0,"",0,0
"Ermelo","H","41","Besloten vennootschap met gewone structuur","6420","Financiële holdings","","","","","N","N",20000905,20000905,20000907,20000905,20050401,0,0,"",2020,20211104
"Barneveld","","74","Stichting","93299","Ov. recreatie (rest)(geen jachthavens)","","","","","","",20000821,20000821,0,0,0,0,0,"",0,0
"Empe","H","41","Besloten vennootschap met gewone structuur","6420","Financiële holdings","","","","","N","N",20000904,20000904,20000908,20000904,0,0,0,"",2020,20220531
"Harderwijk","H","41","Besloten vennootschap met gewone structuur","6420","Financiële holdings","","","","","N","N",20060925,20060925,20000908,20000601,20171101,0,20060925,"",2020,20210526
"Hengelo","H","41","Besloten vennootschap met gewone structuur","46473","Groothandel in verlichtingsartikelen","","","","","J","N",20060531,20060531,20000908,20000908,20040102,0,20060531,"",2020,20211104
"Arnhem","H","41","Besloten vennootschap met gewone structuur","3512","Beh./expl transp.netten el./gas/warm w.","","","","","N","N",20000907,20000907,20100122,20000907,20170109,0,0,"",2021,0
"Giessenburg","H","41","Besloten vennootschap met gewone structuur","6420","Financiële holdings","","","","","N","N",20000908,20000908,20121224,20000908,20190607,0,0,"",2019,20210520
"Enschede","H","01","Eenmanszaak","4120","Algemene burgerlijke en utiliteitsbouw","","","","","N","N",0,0,20000911,20000911,20040701,0,0,"",0,0
"Emst","H","41","Besloten vennootschap met gewone structuur","8211","Brede administratieve dienstverlening","","","","","N","N",20001222,20001222,20000911,20000901,0,0,20001222,"",2020,20220210
"Epe","H","11","Vennootschap onder firma","1013","Vleesverwerking (niet tot maaltijden)","47819","Markthandel overige voedings- en genotm.","4632","GH vlees(waren)/wild en gev. (niet lev.)","N","N",19940701,0,20000907,19520601,19990601,0,19940701,"",0,0
"Nijmegen","H","01","Eenmanszaak","45112","Handel/rep. personen-/lichte bedr.auto's","","","","","","",0,0,20000908,20000911,20080930,0,0,"",0,0
"Petten","H","01","Eenmanszaak","7311","Reclamebureaus","","","","","N","N",0,0,20130320,20000911,20200801,0,0,"",0,0
"Wehl","H","41","Besloten vennootschap met gewone structuur","6420","Financiële holdings","","","","","","",20000906,20000906,20000908,20000906,20080620,0,0,"",2021,20220328
"Arnhem","H","41","Besloten vennootschap met gewone structuur","3512","Beh./expl transp.netten el./gas/warm w.","","","","","N","N",20000907,20000907,20100122,20000907,20170109,0,0,"",2021,0
"'s-Heerenberg","","74","Stichting","69209","Overige administratiekantoren","","","","","","",20000904,20000904,0,0,0,0,0,"",0,0
"Druten","H","41","Besloten vennootschap met gewone structuur","7112","Ingenieurs/overig techn. ontwerp/advies","","","","","N","N",20050630,20050630,20180111,20000908,20121201,0,20050630,"",2021,20220210
"Harskamp","H","01","Eenmanszaak","01462","Vleesvarkensbedrijven","4120","Algemene burgerlijke en utiliteitsbouw","0161","Dienstverl. akker- en/of tuinbouw","","",0,0,20000908,20000901,0,0,0,"",0,0
"Wijchen","H","01","Eenmanszaak","43993","Metselen en voegen","","","","","N","N",0,0,20000908,20000911,20150831,0,0,"",0,0
"Wolfheze","H","41","Besloten vennootschap met gewone structuur","70221","Organisatie-adviesbureaus","","","","","","",20020314,20020314,20000908,20000908,20220124,0,20020314,"",2020,20211022
"Baarn","H","01","Eenmanszaak","85592","Bedrijfsopleiding en -training","70221","Organisatie-adviesbureaus","","","N","N",0,0,20170323,20000911,20170314,0,0,"",0,0
"Feanwâlden","H","01","Eenmanszaak","47783","Winkels in schilderijen/kunstvoorwerpen","","","","","","",0,0,20210414,20000801,20210401,0,0,"",0,0
"Doetinchem","","72","Vereniging met beperkte rechtsbevoegdheid","64303","Beleggingsinst. met beperkte toetreding","","","","","","",20000101,0,0,0,0,0,0,"",0,0
"Gorinchem","H","72","Vereniging met beperkte rechtsbevoegdheid","68204","Verh. onroerend goed (niet v woonruimte)","","","","","","",18950101,0,20000908,20000908,0,0,0,"",0,0
"Tiel","H","41","Besloten vennootschap met gewone structuur","7112","Ingenieurs/overig techn. ontwerp/advies","4222","Leggen van elektr.-/telecom.kabels","78202","Uitleenbureaus","N","N",20001013,20001013,20140412,20000911,20090226,0,20001013,"",2020,20210717
"Hoenzadriel","H","41","Besloten vennootschap met gewone structuur","6832","Beheer van onroerend goed","","","","","","",20060720,20060720,20000911,20000901,20050101,0,20060720,"",2020,20210722
"Ingen","H","01","Eenmanszaak","4334","Schilderen en glaszetten","","","","","","",0,0,20000911,20000918,20010831,0,0,"",0,0
"Culemborg","H","41","Besloten vennootschap met gewone structuur","70102","Holdings (geen financiële)","","","","","","",20000908,20000908,20000911,20000908,20190701,0,0,"",2021,20220408
"Ammerzoden","H","41","Besloten vennootschap met gewone structuur","7311","Reclamebureaus","","","","","N","N",20060531,20060531,20140412,20000801,0,0,20060531,"",2020,20210927
"Gennep","","71","Vereniging met volledige rechtsbevoegdheid","94992","Hobbyclubs","","","","","","",20000817,20000817,0,0,0,0,0,"",0,0
"Helden","","74","Stichting","94993","Steunfondsen (niet ohgv welzijnszorg)","","","","","","",20000731,20000731,0,0,0,0,0,"",0,0
"Grubbenvorst","","74","Stichting","9103","Monumentenzorg","","","","","","",20000828,20000828,0,0,0,0,0,"",0,0
"Venlo","H","11","Vennootschap onder firma","47899","Markthandel in overige goederen","","","","","N","N",20000801,0,20000911,20000801,0,0,0,"",0,0
"Maastricht-Airport","H","41","Besloten vennootschap met gewone structuur","45204","Carrosserieherstel","45203","Reparatie van specifieke auto-onderdelen","45112","Handel/rep. personen-/lichte bedr.auto's","J","J",19981207,19981207,20000907,20000101,0,0,0,"",2022,0
"Schinnen","","74","Stichting","93299","Ov. recreatie (rest)(geen jachthavens)","","","","","","",20000828,20000828,0,0,0,0,0,"",0,0
"Brunssum","","74","Stichting","94993","Steunfondsen (niet ohgv welzijnszorg)","","","","","","",20000822,20000822,0,0,0,0,0,"",0,0
"Cadier en Keer","H","41","Besloten vennootschap met gewone structuur","70102","Holdings (geen financiële)","70221","Organisatie-adviesbureaus","","","N","N",20000901,20000901,20000908,20000901,0,0,0,"",2021,20220323
"Maastricht","H","41","Besloten vennootschap met gewone structuur","70102","Holdings (geen financiële)","","","","","N","N",20000531,20000531,20000908,20000531,20050501,0,0,"",2021,20220511
"'s-Hertogenbosch","H","01","Eenmanszaak","70221","Organisatie-adviesbureaus","","","","","N","N",0,0,20000905,20000904,20061214,0,0,"",0,0
"Heusden","H","41","Besloten vennootschap met gewone structuur","43222","Inst. verwarmings-/luchtbehandelingsapp.","4321","Elektrotechnische bouwinstallatie","","","","",20000830,20000830,20000905,19830131,20181001,0,20000830,"",2021,20220216
"Odiliapeel","H","41","Besloten vennootschap met gewone structuur","6420","Financiële holdings","","","","","","",20000901,20000901,20000905,20000901,0,0,0,"",2021,20220616
"'s-Hertogenbosch","","74","Stichting","66191","Admin.kantoren voor aandelen/obligaties","","","","","","",20000831,20000831,0,0,0,0,0,"",0,0
"Maarssen","H","41","Besloten vennootschap met gewone structuur","6201","Ontwikkelen/produceren/uitgeven software","","","","","","",20041014,20041014,20040921,20000901,20040901,0,20041014,"",2020,20220602
"Hoofddorp","H","41","Besloten vennootschap met gewone structuur","85592","Bedrijfsopleiding en -training","7810","Arbeidsbemiddeling","7490","Overige special. zakelijke dienstverl.","N","N",20000925,20000925,20130627,20000701,20200728,0,20000925,"",2021,20220406
"Best","","74","Stichting","88993","Lokaal welzijnswerk","","","","","","",20000904,20000904,0,0,0,0,0,"",0,0
"Best","H","01","Eenmanszaak","4120","Algemene burgerlijke en utiliteitsbouw","","","","","N","N",0,0,20000907,20000907,20161230,0,0,"",0,0
"Knegsel","","71","Vereniging met volledige rechtsbevoegdheid","88993","Lokaal welzijnswerk","","","","","","",19651001,20000830,0,0,0,0,0,"",0,0
"Son en Breugel","H","01","Eenmanszaak","2562","Algemene metaalbewerking","","","","","N","N",0,0,20000908,20000908,20121001,0,0,"",0,0
"'s-Hertogenbosch","H","01","Eenmanszaak","47761","Winkels bloemen/planten/zaden/tuinbenod.","","","","","","",0,0,20000907,20000826,0,0,0,"",0,0
"'s-Hertogenbosch","H","11","Vennootschap onder firma","7311","Reclamebureaus","","","","","N","N",20020101,0,20000908,20000908,20141201,0,20020101,"",0,0
"Uden","H","41","Besloten vennootschap met gewone structuur","8621","Praktijken van huisartsen","66292","Pensioenadv.bureaus/beheer pensioenverm.","70102","Holdings (geen financiële)","N","N",20020515,20020515,20000907,20000906,0,0,20020515,"",2020,20210721
"Best","H","41","Besloten vennootschap met gewone structuur","6420","Financiële holdings","","","","","N","N",20000823,20000823,20000905,20000823,20161101,0,0,"",2020,20220502
"Eindhoven","H","41","Besloten vennootschap met gewone structuur","6420","Financiële holdings","","","","","","",20000901,20000901,20000907,20000901,20200812,0,0,"",2020,20211103
"Ouddorp","H","41","Besloten vennootschap met gewone structuur","69202","Accountants-administratieconsulenten","","","","","N","N",20000905,20000905,20211210,20000905,20210802,0,0,"",2020,20210313
"Helmond","H","41","Besloten vennootschap met gewone structuur","6420","Financiële holdings","","","","","N","N",20000828,20000828,20000905,20000828,20170720,0,0,"",2020,20210621
"Nuenen","H","41","Besloten vennootschap met gewone structuur","6420","Financiële holdings","","","","","","",20000831,20000831,20000907,20000831,0,0,0,"",2020,20220321
"Budel-Schoot","","71","Vereniging met volledige rechtsbevoegdheid","94991","Gezelligheidsverenigingen","","","","","","",20000609,20000609,0,0,0,0,0,"",0,0
"Bakel","","72","Vereniging met beperkte rechtsbevoegdheid","64303","Beleggingsinst. met beperkte toetreding","","","","","","",19910522,0,0,0,0,0,0,"",0,0
"Asten","H","11","Vennootschap onder firma","01411","Houden van melkvee","","","","","","",20000101,0,20000908,19770501,0,0,20000101,"",0,0
"Nistelrode","","71","Vereniging met volledige rechtsbevoegdheid","94991","Gezelligheidsverenigingen","","","","","","",20000906,20000906,0,0,0,0,0,"",0,0
"Hoofddorp","H","41","Besloten vennootschap met gewone structuur","70221","Organisatie-adviesbureaus","6420","Financiële holdings","","","","",20000926,20000926,20100216,20000907,20200601,0,20000926,"",2020,20211020
"Someren","H","01","Eenmanszaak","4312","Grondverzet","","","","","","",0,0,20000911,20000918,20061201,0,0,"",0,0
"Heeswijk-Dinther","H","01","Eenmanszaak","4321","Elektrotechnische bouwinstallatie","","","","","N","N",0,0,20000908,20000901,20040101,0,0,"",0,0
"Eindhoven","H","01","Eenmanszaak","45112","Handel/rep. personen-/lichte bedr.auto's","","","","","N","N",0,0,20000911,20000918,0,0,0,"",0,0
"Schijndel","H","11","Vennootschap onder firma","47712","Winkels in dameskleding","","","","","N","N",20071128,0,20000911,20000911,20210601,0,20071128,"",0,0
"Beek en Donk","H","01","Eenmanszaak","4120","Algemene burgerlijke en utiliteitsbouw","4331","Stukadoren","","","","",0,0,20000911,20000915,20170901,0,0,"",0,0
"Eindhoven","H","01","Eenmanszaak","4619","Niet-gespecialiseerde handelsbemiddeling","","","","","J","J",0,0,20000911,20000905,20120601,0,20040101,"",0,0
"Boxmeer","","72","Vereniging met beperkte rechtsbevoegdheid","64303","Beleggingsinst. met beperkte toetreding","","","","","","",19900101,0,0,0,0,0,0,"",0,0
"Riethoven","H","41","Besloten vennootschap met gewone structuur","6201","Ontwikkelen/produceren/uitgeven software","","","","","N","J",20001227,20001227,20000911,20000911,20171224,0,20001227,"",2020,20210921
"'s-Gravenhage","N","41","Besloten vennootschap met gewone structuur","47525","Winkels in keukens","","","","","","",19981214,19981214,20000907,20000301,20110308,0,0,"",2020,0
"Son en Breugel","N","41","Besloten vennootschap met gewone structuur","47525","Winkels in keukens","","","","","","",19981214,19981214,20000907,19980413,20121130,0,20000401,"",2020,0
"Kaatsheuvel","N","41","Besloten vennootschap met gewone structuur","47525","Winkels in keukens","","","","","","",19981214,19981214,20000907,20000501,0,0,0,"",2020,0
"Breda","N","41","Besloten vennootschap met gewone structuur","47525","Winkels in keukens","","","","","","",19981214,19981214,20000907,20000501,0,0,0,"",2020,0
"Udenhout","H","01","Eenmanszaak","86919","Overige paramedische praktijken","","","","","","",0,0,20000907,20000807,0,0,0,"",0,0
"Oosterhout","H","41","Besloten vennootschap met gewone structuur","4651","GH computers, randapparatuur en software","","","","","","",20010108,20010108,20040517,20000809,20040313,0,20010108,"",2019,20210624
"Haarlem","H","41","Besloten vennootschap met gewone structuur","6201","Ontwikkelen/produceren/uitgeven software","6202","Advisering ohgv informatietechnologie","70102","Holdings (geen financiële)","","",20010108,20010108,20201125,20000809,20201124,0,20010108,"",2020,20210414
"Babyloniënbroek","H","01","Eenmanszaak","7112","Ingenieurs/overig techn. ontwerp/advies","93127","Auto- en motorsport","6201","Ontwikkelen/produceren/uitgeven software","","",0,0,20000908,20000908,20070105,0,0,"",0,0
"Tilburg","H","41","Besloten vennootschap met gewone structuur","70102","Holdings (geen financiële)","","","","","","",20001110,20001110,20000908,20000908,20050701,0,20001110,"",2019,20210914
"Tilburg","H","41","Besloten vennootschap met gewone structuur","6201","Ontwikkelen/produceren/uitgeven software","6311","Gegevensverw./webhosting/aanverw. activ.","","","","",20001110,20001110,20000908,20000908,20151202,0,20001110,"",2017,20190308
"Alphen","H","01","Eenmanszaak","96022","Schoonheidsverzorging/pedi-/manicures","","","","","","",0,0,20071222,20000915,0,0,0,"",0,0
"Waalwijk","H","01","Eenmanszaak","86919","Overige paramedische praktijken","91022","Kunstgalerieën en -expositieruimten","74201","Fotografie","","",0,0,20170814,20000101,20181207,0,0,"",0,0
"Tilburg","H","01","Eenmanszaak","78201","Uitzendbureaus","69203","Boekhoudkantoren","45112","Handel/rep. personen-/lichte bedr.auto's","J","J",0,0,20000911,20000911,20141111,0,0,"",0,0
"Tilburg","H","11","Vennootschap onder firma","4120","Algemene burgerlijke en utiliteitsbouw","","","","","N","N",20000911,0,20000911,20000911,20020916,0,0,"",0,0
"Uden","H","41","Besloten vennootschap met gewone structuur","4532","DH in auto-onderdelen en -accessoires","45203","Reparatie van specifieke auto-onderdelen","","","","",20001026,20001026,20001116,20000901,20050520,0,20001026,"",2020,20220519
"Berkel-Enschot","H","41","Besloten vennootschap met gewone structuur","70102","Holdings (geen financiële)","","","","","N","N",20001006,20001006,20000911,20000901,0,0,20001006,"",2020,20210414
"Almkerk","H","01","Eenmanszaak","7112","Ingenieurs/overig techn. ontwerp/advies","2511","Verv. metalen constr.werken/delen ervan","1392","Verv. geconfectioneerde art. van textiel","N","N",0,0,20000911,20000911,20151109,0,0,"",0,0
"St. Willebrord","H","01","Eenmanszaak","4321","Elektrotechnische bouwinstallatie","","","","","","",0,0,20000908,20000908,20191115,0,0,"",0,0
"Schijf","H","01","Eenmanszaak","4332","Bouwtimmeren","","","","","","",0,0,20000908,20000908,20080901,0,0,"",0,0
"Roosendaal","H","21","Commanditaire vennootschap","70222","Advisering ohgv management/bedrijfsv.","6622","Assurantietussenpersonen","66193","Hypotheek-/kredietbem./bankagentschappen","","",20000908,0,20000908,20000908,20040226,0,0,"",0,0
"Tilburg","H","41","Besloten vennootschap met gewone structuur","93112","Sporthallen, sportzalen en gymzalen","5630","Cafés","","","","",20001020,20001020,20151209,19930800,20151127,0,20001020,"",2019,20210223
"Oosterhout","H","01","Eenmanszaak","9003","Schrijven en overige scheppende kunst","","","","","N","N",0,0,20070801,20000908,20070801,0,0,"",0,0
"Prinsenbeek","H","41","Besloten vennootschap met gewone structuur","6420","Financiële holdings","","","","","","",20000830,20000830,20000908,20000830,0,0,0,"",2021,20220505
"Oud Gastel","H","01","Eenmanszaak","70221","Organisatie-adviesbureaus","45112","Handel/rep. personen-/lichte bedr.auto's","45194","Handel in en reparatie van caravans","","",0,0,20000908,20000908,20060807,0,0,"",0,0
"Vlaardingen","H","41","Besloten vennootschap met gewone structuur","69209","Overige administratiekantoren","78201","Uitzendbureaus","43991","Heien en andere funderingswerkzaamheden","","",20000925,20000925,20070122,20000101,20210501,0,20000925,"",2019,20210520
"Roosendaal","","74","Stichting","93145","Denksport","","","","","","",20000824,20000824,0,0,0,0,0,"",0,0
"Bergen op Zoom","","72","Vereniging met beperkte rechtsbevoegdheid","94997","Overige belangenbehartiging (rest)","","","","","","",19990225,0,0,0,0,0,0,"",0,0
"St. Willebrord","H","41","Besloten vennootschap met gewone structuur","70102","Holdings (geen financiële)","78202","Uitleenbureaus","74103","Interieur- en ruimtelijk ontwerp","","",20001031,20001031,20000911,20000825,0,0,20001031,"",2010,20120127
"Waarde","H","01","Eenmanszaak","4120","Algemene burgerlijke en utiliteitsbouw","","","","","N","N",0,0,20000908,20000908,20080701,0,0,"",0,0
"Yerseke","H","01","Eenmanszaak","47513","Winkels breiwol/handwerken/fournituren","47511","Winkels in kledingsstoffen","47542","Winkels in naai- en breimachines","N","N",0,0,20000908,20000908,0,0,0,"",0,0
"Aardenburg","","74","Stichting","94996","Overige ideële organisaties (rest)","","","","","","",20000907,20000907,0,0,0,0,0,"",0,0
"Zuidzande","H","01","Eenmanszaak","7311","Reclamebureaus","","","","","N","N",0,0,20000908,20000901,20020920,0,0,"",0,0
